Id,L0_S0_F0,L0_S0_F2,L0_S0_F4,L0_S0_F6,L0_S0_F8,L0_S0_F10,L0_S0_F12,L0_S0_F14,L0_S0_F16,L0_S0_F18,L0_S0_F20,L0_S0_F22,L0_S1_F24,L0_S1_F28,L0_S2_F32,L0_S2_F36,L0_S2_F40,L0_S2_F44,L0_S2_F48,L0_S2_F52,L0_S2_F56,L0_S2_F60,L0_S2_F64,L0_S3_F68,L0_S3_F72,L0_S3_F76,L0_S3_F80,L0_S3_F84,L0_S3_F88,L0_S3_F92,L0_S3_F96,L0_S3_F100,L0_S4_F104,L0_S4_F109,L0_S5_F114,L0_S5_F116,L0_S6_F118,L0_S6_F122,L0_S6_F132,L0_S7_F136,L0_S7_F138,L0_S7_F142,L0_S8_F144,L0_S8_F146,L0_S8_F149,L0_S9_F155,L0_S9_F160,L0_S9_F165,L0_S9_F170,L0_S9_F175,L0_S9_F180,L0_S9_F185,L0_S9_F190,L0_S9_F195,L0_S9_F200,L0_S9_F205,L0_S9_F210,L0_S10_F219,L0_S10_F224,L0_S10_F229,L0_S10_F234,L0_S10_F239,L0_S10_F244,L0_S10_F249,L0_S10_F254,L0_S10_F259,L0_S10_F264,L0_S10_F269,L0_S10_F274,L0_S11_F282,L0_S11_F286,L0_S11_F290,L0_S11_F294,L0_S11_F298,L0_S11_F302,L0_S11_F306,L0_S11_F310,L0_S11_F314,L0_S11_F318,L0_S11_F322,L0_S11_F326,L0_S12_F330,L0_S12_F332,L0_S12_F334,L0_S12_F336,L0_S12_F338,L0_S12_F340,L0_S12_F342,L0_S12_F344,L0_S12_F346,L0_S12_F348,L0_S12_F350,L0_S12_F352,L0_S13_F354,L0_S13_F356,L0_S14_F358,L0_S14_F362,L0_S14_F366,L0_S14_F370,L0_S14_F374,L0_S14_F378,L0_S14_F382,L0_S14_F386,L0_S14_F390,L0_S15_F394,L0_S15_F397,L0_S15_F400,L0_S15_F403,L0_S15_F406,L0_S15_F409,L0_S15_F412,L0_S15_F415,L0_S15_F418,L0_S16_F421,L0_S16_F426,L0_S17_F431,L0_S17_F433,L0_S18_F435,L0_S18_F439,L0_S18_F449,L0_S19_F453,L0_S19_F455,L0_S19_F459,L0_S20_F461,L0_S20_F463,L0_S20_F466,L0_S21_F472,L0_S21_F477,L0_S21_F482,L0_S21_F487,L0_S21_F492,L0_S21_F497,L0_S21_F502,L0_S21_F507,L0_S21_F512,L0_S21_F517,L0_S21_F522,L0_S21_F527,L0_S21_F532,L0_S21_F537,L0_S22_F546,L0_S22_F551,L0_S22_F556,L0_S22_F561,L0_S22_F566,L0_S22_F571,L0_S22_F576,L0_S22_F581,L0_S22_F586,L0_S22_F591,L0_S22_F596,L0_S22_F601,L0_S22_F606,L0_S22_F611,L0_S23_F619,L0_S23_F623,L0_S23_F627,L0_S23_F631,L0_S23_F635,L0_S23_F639,L0_S23_F643,L0_S23_F647,L0_S23_F651,L0_S23_F655,L0_S23_F659,L0_S23_F663,L0_S23_F667,L0_S23_F671,L1_S24_F679,L1_S24_F683,L1_S24_F687,L1_S24_F691,L1_S24_F700,L1_S24_F719,L1_S24_F728,L1_S24_F733,L1_S24_F746,L1_S24_F751,L1_S24_F756,L1_S24_F761,L1_S24_F766,L1_S24_F775,L1_S24_F780,L1_S24_F785,L1_S24_F790,L1_S24_F795,L1_S24_F800,L1_S24_F802,L1_S24_F806,L1_S24_F808,L1_S24_F810,L1_S24_F812,L1_S24_F814,L1_S24_F816,L1_S24_F829,L1_S24_F834,L1_S24_F839,L1_S24_F844,L1_S24_F857,L1_S24_F862,L1_S24_F867,L1_S24_F872,L1_S24_F877,L1_S24_F882,L1_S24_F887,L1_S24_F892,L1_S24_F897,L1_S24_F902,L1_S24_F907,L1_S24_F920,L1_S24_F925,L1_S24_F930,L1_S24_F935,L1_S24_F948,L1_S24_F953,L1_S24_F958,L1_S24_F963,L1_S24_F968,L1_S24_F973,L1_S24_F978,L1_S24_F983,L1_S24_F988,L1_S24_F993,L1_S24_F998,L1_S24_F1000,L1_S24_F1002,L1_S24_F1004,L1_S24_F1006,L1_S24_F1008,L1_S24_F1010,L1_S24_F1012,L1_S24_F1014,L1_S24_F1016,L1_S24_F1021,L1_S24_F1026,L1_S24_F1031,L1_S24_F1036,L1_S24_F1041,L1_S24_F1046,L1_S24_F1051,L1_S24_F1056,L1_S24_F1068,L1_S24_F1072,L1_S24_F1079,L1_S24_F1083,L1_S24_F1087,L1_S24_F1094,L1_S24_F1098,L1_S24_F1102,L1_S24_F1106,L1_S24_F1110,L1_S24_F1118,L1_S24_F1122,L1_S24_F1126,L1_S24_F1130,L1_S24_F1134,L1_S24_F1145,L1_S24_F1148,L1_S24_F1161,L1_S24_F1166,L1_S24_F1170,L1_S24_F1172,L1_S24_F1174,L1_S24_F1176,L1_S24_F1180,L1_S24_F1184,L1_S24_F1197,L1_S24_F1202,L1_S24_F1207,L1_S24_F1212,L1_S24_F1225,L1_S24_F1230,L1_S24_F1235,L1_S24_F1240,L1_S24_F1245,L1_S24_F1250,L1_S24_F1255,L1_S24_F1260,L1_S24_F1265,L1_S24_F1270,L1_S24_F1275,L1_S24_F1288,L1_S24_F1293,L1_S24_F1298,L1_S24_F1303,L1_S24_F1316,L1_S24_F1321,L1_S24_F1326,L1_S24_F1331,L1_S24_F1336,L1_S24_F1341,L1_S24_F1346,L1_S24_F1351,L1_S24_F1356,L1_S24_F1361,L1_S24_F1366,L1_S24_F1371,L1_S24_F1376,L1_S24_F1381,L1_S24_F1386,L1_S24_F1391,L1_S24_F1396,L1_S24_F1401,L1_S24_F1406,L1_S24_F1411,L1_S24_F1416,L1_S24_F1421,L1_S24_F1426,L1_S24_F1431,L1_S24_F1436,L1_S24_F1441,L1_S24_F1446,L1_S24_F1451,L1_S24_F1463,L1_S24_F1467,L1_S24_F1474,L1_S24_F1478,L1_S24_F1482,L1_S24_F1486,L1_S24_F1490,L1_S24_F1494,L1_S24_F1498,L1_S24_F1502,L1_S24_F1506,L1_S24_F1512,L1_S24_F1514,L1_S24_F1516,L1_S24_F1518,L1_S24_F1520,L1_S24_F1539,L1_S24_F1544,L1_S24_F1565,L1_S24_F1567,L1_S24_F1569,L1_S24_F1571,L1_S24_F1573,L1_S24_F1575,L1_S24_F1578,L1_S24_F1581,L1_S24_F1594,L1_S24_F1599,L1_S24_F1604,L1_S24_F1609,L1_S24_F1622,L1_S24_F1627,L1_S24_F1632,L1_S24_F1637,L1_S24_F1642,L1_S24_F1647,L1_S24_F1652,L1_S24_F1657,L1_S24_F1662,L1_S24_F1667,L1_S24_F1672,L1_S24_F1685,L1_S24_F1690,L1_S24_F1695,L1_S24_F1700,L1_S24_F1713,L1_S24_F1718,L1_S24_F1723,L1_S24_F1728,L1_S24_F1733,L1_S24_F1738,L1_S24_F1743,L1_S24_F1748,L1_S24_F1753,L1_S24_F1758,L1_S24_F1763,L1_S24_F1768,L1_S24_F1773,L1_S24_F1778,L1_S24_F1783,L1_S24_F1788,L1_S24_F1793,L1_S24_F1798,L1_S24_F1803,L1_S24_F1808,L1_S24_F1810,L1_S24_F1812,L1_S24_F1814,L1_S24_F1816,L1_S24_F1818,L1_S24_F1820,L1_S24_F1822,L1_S24_F1824,L1_S24_F1829,L1_S24_F1831,L1_S24_F1834,L1_S24_F1836,L1_S24_F1838,L1_S24_F1840,L1_S24_F1842,L1_S24_F1844,L1_S24_F1846,L1_S24_F1848,L1_S24_F1850,L1_S25_F1855,L1_S25_F1858,L1_S25_F1865,L1_S25_F1869,L1_S25_F1873,L1_S25_F1877,L1_S25_F1881,L1_S25_F1885,L1_S25_F1890,L1_S25_F1892,L1_S25_F1894,L1_S25_F1896,L1_S25_F1900,L1_S25_F1909,L1_S25_F1914,L1_S25_F1919,L1_S25_F1924,L1_S25_F1929,L1_S25_F1938,L1_S25_F1943,L1_S25_F1948,L1_S25_F1953,L1_S25_F1958,L1_S25_F1963,L1_S25_F1968,L1_S25_F1973,L1_S25_F1978,L1_S25_F1987,L1_S25_F1992,L1_S25_F1997,L1_S25_F2002,L1_S25_F2007,L1_S25_F2016,L1_S25_F2021,L1_S25_F2026,L1_S25_F2031,L1_S25_F2036,L1_S25_F2041,L1_S25_F2046,L1_S25_F2051,L1_S25_F2056,L1_S25_F2061,L1_S25_F2066,L1_S25_F2071,L1_S25_F2076,L1_S25_F2081,L1_S25_F2086,L1_S25_F2091,L1_S25_F2096,L1_S25_F2101,L1_S25_F2106,L1_S25_F2111,L1_S25_F2116,L1_S25_F2121,L1_S25_F2126,L1_S25_F2131,L1_S25_F2136,L1_S25_F2144,L1_S25_F2147,L1_S25_F2152,L1_S25_F2155,L1_S25_F2158,L1_S25_F2161,L1_S25_F2164,L1_S25_F2167,L1_S25_F2170,L1_S25_F2173,L1_S25_F2176,L1_S25_F2181,L1_S25_F2184,L1_S25_F2187,L1_S25_F2190,L1_S25_F2193,L1_S25_F2196,L1_S25_F2199,L1_S25_F2202,L1_S25_F2207,L1_S25_F2210,L1_S25_F2217,L1_S25_F2220,L1_S25_F2223,L1_S25_F2226,L1_S25_F2231,L1_S25_F2233,L1_S25_F2237,L1_S25_F2239,L1_S25_F2241,L1_S25_F2243,L1_S25_F2245,L1_S25_F2247,L1_S25_F2249,L1_S25_F2258,L1_S25_F2263,L1_S25_F2268,L1_S25_F2273,L1_S25_F2278,L1_S25_F2287,L1_S25_F2292,L1_S25_F2297,L1_S25_F2302,L1_S25_F2307,L1_S25_F2312,L1_S25_F2317,L1_S25_F2322,L1_S25_F2327,L1_S25_F2336,L1_S25_F2341,L1_S25_F2346,L1_S25_F2351,L1_S25_F2356,L1_S25_F2365,L1_S25_F2370,L1_S25_F2375,L1_S25_F2380,L1_S25_F2385,L1_S25_F2390,L1_S25_F2395,L1_S25_F2400,L1_S25_F2405,L1_S25_F2408,L1_S25_F2411,L1_S25_F2414,L1_S25_F2417,L1_S25_F2420,L1_S25_F2423,L1_S25_F2426,L1_S25_F2429,L1_S25_F2431,L1_S25_F2433,L1_S25_F2435,L1_S25_F2437,L1_S25_F2439,L1_S25_F2441,L1_S25_F2443,L1_S25_F2449,L1_S25_F2451,L1_S25_F2454,L1_S25_F2456,L1_S25_F2458,L1_S25_F2460,L1_S25_F2462,L1_S25_F2464,L1_S25_F2466,L1_S25_F2468,L1_S25_F2472,L1_S25_F2475,L1_S25_F2478,L1_S25_F2481,L1_S25_F2484,L1_S25_F2487,L1_S25_F2490,L1_S25_F2493,L1_S25_F2498,L1_S25_F2500,L1_S25_F2504,L1_S25_F2506,L1_S25_F2508,L1_S25_F2510,L1_S25_F2512,L1_S25_F2514,L1_S25_F2516,L1_S25_F2525,L1_S25_F2530,L1_S25_F2535,L1_S25_F2540,L1_S25_F2545,L1_S25_F2554,L1_S25_F2559,L1_S25_F2564,L1_S25_F2569,L1_S25_F2574,L1_S25_F2579,L1_S25_F2584,L1_S25_F2589,L1_S25_F2594,L1_S25_F2603,L1_S25_F2608,L1_S25_F2613,L1_S25_F2618,L1_S25_F2623,L1_S25_F2632,L1_S25_F2637,L1_S25_F2642,L1_S25_F2647,L1_S25_F2652,L1_S25_F2657,L1_S25_F2662,L1_S25_F2667,L1_S25_F2672,L1_S25_F2677,L1_S25_F2682,L1_S25_F2687,L1_S25_F2692,L1_S25_F2697,L1_S25_F2702,L1_S25_F2707,L1_S25_F2712,L1_S25_F2714,L1_S25_F2716,L1_S25_F2718,L1_S25_F2720,L1_S25_F2722,L1_S25_F2724,L1_S25_F2726,L1_S25_F2732,L1_S25_F2734,L1_S25_F2737,L1_S25_F2739,L1_S25_F2741,L1_S25_F2743,L1_S25_F2745,L1_S25_F2747,L1_S25_F2749,L1_S25_F2751,L1_S25_F2755,L1_S25_F2758,L1_S25_F2761,L1_S25_F2764,L1_S25_F2767,L1_S25_F2770,L1_S25_F2773,L1_S25_F2776,L1_S25_F2781,L1_S25_F2783,L1_S25_F2787,L1_S25_F2789,L1_S25_F2791,L1_S25_F2793,L1_S25_F2795,L1_S25_F2797,L1_S25_F2799,L1_S25_F2808,L1_S25_F2813,L1_S25_F2818,L1_S25_F2823,L1_S25_F2828,L1_S25_F2837,L1_S25_F2842,L1_S25_F2847,L1_S25_F2852,L1_S25_F2857,L1_S25_F2862,L1_S25_F2867,L1_S25_F2872,L1_S25_F2877,L1_S25_F2886,L1_S25_F2891,L1_S25_F2896,L1_S25_F2901,L1_S25_F2906,L1_S25_F2915,L1_S25_F2920,L1_S25_F2925,L1_S25_F2930,L1_S25_F2935,L1_S25_F2940,L1_S25_F2945,L1_S25_F2950,L1_S25_F2955,L1_S25_F2960,L1_S25_F2965,L1_S25_F2970,L1_S25_F2975,L1_S25_F2980,L1_S25_F2985,L1_S25_F2990,L1_S25_F2995,L1_S25_F2997,L1_S25_F2999,L1_S25_F3001,L1_S25_F3003,L1_S25_F3005,L1_S25_F3007,L1_S25_F3009,L1_S25_F3015,L1_S25_F3017,L1_S25_F3020,L1_S25_F3022,L1_S25_F3024,L1_S25_F3026,L1_S25_F3028,L1_S25_F3030,L1_S25_F3032,L1_S25_F3034,L2_S26_F3036,L2_S26_F3040,L2_S26_F3047,L2_S26_F3051,L2_S26_F3055,L2_S26_F3062,L2_S26_F3069,L2_S26_F3073,L2_S26_F3077,L2_S26_F3106,L2_S26_F3113,L2_S26_F3117,L2_S26_F3121,L2_S26_F3125,L2_S27_F3129,L2_S27_F3133,L2_S27_F3140,L2_S27_F3144,L2_S27_F3148,L2_S27_F3155,L2_S27_F3162,L2_S27_F3166,L2_S27_F3170,L2_S27_F3199,L2_S27_F3206,L2_S27_F3210,L2_S27_F3214,L2_S27_F3218,L2_S28_F3222,L2_S28_F3226,L2_S28_F3233,L2_S28_F3237,L2_S28_F3241,L2_S28_F3248,L2_S28_F3255,L2_S28_F3259,L2_S28_F3263,L2_S28_F3292,L2_S28_F3299,L2_S28_F3303,L2_S28_F3307,L2_S28_F3311,L3_S29_F3315,L3_S29_F3318,L3_S29_F3321,L3_S29_F3324,L3_S29_F3327,L3_S29_F3330,L3_S29_F3333,L3_S29_F3336,L3_S29_F3339,L3_S29_F3342,L3_S29_F3345,L3_S29_F3348,L3_S29_F3351,L3_S29_F3354,L3_S29_F3357,L3_S29_F3360,L3_S29_F3367,L3_S29_F3370,L3_S29_F3373,L3_S29_F3376,L3_S29_F3379,L3_S29_F3382,L3_S29_F3385,L3_S29_F3388,L3_S29_F3395,L3_S29_F3398,L3_S29_F3401,L3_S29_F3404,L3_S29_F3407,L3_S29_F3412,L3_S29_F3421,L3_S29_F3424,L3_S29_F3427,L3_S29_F3430,L3_S29_F3433,L3_S29_F3436,L3_S29_F3439,L3_S29_F3442,L3_S29_F3449,L3_S29_F3452,L3_S29_F3455,L3_S29_F3458,L3_S29_F3461,L3_S29_F3464,L3_S29_F3467,L3_S29_F3470,L3_S29_F3473,L3_S29_F3476,L3_S29_F3479,L3_S29_F3482,L3_S29_F3485,L3_S29_F3488,L3_S29_F3491,L3_S30_F3494,L3_S30_F3499,L3_S30_F3504,L3_S30_F3509,L3_S30_F3514,L3_S30_F3519,L3_S30_F3524,L3_S30_F3529,L3_S30_F3534,L3_S30_F3539,L3_S30_F3544,L3_S30_F3549,L3_S30_F3554,L3_S30_F3559,L3_S30_F3564,L3_S30_F3569,L3_S30_F3574,L3_S30_F3579,L3_S30_F3584,L3_S30_F3589,L3_S30_F3594,L3_S30_F3599,L3_S30_F3604,L3_S30_F3609,L3_S30_F3614,L3_S30_F3619,L3_S30_F3624,L3_S30_F3629,L3_S30_F3634,L3_S30_F3639,L3_S30_F3644,L3_S30_F3649,L3_S30_F3654,L3_S30_F3659,L3_S30_F3664,L3_S30_F3669,L3_S30_F3674,L3_S30_F3679,L3_S30_F3684,L3_S30_F3689,L3_S30_F3694,L3_S30_F3699,L3_S30_F3704,L3_S30_F3709,L3_S30_F3714,L3_S30_F3719,L3_S30_F3724,L3_S30_F3729,L3_S30_F3734,L3_S30_F3739,L3_S30_F3744,L3_S30_F3749,L3_S30_F3754,L3_S30_F3759,L3_S30_F3764,L3_S30_F3769,L3_S30_F3774,L3_S30_F3779,L3_S30_F3784,L3_S30_F3789,L3_S30_F3794,L3_S30_F3799,L3_S30_F3804,L3_S30_F3809,L3_S30_F3814,L3_S30_F3819,L3_S30_F3824,L3_S30_F3829,L3_S31_F3834,L3_S31_F3838,L3_S31_F3842,L3_S31_F3846,L3_S32_F3850,L3_S33_F3855,L3_S33_F3857,L3_S33_F3859,L3_S33_F3861,L3_S33_F3863,L3_S33_F3865,L3_S33_F3867,L3_S33_F3869,L3_S33_F3871,L3_S33_F3873,L3_S34_F3876,L3_S34_F3878,L3_S34_F3880,L3_S34_F3882,L3_S35_F3884,L3_S35_F3889,L3_S35_F3894,L3_S35_F3896,L3_S35_F3898,L3_S35_F3903,L3_S35_F3908,L3_S35_F3913,L3_S36_F3918,L3_S36_F3920,L3_S36_F3922,L3_S36_F3924,L3_S36_F3926,L3_S36_F3930,L3_S36_F3934,L3_S36_F3938,L3_S37_F3944,L3_S37_F3946,L3_S37_F3948,L3_S37_F3950,L3_S38_F3952,L3_S38_F3956,L3_S38_F3960,L3_S39_F3964,L3_S39_F3968,L3_S39_F3972,L3_S39_F3976,L3_S40_F3980,L3_S40_F3982,L3_S40_F3984,L3_S40_F3986,L3_S40_F3988,L3_S40_F3990,L3_S40_F3992,L3_S40_F3994,L3_S41_F3996,L3_S41_F3998,L3_S41_F4000,L3_S41_F4002,L3_S41_F4004,L3_S41_F4006,L3_S41_F4008,L3_S41_F4011,L3_S41_F4014,L3_S41_F4016,L3_S41_F4018,L3_S41_F4020,L3_S41_F4023,L3_S41_F4026,L3_S43_F4060,L3_S43_F4065,L3_S43_F4070,L3_S43_F4075,L3_S43_F4080,L3_S43_F4085,L3_S43_F4090,L3_S43_F4095,L3_S44_F4100,L3_S44_F4103,L3_S44_F4106,L3_S44_F4109,L3_S44_F4112,L3_S44_F4115,L3_S44_F4118,L3_S44_F4121,L3_S45_F4124,L3_S45_F4126,L3_S45_F4128,L3_S45_F4130,L3_S45_F4132,L3_S47_F4138,L3_S47_F4143,L3_S47_F4148,L3_S47_F4153,L3_S47_F4158,L3_S47_F4163,L3_S47_F4168,L3_S47_F4173,L3_S47_F4178,L3_S47_F4183,L3_S47_F4188,L3_S48_F4193,L3_S48_F4196,L3_S48_F4198,L3_S48_F4200,L3_S48_F4202,L3_S48_F4204,L3_S49_F4206,L3_S49_F4211,L3_S49_F4216,L3_S49_F4221,L3_S49_F4226,L3_S49_F4231,L3_S49_F4236,L3_S50_F4241,L3_S50_F4243,L3_S50_F4245,L3_S50_F4247,L3_S50_F4249,L3_S50_F4251,L3_S50_F4253,L3_S51_F4256,L3_S51_F4258,L3_S51_F4260,L3_S51_F4262,Response
4,0.03,-0.034,-0.197,-0.179,0.118,0.116,-0.015,-0.032,0.02,0.083,-0.273,-0.273,-0.271,0.167,-0.213,-0.023,-0.192,-0.088,0.001,0,0.01,-0.223,-0.03,,,,,,,,,,-0.001,-0.004,,,,,,-0.164,-0.077,0.06,-0.157,0,0.001,,,,,,,,,,,,,,,,,,,,,,,,,0.018,-0.136,-0.013,0.106,-0.112,-0.131,-0.021,-0.097,0.26,0.012,-0.115,0.113,,,,,,,,,,,,,,,,,,,,,,,,,,,,,,,,,,,,,,,,,,,,,,,,,,,,,,,,,,,,,,,,,,,,,,,,,,,,,,,,,,,,,,,,,,,,,,,,,,,,,,,,,,,,,,,,,,,,,,,,,,,,,,,,,,,,,,,,,,,,,,,,,,,,,,,,,,,,,,,,,,,,,,,,,,,,,,,,,,,,,,,,,,,,,,,,,,,,,,,,,,,,,,,,,,,,,,,,,,,,,,,,,,,,,,,,,,,,,,,,,,,,,,,,,,,,,,,,,,,,,,,,,,,,,,,,,,,,,,,,,,,,,,,,,,,,,,,,,,,,,,,,,,,,,,,,,,,,,,,,,,,,,,,,,,,,,,,,,,,,,,,,,,,,,,,,,,,,,,,,,,,,,,,,,,,,,,,,,,,,,,,,,,,,,,,,,,,,,,,,,,,,,,,,,,,,,,,,,,,,,,,,,,,,,,,,,,,,,,,,,,,,,,,,,,,,,,,,,,,,,,,,,,,,,,,,,,,,,,,,,,,,,,,,,,,,,,,,,,,,,,,,,,,,,,,,,,,,,,,,,,,,,,,,,,,,,,,,,,,,,,,,,,,,,,,,,,,,,,,,,,,,,,,,,,,,,,,,,,,,,,,,,,,,,,,,,,,,,,,,,,,,,,,,,,,,,,,,,,,,,,,,,,,,,,,,,,,,,,,,,,,0.03,-0.047,-0.119,0.04,-0.067,-0.058,0.044,0.044,0.01,0.041,-0.072,-0.024,-0.026,-0.257,0.25,0.218,0.04,0.044,0.09,0.036,-0.117,0.054,-0.119,0.044,-0.024,0.218,-0.072,0.25,-0.702,-0.702,-0.047,-0.058,0.065,-0.069,-0.027,-0.058,0.03,-0.067,0.041,-0.257,0.01,-0.026,-0.24,0.52,-0.24,0.52,0.015,0.015,0.067,0,0,0,0,0.003,0.003,-0.003,0,-0.137,0.086,-0.006,-0.003,0.159,-0.137,-0.02,-0.006,-0.01,0.159,,,,,,,,,,,,,,,,,,,,,,,,,,,,,,,,,0,0,0,0,-0.177,-0.16,0.091,0.275,0.01,-0.007,0.038,0.013,0.019,0.013,-0.009,0.012,-0.01,-0.06,0.013,-0.027,0.013,0.005,0.002,0,-0.049,0.001,,-0.119,-0.102,-0.048,-0.119,-0.119,0.026,0,0,0,0,0,0,0,0,0,-0.009,-0.082,-0.022,0,0,0,0,,,,,,,,,0,0,0,0,,,,,,,,,,,,,,,,,,,,,,,,,,,,,,,,,,,,,,,,,,,,,,,,,,,,,,,,,,,,,,,,,,,,,,,,,,,,,,,,,,,,,,0
6,,,,,,,,,,,,,,,,,,,,,,,,,,,,,,,,,,,,,,,,,,,,,,,,,,,,,,,,,,,,,,,,,,,,,,,,,,,,,,,,,,0.096,0.076,-0.065,-0.136,0.169,0.231,-0.014,-0.072,-0.039,-0.029,-0.039,-0.039,0.019,-0.103,0.033,-0.088,0.066,-0.324,-0.005,0,0.043,-0.082,0.064,,,,,,,,,,0.04,0.032,,,-0.01,0.315,-0.046,,,,-0.197,0,0,-0.018,0.049,-0.022,-0.003,0.013,0.005,0.001,0.053,0.009,0.008,-0.134,-0.01,0.009,-0.001,,,,,,,,,,,,,,,,,,,,,,,,,,,,,,,,,,,,,,,,,,,,,,,,,,,,,,,,,,,,,,,,,,,,,,,,,,,,,,,,,,,,,,,,,,,,,,,,,,,,,,,,,,,,,,,,,,,,,,,,,,,,,,,,,,,,,,,,,,,,,,,,,,,,,,,,,,,,,,,,,,,,,,,,,,,,,,,,,,,,,,,,,,,,,,,,,,,,,,,,,,,,,,,,,,,,,,,,,,,,,,,,,,,,,,,,,,,,,,,,,,,,,,,,,,,,,,,,,,,,,,,,,,,,,,,,,,,,,,,,,,,,,,,,,,,,,,,,,,,,,,,,,,,,,,,,,,,,,,,,,,,,,,,,,,,,,,,,,,,,,,,,,,,,,,,,,,,,,,,,,,,,,,,,,,,,,,,,,,,,,,,,,,,,,,,,,,,,,,,,,,,,,,,,,,,,,,,,,,,,,,,,,,,,,,,,,,,,,,,,,,,,,,,,,,,,,,,,,,,,,,,,,,,,,,,,,,,,,,,,,,,,,,,,,,,,,,,,,,,,,,,,,,,,,,,,,,,,,,,,,,,,,,,,,,,,,,,,,,,,,,,,,,,,,,,,,,,,,,,,,,,,,,,,,,,,,,,,,,,,,,,,-0.084,-0.03,-0.127,-0.174,0.145,0.152,-0.006,-0.059,-0.064,-0.031,0.023,-0.01,0.113,0.238,-0.05,0.218,-0.174,-0.059,0.085,-0.015,-0.244,-0.05,-0.127,-0.006,-0.01,0.218,0.023,-0.05,0.082,0.082,-0.03,0.152,0.033,0.146,-0.022,0.152,-0.084,0.145,-0.031,0.238,-0.064,0.113,0.017,-0.48,0.017,-0.48,-0.019,-0.02,-0.071,0,0,0,0,-0.008,-0.008,-0.003,0.002,0.025,-0.046,-0.004,-0.003,0.039,0.025,0.03,-0.004,0.178,0.039,-0.003,0.016,0.033,0.255,-0.003,0.055,0,0,-0.002,0.06,0,0,-0.002,0.068,-0.008,0.049,-0.009,0.049,0,0,0.022,0.173,0.021,0.173,0.03,0.183,0,0,0.201,0.008,0,0,0,0,0,0,-0.055,-0.143,-0.079,-0.004,0.012,-0.024,-0.036,0.013,-0.017,0.013,0.011,0.014,0.001,-0.041,0.013,-0.019,0.013,-0.049,,,,,,-0.029,-0.026,-0.21,-0.029,-0.029,-0.047,0,0,0,0,0,0,0,0,0,-0.011,0.03,-0.028,0,0,0,0,,,,,,,,,0,0,0,0,,,,,,,,,,,,,,,,,,,,,,,,,,,,,,,,,,,,,,,,,,,,,,,,,,,,,,,,,,,,,,,,,,,,,,,,,,,,,,,,,,,,,,0
7,0.088,0.086,0.003,-0.052,0.161,0.025,-0.015,-0.072,-0.225,-0.147,0.25,0.25,0.057,-0.079,-0.013,0.011,0.008,-0.06,-0.005,0,0.01,-0.223,-0.077,,,,,,,,,,,,-0.073,0.138,-0.336,0.506,-0.13,,,,-0.157,0,0.001,,,,,,,,,,,,,-0.002,-0.047,0.018,0,-0.001,0.001,-0.009,-0.017,0.105,-0.001,0,0,,,,,,,,,,,,,,,,,,,,,,,,,,,,,,,,,,,,,,,,,,,,,,,,,,,,,,,,,,,,,,,,,,,,,,,,,,,,,,,,,,,,,,,,,,,,,,,,,,,,,,,,,,,,,,,,,,,,,,,,,,,,,,,,,,,,,,,,,,,,,,,,,,,,,,,,,,,,,,,,,,,,,,,,,,,,,,,,,,,,,,,,,,,,,,,,,,,,,,,,,,,,,,,,,,,,,,,,,,,,,,,,,,,,,,,,,,,,,,,,,,,,,,,,,,,,,,,,,,,,,,,,,,,,,,,,,,,,,,,,,,,,,,,,,,,,,,,,,,,,,,,,,,,,,,,,,,,,,,,,,,,,,,,,,,,,,,,,,,,,,,,,,,,,,,,,,,,,,,,,,,,,,,,,,,,,,,,,,,,,,,,,,,,,,,,,,,,,,,,,,,,,,,,,,,,,,,,,,,,,,,,,,,,,,,,,,,,,,,,,,,,,,,,,,,,,,,,,,,,,,,,,,,,,,,,,,,,,,,,,,,,,,,,,,,,,,,,,,,,,,,,,,,,,,,,,,,,,,,,,,,,,,,,,,,,,,,,,,,,,,,,,,,,,,,,,,,,,,,,,,,,,,,,,,,,,,,,,,,,,,,,,,,,,,,,,,,,,,,,,,,,,,,,,,,,,,,,,,,,,,,,,,,,,,,,,,,,,,,,,,,,,,,,,,,,,,,,0.049,-0.03,-0.099,0.07,0.014,0.004,0.006,0.064,0.04,-0.005,-0.129,-0.138,0.101,0.238,-0.017,-0.115,0.07,0.064,-0.223,0.023,0.223,0.047,-0.099,0.006,-0.138,-0.115,-0.129,-0.017,0.104,0.104,-0.03,0.004,0.071,0.014,-0.022,0.004,0.049,0.014,-0.005,0.238,0.04,0.101,0.017,-0.48,0.017,-0.48,-0.019,-0.009,-0.027,0,0,0,0,-0.009,-0.009,0.009,-0.003,0.025,0.007,0.001,0.009,-0.221,0.025,-0.013,0.001,-0.047,-0.221,0.009,0.016,-0.147,-0.078,0.001,-0.205,0,0,-0.016,-0.056,0,0,0.004,-0.01,-0.002,-0.041,-0.003,-0.041,0,0,0.012,-0.042,0.011,-0.042,-0.013,-0.042,0,0,0.054,0.007,0,0,0,0,0,0,-0.155,-0.044,0.059,0.063,0.006,-0.026,0.119,0.013,0.055,0.013,0.081,0.017,0.134,0.115,0.013,0.051,0.013,-0.069,,,,,,0.199,0.191,0.236,0.199,0.199,0.108,0,0,0,0,0,0,0,0,0,-0.036,0.03,-0.091,0,0,0,0,,,,,,,,,0,0,0,0,,,,,,,,,,,,,,,,,,,,,,,,,,,,,,,,,,,,,,,,,,,,,,,,,,,,,,,,,,,,,,,,,,,,,,,,,,,,,,,,,,,,,,0
9,-0.036,-0.064,0.294,0.33,0.074,0.161,0.022,0.128,-0.026,-0.046,-0.253,-0.253,0.147,-0.007,-0.013,0.12,0.008,-0.231,0.005,0,0.01,0.05,0.056,,,,,,,,,,-0.038,-0.001,,,,,,-0.164,0.402,-0.015,0.343,0,0.001,,,,,,,,,,,,,0.007,-0.049,0.02,0,-0.02,-0.013,-0.003,-0.032,0.139,0.001,0,0.002,,,,,,,,,,,,,,,,,,,,,,,,,,,,,,,,,,,,,,,,,,,,,,,,,,,,,,,,,,,,,,,,,,,,,,,,,,,,,,,,,,,,,,,,,,,,,,,,,,,,,,,,,,,,,,,,,,,,,,,,,,,,,,,,,,,,,,,,,,,,,,,,,,,,,,,,,,,,,,,,,,,,,,,,,,,,,,,,,,,,,,,,,,,,,,,,,,,,,,,,,,,,,,,,,,,,,,,,,,,,,,,,,,,,,,,,,,,,,,,,,,,,,,,,,,,,,,,,,,,,,,,,,,,,,,,,,,,,,,,,,,,,,,,,,,,,,,,,,,,,,,,,,,,,,,,,,,,,,,,,,,,,,,,,,,,,,,,,,,,,,,,,,,,,,,,,,,,,,,,,,,,,,,,,,,,,,,,,,,,,,,,,,,,,,,,,,,,,,,,,,,,,,,,,,,,,,,,,,,,,,,,,,,,,,,,,,,,,,,,,,,,,,,,,,,,,,,,,,,,,,,,,,,,,,,,,,,,,,,,,,,,,,,,,,,,,,,,,,,,,,,,,,,,,,,,,,,,,,,,,,,,,,,,,,,,,,,,,,,,,,,,,,,,,,,,,,,,,,,,,,,,,,,,,,,,,,,,,,,,,,,,,,,,,,,,,,,,,,,,,,,,,,,,,,,,,,,,,,,,,,,,,,,,,,,,,,,,,,,,,,,,,,,,,,,,,,,,-0.084,-0.139,-0.039,-0.207,0.024,0.025,0.038,-0.033,0.014,0.02,-0.066,-0.038,0.078,-0.099,-0.017,0.218,-0.207,-0.033,0.137,0.03,-0.263,-0.024,-0.039,0.038,-0.038,0.218,-0.066,-0.017,0.063,0.063,-0.139,0.025,0.033,0.024,-0.059,0.025,-0.084,0.024,0.02,-0.099,0.014,0.078,0.017,-0.48,0.017,-0.48,-0.028,-0.02,-0.043,0,0,0,0,0.014,0.014,-0.003,-0.002,0.106,0.164,-0.004,-0.003,0.079,0.106,0.029,-0.004,-0.033,0.079,-0.003,0.097,-0.054,0.013,-0.003,0.095,0,0,-0.051,-0.043,0,0,0.008,-0.014,-0.009,-0.016,-0.009,-0.016,0,0,-0.004,-0.055,-0.005,-0.055,0.029,-0.028,0,0,-0.045,0.022,0,0,0,0,0,0,0.125,0.147,-0.173,-0.156,0.013,0.022,0.028,0.013,0.013,0.013,0.005,0.014,0.027,0.057,0.013,0.025,0.013,-0.014,,,,,,0.017,0.031,0.165,0.017,0.017,0.035,0,0,0,0,0,0,0,0,,,,,,,,,-0.192,-0.03,-0.192,-0.03,0,0,0,0,0,0,0,0,,,,,,,,,,,,,,,,,,,,,,,,,,,,,,,,,,,,,,,,,,,,,,,,,,,,,,,,,,,,,,,,,,,,,,,,,,,,,,,,,,,,,,0
11,-0.055,-0.086,0.294,0.33,0.118,0.025,0.03,0.168,-0.169,-0.099,0.042,0.042,-0.012,-0.046,,,,,,,,,,0.009,-0.272,-0.051,0.037,0.004,0,-0.081,0.311,0.003,0.021,0.015,,,,,,-0.164,-0.083,0.014,-0.157,0,0.001,,,,,,,,,,,,,,,,,,,,,,,,,-0.122,-0.064,-0.011,-0.005,0.088,0.071,-0.154,0.238,-0.298,-0.172,0.123,-0.034,,,,,,,,,,,,,,,,,,,,,,,,,,,,,,,,,,,,,,,,,,,,,,,,,,,,,,,,,,,,,,,,,,,,,,,,,,,,,,,,,,,,,,,,,,,,,,,,,,,,,,,,,,,,,,,,,,,,,,,,,,,,,,,,,,,,,,,,,,,,,,,,,,,,,,,,,,,,,,,,,,,,,,,,,,,,,,,,,,,,,,,,,,,,,,,,,,,,,,,,,,,,,,,,,,,,,,,,,,,,,,,,,,,,,,,,,,,,,,,,,,,,,,,,,,,,,,,,,,,,,,,,,,,,,,,,,,,,,,,,,,,,,,,,,,,,,,,,,,,,,,,,,,,,,,,,,,,,,,,,,,,,,,,,,,,,,,,,,,,,,,,,,,,,,,,,,,,,,,,,,,,,,,,,,,,,,,,,,,,,,,,,,,,,,,,,,,,,,,,,,,,,,,,,,,,,,,,,,,,,,,,,,,,,,,,,,,,,,,,,,,,,,,,,,,,,,,,,,,,,,,,,,,,,,,,,,,,,,,,,,,,,,,,,,,,,,,,,,,,,,,,,,,,,,,,,,,,,,,,,,,,,,,,,,,,,,,,,,,,,,,,,,,,,,,,,,,,,,,,,,,,,,,,,,,,,,,,,,,,,,,,,,,,,,,,,,,,,,,,,,,,,,,,,,,,,,,,,,,,,,,,,,,,,,,,,,,,,,,,,,,,-0.147,-0.082,-0.091,-0.137,-0.049,-0.063,-0.163,-0.111,0.053,0.033,0.127,0.089,-0.167,-0.257,-0.05,0.218,-0.137,-0.111,-0.347,-0.149,0.099,-0.128,-0.091,-0.163,0.089,0.218,0.127,-0.05,0.101,0.101,-0.082,-0.063,0.015,-0.05,-0.039,-0.063,-0.147,-0.049,0.033,-0.257,0.053,-0.167,-0.04,0.52,-0.04,0.52,0.039,0.031,0.106,0,0,0,0,-0.004,-0.004,0,-0.002,-0.029,-0.046,0.002,0,0.059,-0.029,-0.011,0.002,-0.074,0.059,0,-0.038,0.119,0.013,0.002,0.075,0,0,0.023,-0.033,0,0,0.005,-0.046,-0.002,-0.047,-0.002,-0.047,0,0,-0.012,-0.055,-0.013,-0.055,-0.011,-0.069,0,0,-0.186,0.026,0,0,0,0,0,0,0.137,0.07,0.004,-0.129,0.01,0.022,0.056,0.013,0.025,0.013,-0.015,0.012,0.001,0.004,0.013,0.001,0.013,-0.056,,,,,,-0.074,-0.049,0.147,-0.074,-0.074,-0.006,0,0,0,0,0,0,0,0,,,,,,,,,-0.092,0.083,-0.092,0.083,0,0,0,0,0,0,0,0,,,,,,,,,,,,,,,,,,,,,,,,,,,,,,,,,,,,,,,,,,,,,,,,,,,,,,,,,,,,,,,,,,,,,,,,,,,,,,,,,,,,,,0
13,0.003,0.019,0.294,0.312,0.031,0.161,0.022,0.088,-0.005,-0.003,-0.035,-0.035,-0.051,-0.074,,,,,,,,,,0.009,-0.161,0.049,-0.252,0.002,0,0.019,-0.252,-0.073,0.015,-0.01,,,,,,-0.164,0.483,-0.018,0.343,0,0.001,,,,,,,,,,,,,0.01,-0.061,-0.001,0,-0.001,0.002,-0.006,-0.016,-0.056,-0.001,0,-0.002,,,,,,,,,,,,,,,,,,,,,,,,,,,,,,,,,,,,,,,,,,,,,,,,,,,,,,,,,,,,,,,,,,,,,,,,,,,,,,,,,,,,,,,,,,,,,,,,,,,,,,,,,,,,,,,,,,,,,,,,,,,,,,,,,,,,,,,,,,,,,,,,,,,,,,,,,,,,,,,,,,,,,,,,,,,,,,,,,,,,,,,,,,,,,,,,,,,,,,,,,,,,,,,,,,,,,,,,,,,,,,,,,,,,,,,,,,,,,,,,,,,,,,,,,,,,,,,,,,,,,,,,,,,,,,,,,,,,,,,,,,,,,,,,,,,,,,,,,,,,,,,,,,,,,,,,,,,,,,,,,,,,,,,,,,,,,,,,,,,,,,,,,,,,,,,,,,,,,,,,,,,,,,,,,,,,,,,,,,,,,,,,,,,,,,,,,,,,,,,,,,,,,,,,,,,,,,,,,,,,,,,,,,,,,,,,,,,,,,,,,,,,,,,,,,,,,,,,,,,,,,,,,,,,,,,,,,,,,,,,,,,,,,,,,,,,,,,,,,,,,,,,,,,,,,,,,,,,,,,,,,,,,,,,,,,,,,,,,,,,,,,,,,,,,,,,,,,,,,,,,,,,,,,,,,,,,,,,,,,,,,,,,,,,,,,,,,,,,,,,,,,,,,,,,,,,,,,,,,,,,,,,,,,,,,,,,,,,,,,,,,,,,,,,,,,,,,,-0.084,0.185,-0.017,0.15,0.116,0.139,-0.05,-0.04,-0.168,-0.132,0.082,0.066,0.137,0.069,-0.05,-0.115,0.15,-0.04,0.15,-0.06,-0.051,-0.031,-0.017,-0.05,0.066,-0.115,0.082,-0.05,0.082,0.082,0.185,0.139,0.033,0.118,0.053,0.139,-0.084,0.116,-0.132,0.069,-0.168,0.137,0.017,-0.48,0.017,-0.48,-0.023,-0.02,-0.075,0,0,0,0,0.005,0.005,0.004,0,-0.029,0.217,0.002,0.004,-0.101,-0.029,0.019,0.002,0.183,-0.101,0.004,-0.038,0.055,-0.048,0.002,-0.085,0,0,0.033,0.092,0,0,-0.005,-0.01,0.008,0.018,0.009,0.018,0,0,-0.012,0.234,-0.013,0.234,0.019,0.188,0,0,0.057,-0.004,0,0,0,0,0,0,0.103,0.029,0.11,0.117,0.012,0.005,0.03,0.013,0.015,0.013,0.011,0.014,0.027,-0.008,0.013,-0.003,0.013,0.025,,,,,,0.017,0.007,-0.221,0.017,0.017,-0.055,0,0,0,0,0,0,0,0,,,,,,,,,0.108,0.189,0.108,0.189,0,0,0,0,0,0,0,0,,,,,,,,,,,,,,,,,,,,,,,,,,,,,,,,,,,,,,,,,,,,,,,,,,,,,,,,,,,,,,,,,,,,,,,,,,,,,,,,,,,,,,0
14,,,,,,,,,,,,,,,,,,,,,,,,,,,,,,,,,,,,,,,,,,,,,,,,,,,,,,,,,,,,,,,,,,,,,,,,,,,,,,,,,,-0.051,-0.082,-0.181,-0.481,0.113,0.154,-0.01,-0.072,-0.054,-0.149,0.182,0.182,0.181,0.139,,,,,,,,,,0.012,-0.168,-0.052,0.162,-0.001,0,0.013,-0.175,-0.025,,,0.04,-0.447,,,,-0.044,0.422,-0.39,0.803,0,0,,,,,,,,,,,,,,,-0.143,0.051,-0.048,0.18,-0.009,-0.018,0.012,0.064,-0.214,-0.061,-0.364,0.013,-0.001,-0.006,,,,,,,,,,,,,,,,,,,,,,,,,,,,,,,,,,,,,,,,,,,,,,,,,,,,,,,,,,,,,,,,,,,,,,,,,,,,,,,,,,,,,,,,,,,,,,,,,,,,,,,,,,,,,,,,,,,,,,,,,,,,,,,,,,,,,,,,,,,,,,,,,,,,,,,,,,,,,,,,,,,,,,,,,,,,,,,,,,,,,,,,,,,,,,,,,,,,,,,,,,,,,,,,,,,,,,,,,,,,,,,,,,,,,,,,,,,,,,,,,,,,,,,,,,,,,,,,,,,,,,,,,,,,,,,,,,,,,,,,,,,,,,,,,,,,,,,,,,,,,,,,,,,,,,,,,,,,,,,,,,,,,,,,,,,,,,,,,,,,,,,,,,,,,,,,,,,,,,,,,,,,,,,,,,,,,,,,,,,,,,,,,,,,,,,,,,,,,,,,,,,,,,,,,,,,,,,,,,,,,,,,,,,,,,,,,,,,,,,,,,,,,,,,,,,,,,,,,,,,,,,,,,,,,,,,,,,,,,,,,,,,,,,,,,,,,,,,,,,,,,,,,,,,,,,,,,,,,,,,,,,,,,,,,,,,,,,,,,,,,,,,,,,,,,,,,,,,,,,,,,,,,,,,,,-0.084,-0.139,0.121,0.285,-0.052,-0.061,0.063,0.07,-0.116,-0.106,0.146,0.108,0.137,0.35,-0.05,-0.115,0.285,0.07,0.232,0.055,0.03,0.08,0.121,0.063,0.108,-0.115,0.146,-0.05,0.104,0.104,-0.139,-0.061,0.033,-0.054,-0.059,-0.061,-0.084,-0.052,-0.106,0.35,-0.116,0.137,0.017,-0.48,0.017,-0.48,-0.023,-0.02,-0.09,0,0,0,0,0.002,0.002,0.004,0,0.133,0.217,0.001,0.004,-0.041,0.133,-0.013,0.001,-0.116,-0.041,0.004,0.124,-0.174,-0.078,0.001,-0.025,0,0,-0.065,-0.116,0,0,-0.006,-0.066,-0.002,-0.075,-0.003,-0.075,0,0,0.012,-0.13,0.011,-0.13,-0.013,-0.11,0,0,-0.007,0.004,0,0,0,0,0,0,-0.413,-0.149,-0.157,-0.129,0.018,0.039,-0.022,0.013,-0.009,0.013,0.005,0.012,-0.03,-0.089,0.013,-0.041,0.013,-0.001,,,,,,0.017,-0.001,-0.112,0.017,0.017,-0.055,0,0,0,0,0,0,0,0,0,-0.057,0.03,-0.145,0,0,0,0,,,,,,,,,0,0,0,0,,,,,,,,,,,,,,,,,,,,,,,,,,,,,,,,,,,,,,,,,,,,,,,,,,,,,,,,,,,,,,,,,,,,,,,,,,,,,,,,,,,,,,0
16,,,,,,,,,,,,,,,,,,,,,,,,,,,,,,,,,,,,,,,,,,,,,,,,,,,,,,,,,,,,,,,,,,,,,,,,,,,,,,,,,,,,,,,,,,,,,,,,,,,,,,,,,,,,,,,,,,,,,,,,,,,,,,,,,,,,,,,,,,,,,,,,,,,,,,,,,,,,,,,,,,,,,,,,,,,,,,,,,,,,,,,,,,,,,,,,,,,,,,,,,,,,,,,,,,,,,,,,,,,,,,,,,,,,,,,,,,,,,,,,,,,,,,,,,,,,,,,,,,,,,,,,,,,,,,,,,,,,,,,,,,,,,,,,,,,,,,,,,,,,,,,,,,,,,,,,,,,,,,,,,,,,,0.065,-0.034,-0.105,-0.001,0.037,0.01,0.003,-0.162,0.156,-0.234,-0.218,-0.243,0.183,-0.051,,,,,,,,,,,,,,,,0.144,0.04,-0.013,-0.007,-0.019,0.116,0.104,-0.006,-0.37,-0.009,-0.006,-0.202,0.003,-0.113,-0.023,,,,,,,,,,-0.371,-0.016,0.144,-0.014,0.065,-0.154,-0.016,-0.096,0.015,-0.114,0.132,0.156,0.183,-0.162,0,-0.069,-0.123,0.111,-0.114,-0.023,,,,,,,,,,,,,,,,,,,,,,,,,,,,,,,,,,,,,,,,,,,,,,,,,,,,,,,,,,,,,,,,,,,,,,,,,,,,,,,,,,,,,,,,,,,,,,,,,,,,,,,,,,,,,,,,,,,,,,,,,,,,,,,,,,,,,,,,,,,,,,,,,,,,,,,,,,,,,,,,,,,,,,,,,,,,,,,,,,,,,,,,,,,,,,,,,,,,,,,,,,,,,,,,,,,,,,,,,,,,,,,,,,,,,,,,,,,,,,,,,,,,,,,,,,,,,,,,,,,,,,,,,,,,,,,,,,,,,,,,,,,,,-0.117,0.036,-0.016,0.178,0.799,0.034,-0.131,0.259,0.899,0.06,-0.064,-0.14,0.039,0.898,,,,,,,,,,,,,,,,,,,,,,,,,,,,,-0.014,-0.19,-0.037,0.131,-0.021,-0.012,-0.012,-0.02,0.053,0.033,-0.001,-0.034,-0.179,0.137,-0.05,-0.115,0.131,-0.02,0.138,-0.021,-0.062,-0.011,-0.037,-0.012,-0.034,-0.115,-0.001,-0.05,0.057,0.057,-0.19,-0.012,0.053,-0.022,-0.076,-0.012,-0.014,-0.021,0.033,0.137,0.053,-0.179,-0.04,0.52,-0.04,0.52,-0.004,-0.005,-0.004,0,0,0,0,-0.008,-0.008,0.008,0.003,-0.029,0.086,0.015,0.008,-0.061,-0.029,-0.02,0.015,0.077,-0.061,0.007,-0.038,0.053,-0.139,0.015,-0.045,0,0,0.069,0.081,0,0,0.002,-0.101,-0.005,-0.087,-0.005,-0.087,0,0,0.006,0.094,0.005,0.094,-0.02,0.082,0,0,0.161,-0.007,0,0,0,0,0,0,0.04,-0.105,-0.021,-0.119,0.017,0.121,-0.02,0.013,-0.009,0.013,-0.059,0.017,0.103,0.064,0.013,0.027,0.013,-0.036,,,,,,-0.21,-0.193,0.004,-0.21,-0.21,-0.006,0,0,0,0,0,0,0,0,0,-0.001,-0.082,-0.002,0,0,0,0,,,,,,,,,0,0,0,0,,,,,,,,,,,,,,,,,,,,,,,,,,,,,,,,,,,,,,,,,,,,,,,,,,,,,,,,,,,,,,,,,,,,,,,,,,,,,,,,,,,,,,0
18,-0.016,-0.041,-0.179,-0.179,-0.056,0.161,-0.007,-0.032,-0.082,0.163,-0.22,-0.22,0.001,-0.014,-0.013,-0.101,0.008,-0.268,0.001,0,0.01,-0.233,0.003,,,,,,,,,,0.015,0.019,,,,,,-0.164,0.067,-0.026,-0.157,0,0.001,,,,,,,,,,,,,-0.02,0.051,-0.013,-0.004,-0.02,-0.027,-0.027,0.011,-0.233,-0.003,0,-0.002,,,,,,,,,,,,,,,,,,,,,,,,,,,,,,,,,,,,,,,,,,,,,,,,,,,,,,,,,,,,,,,,,,,,,,,,,,,,,,,,,,,,,,,,,,,,,,,,,,,,,,,,,,,,,,,,,,,,,,,,,,,,,,,,,,,,,,,,,,,,,,,,,,,,,,,,,,,,,,,,,,,,,,,,,,,,,,,,,,,,,,,,,,,,,,,,,,,,,,,,,,,,,,,,,,,,,,,,,,,,,,,,,,,,,,,,,,,,,,,,,,,,,,,,,,,,,,,,,,,,,,,,,,,,,,,,,,,,,,,,,,,,,,,,,,,,,,,,,,,,,,,,,,,,,,,,,,,,,,,,,,,,,,,,,,,,,,,,,,,,,,,,,,,,,,,,,,,,,,,,,,,,,,,,,,,,,,,,,,,,,,,,,,,,,,,,,,,,,,,,,,,,,,,,,,,,,,,,,,,,,,,,,,,,,,,,,,,,,,,,,,,,,,,,,,,,,,,,,,,,,,,,,,,,,,,,,,,,,,,,,,,,,,,,,,,,,,,,,,,,,,,,,,,,,,,,,,,,,,,,,,,,,,,,,,,,,,,,,,,,,,,,,,,,,,,,,,,,,,,,,,,,,,,,,,,,,,,,,,,,,,,,,,,,,,,,,,,,,,,,,,,,,,,,,,,,,,,,,,,,,,,,,,,,,,,,,,,,,,,,,,,,,,,,,,,,,,,0.182,-0.03,0.053,0.21,-0.088,-0.095,-0.038,-0.027,0.273,0.247,-0.006,-0.096,-0.073,-0.257,-0.117,-0.115,0.21,-0.027,0.191,-0.047,-0.015,-0.018,0.053,-0.038,-0.096,-0.115,-0.006,-0.117,0.082,0.082,-0.03,-0.095,0.109,-0.089,-0.022,-0.095,0.182,-0.088,0.247,-0.257,0.273,-0.073,0.017,0.52,0.017,0.52,0.058,0.038,0.125,0,0,0,0,0.002,0.002,-0.003,-0.002,-0.029,0.086,-0.004,-0.003,0.159,-0.029,-0.001,-0.004,-0.143,0.159,,,,,,,,,,,,,,,,,,,,,,,,,,,,,,,,,0,0,0,0,-0.145,-0.166,-0.087,-0.103,0.01,-0.029,-0.024,0.013,-0.011,0.013,0.031,0.011,0.015,0.022,0.013,0.011,0.013,0.005,,,,,,0.017,-0.006,-0.035,0.017,0.017,0.01,0,0,0,0,0,0,0,0,,,,,,,,,-0.192,0.15,-0.192,0.15,0,0,0,0,0,0,0,0,,,,,,,,,,,,,,,,,,,,,,,,,,,,,,,,,,,,,,,,,,,,,,,,,,,,,,,,,,,,,,,,,,,,,,,,,,,,,,,,,,,,,,0
23,,,,,,,,,,,,,,,,,,,,,,,,,,,,,,,,,,,,,,,,,,,,,,,,,,,,,,,,,,,,,,,,,,,,,,,,,,,,,,,,,,-0.008,-0.003,-0.065,-0.136,-0.053,-0.154,-0.006,-0.041,-0.049,-0.059,-0.281,-0.281,-0.03,-0.234,-0.067,0.445,-0.034,0.138,-0.001,0,-0.069,0.242,-0.003,,,,,,,,,,,,0.114,-0.253,-0.01,-0.083,-0.03,,,,-0.197,0,0,-0.017,0.004,-0.022,0.09,0.013,0.009,0.053,0.053,-0.022,-0.003,0.005,0.036,0.004,-0.001,,,,,,,,,,,,,,,,,,,,,,,,,,,,,,,,,,,,,,,,,,,,,,,,,,,,,,,,,,,,,,,,,,,,,,,,,,,,,,,,,,,,,,,,,,,,,,,,,,,,,,,,,,,,,,,,,,,,,,,,,,,,,,,,,,,,,,,,,,,,,,,,,,,,,,,,,,,,,,,,,,,,,,,,,,,,,,,,,,,,,,,,,,,,,,,,,,,,,,,,,,,,,,,,,,,,,,,,,,,,,,,,,,,,,,,,,,,,,,,,,,,,,,,,,,,,,,,,,,,,,,,,,,,,,,,,,,,,,,,,,,,,,,,,,,,,,,,,,,,,,,,,,,,,,,,,,,,,,,,,,,,,,,,,,,,,,,,,,,,,,,,,,,,,,,,,,,,,,,,,,,,,,,,,,,,,,,,,,,,,,,,,,,,,,,,,,,,,,,,,,,,,,,,,,,,,,,,,,,,,,,,,,,,,,,,,,,,,,,,,,,,,,,,,,,,,,,,,,,,,,,,,,,,,,,,,,,,,,,,,,,,,,,,,,,,,,,,,,,,,,,,,,,,,,,,,,,,,,,,,,,,,,,,,,,,,,,,,,,,,,,,,,,,,,,,,,,,,,,,,,,,,,,,,,,,,,,,,,,,,,,,,-0.103,0.17,-0.097,0.061,-0.057,-0.036,0.145,0.2,-0.016,-0.009,-0.028,-0.156,-0.132,-0.032,0.25,0.218,0.061,0.2,-0.229,0.157,0.224,0.19,-0.097,0.145,-0.156,0.218,-0.028,0.25,-0.68,-0.68,0.17,-0.036,0.027,-0.058,0.047,-0.036,-0.103,-0.057,-0.009,-0.032,-0.016,-0.132,-0.24,0.52,-0.24,0.52,0.001,-0.005,-0.012,0,0,0,0,0.004,0.004,0.002,0.003,0.052,0.007,0.002,0.002,-0.001,0.052,-0.019,0.002,0.008,-0.001,,,,,,,,,,,,,,,,,,,,,,,,,,,,,,,,,0,0,0,0,-0.171,-0.184,0.074,0.006,0.013,0.008,0.037,0.013,0.019,0.013,0.011,0.013,-0.004,-0.034,0.013,-0.015,0.013,0.025,,,,,,0.153,0.129,0.047,0.153,0.153,0.018,0,0,0,0,0,0,0,0,0,-0.049,0.03,-0.125,0,0,0,0,,,,,,,,,0,0,0,0,,,,,,,,,,,,,,,,,,,,,,,,,,,,,,,,,,,,,,,,,,,,,,,,,,,,,,,,,,,,,,,,,,,,,,,,,,,,,,,,,,,,,,0
26,0.016,0.093,-0.015,-0.016,0.031,0.116,-0.007,-0.072,0.209,0.035,0.202,0.202,0.17,0.01,-0.013,0.042,0.008,-0.196,0.004,0,0.01,-0.144,0.001,,,,,,,,,,-0.026,0.005,,,,,,0.336,-0.501,-0.028,-0.157,0,0.001,,,,,,,,,,,,,0.048,0.079,0.019,0.001,0.018,0.015,-0.003,-0.013,0.036,-0.001,0,0.003,,,,,,,,,,,,,,,,,,,,,,,,,,,,,,,,,,,,,,,,,,,,,,,,,,,,,,,,,,,,,,,,,,,,,,,,,,,,,,,,,,,,,,,,,,,,,,,,,,,,,,,,,,,,,,,,,,,,,,,,,,,,,,,,,,,,,,,,,,,,,,,,,,,,,,,,,,,,,,,,,,,,,,,,,,,,,,,,,,,,,,,,,,,,,,,,,,,,,,,,,,,,,,,,,,,,,,,,,,,,,,,,,,,,,,,,,,,,,,,,,,,,,,,,,,,,,,,,,,,,,,,,,,,,,,,,,,,,,,,,,,,,,,,,,,,,,,,,,,,,,,,,,,,,,,,,,,,,,,,,,,,,,,,,,,,,,,,,,,,,,,,,,,,,,,,,,,,,,,,,,,,,,,,,,,,,,,,,,,,,,,,,,,,,,,,,,,,,,,,,,,,,,,,,,,,,,,,,,,,,,,,,,,,,,,,,,,,,,,,,,,,,,,,,,,,,,,,,,,,,,,,,,,,,,,,,,,,,,,,,,,,,,,,,,,,,,,,,,,,,,,,,,,,,,,,,,,,,,,,,,,,,,,,,,,,,,,,,,,,,,,,,,,,,,,,,,,,,,,,,,,,,,,,,,,,,,,,,,,,,,,,,,,,,,,,,,,,,,,,,,,,,,,,,,,,,,,,,,,,,,,,,,,,,,,,,,,,,,,,,,,,,,,,,,,,,,,,-0.216,0.077,-0.151,0.012,-0.045,-0.026,-0.019,-0.072,0.066,0.07,-0.086,0,0.078,-0.156,0.017,-0.115,0.012,-0.072,0.071,-0.028,-0.133,-0.063,-0.151,-0.019,0,-0.115,-0.086,0.017,0.063,0.063,0.077,-0.026,-0.005,-0.046,0.015,-0.026,-0.216,-0.045,0.07,-0.156,0.066,0.078,0.017,-0.48,0.017,-0.48,0.034,0.023,0.086,0,0,0,0,0.001,0.001,0.004,-0.003,-0.029,0.059,0.001,0.004,-0.041,-0.029,-0.014,0.001,0.022,-0.041,0.004,-0.038,0.013,-0.108,0.001,-0.025,0,0,-0.065,0.094,0,0,-0.006,0.194,-0.003,0.167,-0.003,0.167,0,0,-0.014,0.024,-0.015,0.023,-0.014,0.027,0,0,-0.13,0.003,0,0,0,0,0,0,-0.062,-0.048,0.097,0.044,0.009,-0.004,0.064,0.013,0.029,0.013,0.011,0.015,0.044,0.003,0.013,0.001,0.013,-0.043,,,,,,0.199,0.163,-0.16,0.199,0.199,0.075,0,0,0,0,0,0,0,0,,,,,,,,,0.008,-0.054,0.008,-0.054,0,0,0,0,0,0,0,0,,,,,,,,,,,,,,,,,,,,,,,,,,,,,,,,,,,,,,,,,,,,,,,,,,,,,,,,,,,,,,,,,,,,,,,,,,,,,,,,,,,,,,0
27,-0.062,-0.153,-0.197,-0.179,-0.187,-0.384,0,0.088,-0.199,0.013,-0.285,-0.285,-0.194,0.116,,,,,,,,,,0.009,-0.262,-0.051,0.151,0.003,0,-0.081,0.386,-0.022,,,0.065,0.044,-0.336,0.626,0.09,,,,-0.157,0,0.001,-0.088,-0.241,0.012,0.249,0,-0.008,-0.008,-0.004,0.035,-0.002,0,-0.007,,,,,,,,,,,,,,,,,,,,,,,,,,,,,,,,,,,,,,,,,,,,,,,,,,,,,,,,,,,,,,,,,,,,,,,,,,,,,,,,,,,,,,,,,,,,,,,,,,,,,,,,,,,,,,,,,,,,,,,,,,,,,,,,,,,,,,,,,,,,,,,,,,,,,,,,,,,,,,,,,,,,,,,,,,,,,,,,,,,,,,,,,,,,,,,,,,,,,,,,,,,,,,,,,,,,,,,,,,,,,,,,,,,,,,,,,,,,,,,,,,,,,,,,,,,,,,,,,,,,,,,,,,,,,,,,,,,,,,,,,,,,,,,,,,,,,,,,,,,,,,,,,,,,,,,,,,,,,,,,,,,,,,,,,,,,,,,,,,,,,,,,,,,,,,,,,,,,,,,,,,,,,,,,,,,,,,,,,,,,,,,,,,,,,,,,,,,,,,,,,,,,,,,,,,,,,,,,,,,,,,,,,,,,,,,,,,,,,,,,,,,,,,,,,,,,,,,,,,,,,,,,,,,,,,,,,,,,,,,,,,,,,,,,,,,,,,,,,,,,,,,,,,,,,,,,,,,,,,,,,,,,,,,,,,,,,,,,,,,,,,,,,,,,,,,,,,,,,,,,,,,,,,,,,,,,,,,,,,,,,,,,,,,,,,,,,,,,,,,,,,,,,,,,,,,,,,,,,,,,,,,,,,,,,,,,,,,,,,,,,,,,,,,,,,,,,,,,,,,,,,,,,,,0.233,0.011,0.12,-0.054,-0.095,-0.082,-0.006,-0.072,-0.158,-0.198,0.086,0.127,0.033,0.08,-0.017,-0.115,-0.054,-0.072,0.231,-0.015,-0.172,-0.063,0.12,-0.006,0.127,-0.115,0.086,-0.017,0.037,0.037,0.011,-0.082,-0.218,-0.095,-0.007,-0.082,0.233,-0.095,-0.198,0.08,-0.158,0.033,0.303,0.52,0.303,0.52,0.053,0.034,0.11,0,0,0,0,0,0,0.002,0.002,0.025,-0.099,-0.003,0.002,0.119,0.025,0,-0.003,0.155,0.119,,,,,,,,,,,,,,,,,,,,,,,,,,,,,,,,,0,0,0,0,0.158,0.166,-0.328,-0.133,0.011,-0.035,0.018,0.013,0.009,0.013,0.094,-0.002,-0.185,0.096,0.013,0.035,0.013,0.173,,,,,,0.017,0.009,0.165,0.017,0.017,-0.063,0,0,0,0,0,0,0,0,,,,,,,,,0.008,-0.096,0.008,-0.096,0,0,0,0,0,0,0,0,,,,,,,,,,,,,,,,,,,,,,,,,,,,,,,,,,,,,,,,,,,,,,,,,,,,,,,,,,,,,,,,,,,,,,,,,,,,,,,,,,,,,,0
28,-0.075,-0.093,0.367,0.348,-0.056,0.025,0.008,0.048,-0.031,0.077,-0.303,-0.303,-0.194,0.069,,,,,,,,,,-0.091,0.347,-0.051,-0.119,0.005,0,-0.081,0.397,0.012,-0.019,0.041,,,,,,0.336,-0.46,0.038,-0.157,0,0.001,-0.081,0.008,-0.003,0.101,-0.001,-0.031,-0.109,-0.009,-0.149,-0.065,0,0,,,,,,,,,,,,,,,,,,,,,,,,,,,,,,,,,,,,,,,,,,,,,,,,,,,,,,,,,,,,,,,,,,,,,,,,,,,,,,,,,,,,,,,,,,,,,,,,,,,,,,,,,,,,,,,,,,,,,,,,,,,,,,,,,,,,,,,,,,,,,,,,,,,,,,,,,,,,,,,,,,,,,,,,,,,,,,,,,,,,,,,,,,,,,,,,,,,,,,,,,,,,,,,,,,,,,,,,,,,,,,,,,,,,,,,,,,,,,,,,,,,,,,,,,,,,,,,,,,,,,,,,,,,,,,,,,,,,,,,,,,,,,,,,,,,,,,,,,,,,,,,,,,,,,,,,,,,,,,,,,,,,,,,,,,,,,,,,,,,,,,,,,,,,,,,,,,,,,,,,,,,,,,,,,,,,,,,,,,,,,,,,,,,,,,,,,,,,,,,,,,,,,,,,,,,,,,,,,,,,,,,,,,,,,,,,,,,,,,,,,,,,,,,,,,,,,,,,,,,,,,,,,,,,,,,,,,,,,,,,,,,,,,,,,,,,,,,,,,,,,,,,,,,,,,,,,,,,,,,,,,,,,,,,,,,,,,,,,,,,,,,,,,,,,,,,,,,,,,,,,,,,,,,,,,,,,,,,,,,,,,,,,,,,,,,,,,,,,,,,,,,,,,,,,,,,,,,,,,,,,,,,,,,,,,,,,,,,,,,,,,,,,,,,,,,,,,,,,,,,,,,,,,,0.093,-0.103,0.332,0.04,-0.044,-0.042,0.076,0.057,0.152,0.18,-0.152,-0.16,-0.002,0.193,0.283,0.218,0.04,0.057,0.355,0.068,-0.117,0.067,0.332,0.076,-0.16,0.218,-0.152,0.283,-0.702,-0.702,-0.103,-0.042,0.083,-0.045,-0.047,-0.041,0.093,-0.044,0.18,0.193,0.152,-0.002,-0.183,0.52,-0.183,0.52,,,,0,0,0,0,0.011,0.011,-0.005,0.005,0.052,-0.046,0.007,-0.005,0.119,0.052,0.001,0.007,0.1,0.119,,,,,,,,,,,,,,,,,,,,,,,,,,,,,,,,,0,0,0,0,-0.189,-0.163,0.09,0.152,0.01,0.013,0.08,0.013,0.031,0.013,-0.015,0.015,0.027,0.017,0.013,0.005,0.013,-0.03,,,,,,0.153,0.119,-0.023,0.153,0.153,0.173,0,0,0,0,0,0,0,0,0,0.022,0.03,0.056,0,0,0.001,0,,,,,,,,,0,0,0,0,,,,,,,,,,,,,,,,,,,,,,,,,,,,,,,,,,,,,,,,,,,,,,,,,,,,,,,,,,,,,,,,,,,,,,,,,,,,,,,,,,,,,,0
31,-0.003,-0.093,-0.161,-0.216,0.118,-0.021,-0.015,0.048,-0.031,0.051,0.152,0.152,-0.045,0.125,-0.113,0.405,-0.092,0.089,0.001,0,-0.09,0.1,-0.011,,,,,,,,,,-0.003,-0.001,,,-0.336,-0.01,0.105,,,,-0.157,0,0.001,0.055,0.061,-0.032,0.007,0.001,0.015,-0.05,0.002,-0.006,-0.035,0,0,,,,,,,,,,,,,,,,,,,,,,,,,,,,,,,,,,,,,,,,,,,,,,,,,,,,,,,,,,,,,,,,,,,,,,,,,,,,,,,,,,,,,,,,,,,,,,,,,,,,,,,,,,,,,,,,,,,,,,,,,,,,,,,,,,,,,,,,,,,,,,,,,,,,,,,,,,,,,,,,,,,,,,,,,,,,,,,,,,,,,,,,,,,,,,,,,,,,,,,,,,,,,,,,,,,,,,,,,,,,,,,,,,,,,,,,,,,,,,,,,,,,,,,,,,,,,,,,,,,,,,,,,,,,,,,,,,,,,,,,,,,,,,,,,,,,,,,,,,,,,,,,,,,,,,,,,,,,,,,,,,,,,,,,,,,,,,,,,,,,,,,,,,,,,,,,,,,,,,,,,,,,,,,,,,,,,,,,,,,,,,,,,,,,,,,,,,,,,,,,,,,,,,,,,,,,,,,,,,,,,,,,,,,,,,,,,,,,,,,,,,,,,,,,,,,,,,,,,,,,,,,,,,,,,,,,,,,,,,,,,,,,,,,,,,,,,,,,,,,,,,,,,,,,,,,,,,,,,,,,,,,,,,,,,,,,,,,,,,,,,,,,,,,,,,,,,,,,,,,,,,,,,,,,,,,,,,,,,,,,,,,,,,,,,,,,,,,,,,,,,,,,,,,,,,,,,,,,,,,,,,,,,,,,,,,,,,,,,,,,,,,,,,,,,,,,,,,,,,,,,,,,,,,-0.236,-0.047,0.107,-0.18,-0.07,-0.055,0.201,0.096,-0.016,-0.009,-0.172,-0.179,-0.014,-0.2,0.25,-0.115,-0.18,0.096,0.223,0.195,-0.247,0.105,0.107,0.201,-0.179,-0.115,-0.172,0.25,-0.702,-0.702,-0.047,-0.055,-0.011,-0.071,-0.027,-0.055,-0.236,-0.07,-0.009,-0.2,-0.016,-0.014,-0.24,0.52,-0.24,0.52,,,,0,0,0,0,-0.002,-0.002,0,0.002,-0.002,-0.02,-0.001,0,0.239,-0.002,0.001,-0.001,-0.139,0.239,,,,,,,,,,,,,,,,,,,,,,,,,,,,,,,,,0,0,0,0,-0.208,-0.18,0.002,-0.096,0.01,0.005,0.04,0.013,0.019,0.013,0.025,0.012,0.004,0.006,0.013,0.001,0.013,0.031,-0.001,0,0.028,0,,0.017,0.01,0.04,0.017,0.017,0.059,0,0,0,0,0,0,0,0,0,-0.029,-0.082,-0.073,0,0,0,0,,,,,,,,,0,0,0,0,,,,,,,,,,,,,,,,,,,,,,,,,,,,,,,,,,,,,,,,,,,,,,,,,,,,,,,,,,,,,,,,,,,,,,,,,,,,,,,,,,,,,,0
34,-0.016,-0.138,-0.197,-0.179,0.118,-0.112,-0.007,0.088,-0.194,-0.072,0.09,0.091,-0.02,-0.081,-0.013,0.035,0.008,-0.18,-0.01,0,0.01,-0.161,0.004,,,,,,,,,,,,0.051,-0.051,0.164,-0.257,0.072,,,,-0.157,0,0.001,-0.001,-0.038,0.024,0.018,0.001,0.011,-0.019,-0.004,0.147,-0.015,0,-0.011,,,,,,,,,,,,,,,,,,,,,,,,,,,,,,,,,,,,,,,,,,,,,,,,,,,,,,,,,,,,,,,,,,,,,,,,,,,,,,,,,,,,,,,,,,,,,,,,,,,,,,,,,,,,,,,,,,,,,,,,,,,,,,,,,,,,,,,,,,,,,,,,,,,,,,,,,,,,,,,,,,,,,,,,,,,,,,,,,,,,,,,,,,,,,,,,,,,,,,,,,,,,,,,,,,,,,,,,,,,,,,,,,,,,,,,,,,,,,,,,,,,,,,,,,,,,,,,,,,,,,,,,,,,,,,,,,,,,,,,,,,,,,,,,,,,,,,,,,,,,,,,,,,,,,,,,,,,,,,,,,,,,,,,,,,,,,,,,,,,,,,,,,,,,,,,,,,,,,,,,,,,,,,,,,,,,,,,,,,,,,,,,,,,,,,,,,,,,,,,,,,,,,,,,,,,,,,,,,,,,,,,,,,,,,,,,,,,,,,,,,,,,,,,,,,,,,,,,,,,,,,,,,,,,,,,,,,,,,,,,,,,,,,,,,,,,,,,,,,,,,,,,,,,,,,,,,,,,,,,,,,,,,,,,,,,,,,,,,,,,,,,,,,,,,,,,,,,,,,,,,,,,,,,,,,,,,,,,,,,,,,,,,,,,,,,,,,,,,,,,,,,,,,,,,,,,,,,,,,,,,,,,,,,,,,,,,,,,,,,,,,,,,,,,,,,,,,,,,,,,,,,,,,,0.031,-0.154,-0.216,-0.163,0.004,-0.001,-0.082,-0.02,0.244,0.219,0.046,0.088,0.045,0.024,-0.017,-0.115,-0.163,-0.02,-0.363,-0.06,0.155,-0.044,-0.216,-0.082,0.088,-0.115,0.046,-0.017,0.037,0.037,-0.154,-0.001,0.065,0.004,-0.064,-0.001,0.031,0.004,0.219,0.024,0.244,0.045,0.36,0.52,0.36,0.52,0.077,0.042,0.078,0,0,0,0,-0.004,-0.004,-0.003,-0.001,-0.002,-0.072,0.005,-0.003,-0.001,-0.002,0,0.005,0.128,-0.001,,,,,,,,,,,,,,,,,,,,,,,,,,,,,,,,,0,0,0,0,0.156,0.1,-0.168,-0.142,0.012,-0.012,0.003,0.013,0.003,0.013,0.011,0.01,-0.044,-0.031,0.013,-0.013,0.013,0.044,,,,,,0.153,0.149,0.049,0.153,0.153,-0.03,0,0,0,0,0,0,0,0,,,,,,,,,-0.092,-0.092,-0.092,-0.092,0,0,0,0,0,0,0,0,,,,,,,,,,,,,,,,,,,,,,,,,,,,,,,,,,,,,,,,,,,,,,,,,,,,,,,,,,,,,,,,,,,,,,,,,,,,,,,,,,,,,,0
38,0.252,0.25,0.003,-0.016,0.118,-0.294,-0.044,-0.232,-0.179,0.083,-0.101,-0.101,-0.081,-0.077,-0.013,-0.04,0.008,-0.115,-0.005,0,0.01,-0.251,-0.079,,,,,,,,,,-0.007,-0.003,,,,,,-0.164,0.413,-0.035,-0.157,0,0.001,0.007,0.107,-0.034,0.01,-0.002,-0.051,0.088,-0.017,-0.009,0.055,0,-0.002,,,,,,,,,,,,,,,,,,,,,,,,,,,,,,,,,,,,,,,,,,,,,,,,,,,,,,,,,,,,,,,,,,,,,,,,,,,,,,,,,,,,,,,,,,,,,,,,,,,,,,,,,,,,,,,,,,,,,,,,,,,,,,,,,,,,,,,,,,,,,,,,,,,,,,,,,,,,,,,,,,,,,,,,,,,,,,,,,,,,,,,,,,,,,,,,,,,,,,,,,,,,,,,,,,,,,,,,,,,,,,,,,,,,,,,,,,,,,,,,,,,,,,,,,,,,,,,,,,,,,,,,,,,,,,,,,,,,,,,,,,,,,,,,,,,,,,,,,,,,,,,,,,,,,,,,,,,,,,,,,,,,,,,,,,,,,,,,,,,,,,,,,,,,,,,,,,,,,,,,,,,,,,,,,,,,,,,,,,,,,,,,,,,,,,,,,,,,,,,,,,,,,,,,,,,,,,,,,,,,,,,,,,,,,,,,,,,,,,,,,,,,,,,,,,,,,,,,,,,,,,,,,,,,,,,,,,,,,,,,,,,,,,,,,,,,,,,,,,,,,,,,,,,,,,,,,,,,,,,,,,,,,,,,,,,,,,,,,,,,,,,,,,,,,,,,,,,,,,,,,,,,,,,,,,,,,,,,,,,,,,,,,,,,,,,,,,,,,,,,,,,,,,,,,,,,,,,,,,,,,,,,,,,,,,,,,,,,,,,,,,,,,,,,,,,,,,,,,,,,,,,,,,,-0.216,0.185,0.011,-0.038,0.024,0.028,0.032,0.103,-0.142,-0.157,0.225,0.146,0.195,0.181,-0.05,-0.115,-0.038,0.103,-0.288,0.061,0.287,0.073,0.011,0.032,0.146,-0.115,0.225,-0.05,0.104,0.104,0.185,0.028,-0.005,0.024,0.053,0.028,-0.216,0.024,-0.157,0.181,-0.142,0.195,0.017,-0.48,0.017,-0.48,-0.028,-0.028,-0.114,0,0,0,0,-0.009,-0.009,0.009,0.003,0.106,0.138,-0.007,0.009,-0.101,0.106,-0.013,-0.007,0.095,-0.101,0.009,0.097,-0.11,-0.078,-0.006,-0.085,0,0,0.081,-0.023,0,0,-0.006,-0.085,0.008,-0.075,0.008,-0.075,0,0,-0.013,0.103,-0.014,0.102,-0.013,0.101,0,0,0.054,-0.001,0,0,0,0,0,0,-0.398,-0.139,-0.156,-0.024,0.018,0.042,-0.021,0.013,-0.017,0.013,0.025,0.014,0.015,-0.044,0.013,-0.019,0.013,0.012,,,,,,-0.256,-0.226,-0.183,-0.256,-0.256,-0.095,0,0,0,0,0,0,0,0,,,,,,,,,0.108,-0.006,0.108,-0.006,0,0,0,0,0,0,0,0,,,,,,,,,,,,,,,,,,,,,,,,,,,,,,,,,,,,,,,,,,,,,,,,,,,,,,,,,,,,,,,,,,,,,,,,,,,,,,,,,,,,,,0
41,,,,,,,,,,,,,,,,,,,,,,,,,,,,,,,,,,,,,,,,,,,,,,,,,,,,,,,,,,,,,,,,,,,,,,,,,,,,,,,,,,0.041,0.062,0.081,0.14,0.002,0,0.002,-0.01,0.223,0.136,-0.197,-0.197,-0.076,0.096,0.033,-0.344,-0.034,0.456,0,0,-0.069,0.306,-0.042,,,,,,,,,,,,-0.297,-0.358,,,,-0.044,0.133,-0.004,-0.197,0,0,,,,,,,,,,,,,,,,,,,,,,,,,,,,,-0.04,0.131,0.014,-0.043,-0.239,-0.213,-0.018,-0.007,-0.076,-0.042,-0.163,0.024,-0.182,-0.112,,,,,,,,,,,,,,,,,,,,,,,,,,,,,,,,,,,,,,,,,,,,,,,,,,,,,,,,,,,,,,,,,,,,,,,,,,,,,,,,,,,,,,,,,,,,,,,,,,,,,,,,,,,,,,,,,,,,,,,,,,,,,,,,,,,,,,,,,,,,,,,,,,,,,,,,,,,,,,,,,,,,,,,,,,,,,,,,,,,,,,,,,,,,,,,,,,,,,,,,,,,,,,,,,,,,,,,,,,,,,,,,,,,,,,,,,,,,,,,,,,,,,,,,,,,,,,,,,,,,,,,,,,,,,,,,,,,,,,,,,,,,,,,,,,,,,,,,,,,,,,,,,,,,,,,,,,,,,,,,,,,,,,,,,,,,,,,,,,,,,,,,,,,,,,,,,,,,,,,,,,,,,,,,,,,,,,,,,,,,,,,,,,,,,,,,,,,,,,,,,,,,,,,,,,,,,,,,,,,,,,,,,,,,,,,,,,,,,,,,,,,,,,,,,,,,,,,,,,,,,,,,,,,,,,,,,,,,,,,,,,,,,,,,,,,,,,,,,,,,,,,,,,,,,,,,,,,,,,,,,,,,,,,,,,,,,,,,,,,,,,,,,,,,,,,,,,,,0.246,0.129,0.278,-0.118,-0.034,-0.042,-0.019,-0.092,0,0.007,-0.006,0.019,0.092,-0.2,-0.017,-0.115,-0.118,-0.092,0.324,-0.028,-0.211,-0.083,0.278,-0.019,0.019,-0.115,-0.006,-0.017,0.082,0.082,0.129,-0.042,0.127,-0.035,0.033,-0.041,0.246,-0.034,0.007,-0.2,0,0.092,0.074,0.52,0.074,0.52,0.01,0.007,0.016,0,0,0,0,0.013,0.013,-0.003,-0.002,-0.002,-0.072,-0.004,-0.003,0.079,-0.002,-0.001,-0.004,-0.079,0.079,,,,,,,,,,,,,,,,,,,,,,,,,,,,,,,,,0,0,0,0,0.148,0.203,0.116,0.052,0.009,-0.026,-0.02,0.013,-0.007,0.013,0.038,0.012,0.001,0.017,0.013,0.009,0.013,-0.014,,,,,,-0.074,-0.076,0.029,-0.074,-0.074,0.157,0,0,0,0,0,0,0,0,,,,,,,,,0.008,-0.119,0.008,-0.119,0,0,0,0,0,0,0,0,,,,,,,,,,,,,,,,,,,,,,,,,,,,,,,,,,,,,,,,,,,,,,,,,,,,,,,,,,,,,,,,,,,,,,,,,,,,,,,,,,,,,,0
44,-0.016,-0.041,0.003,-0.016,-0.143,-0.339,0,0.048,0.081,0.051,0.286,0.286,-0.122,0.093,-0.013,0.092,0.008,-0.251,0,0,0.01,0.028,0.062,,,,,,,,,,,,0.277,-0.152,,,,0.336,-0.511,-0.018,0.343,0,0.001,,,,,,,,,,,,,0.072,-0.051,0.035,0,-0.001,0.007,-0.016,-0.035,0.162,-0.001,0,0.002,,,,,,,,,,,,,,,,,,,,,,,,,,,,,,,,,,,,,,,,,,,,,,,,,,,,,,,,,,,,,,,,,,,,,,,,,,,,,,,,,,,,,,,,,,,,,,,,,,,,,,,,,,,,,,,,,,,,,,,,,,,,,,,,,,,,,,,,,,,,,,,,,,,,,,,,,,,,,,,,,,,,,,,,,,,,,,,,,,,,,,,,,,,,,,,,,,,,,,,,,,,,,,,,,,,,,,,,,,,,,,,,,,,,,,,,,,,,,,,,,,,,,,,,,,,,,,,,,,,,,,,,,,,,,,,,,,,,,,,,,,,,,,,,,,,,,,,,,,,,,,,,,,,,,,,,,,,,,,,,,,,,,,,,,,,,,,,,,,,,,,,,,,,,,,,,,,,,,,,,,,,,,,,,,,,,,,,,,,,,,,,,,,,,,,,,,,,,,,,,,,,,,,,,,,,,,,,,,,,,,,,,,,,,,,,,,,,,,,,,,,,,,,,,,,,,,,,,,,,,,,,,,,,,,,,,,,,,,,,,,,,,,,,,,,,,,,,,,,,,,,,,,,,,,,,,,,,,,,,,,,,,,,,,,,,,,,,,,,,,,,,,,,,,,,,,,,,,,,,,,,,,,,,,,,,,,,,,,,,,,,,,,,,,,,,,,,,,,,,,,,,,,,,,,,,,,,,,,,,,,,,,,,,,,,,,,,,,,,,,,,,,,,,,,,,,,,,0.182,-0.03,-0.21,-0.146,0.193,0.16,0.038,0.057,-0.142,-0.081,0.166,0.127,0.219,0.294,-0.05,-0.115,-0.146,0.057,0.037,0.03,-0.227,0.067,-0.21,0.038,0.127,-0.115,0.166,-0.05,0.104,0.104,-0.03,0.16,0.109,0.196,-0.022,0.16,0.182,0.193,-0.081,0.294,-0.142,0.219,0.017,-0.48,0.017,-0.48,-0.023,-0.02,-0.078,0,0,0,0,-0.008,-0.008,-0.003,-0.002,0.188,0.059,-0.004,-0.003,-0.181,0.188,0.028,-0.004,0.017,-0.181,-0.003,0.178,-0.077,-0.018,-0.004,-0.165,0,0,0.007,-0.072,0,0,0.008,-0.054,0.001,-0.075,0.001,-0.075,0,0,-0.004,0.006,-0.005,0.006,0.028,0.023,0,0,0.259,0.014,0,0,0,0,0,0,-0.137,0.038,-0.157,0.015,0.014,0.016,0.015,0.013,0.001,0.013,0.005,0.016,0.094,0.032,0.013,0.011,0.013,-0.056,,,,,,0.062,0.077,-0.117,0.062,0.062,0.026,0,0,0,0,0,0,0,0,0,0.082,0.03,0.208,0,0,0,0.001,,,,,,,,,0,0,0,0,,,,,,,,,,,,,,,,,,,,,,,,,,,,,,,,,,,,,,,,,,,,,,,,,,,,,,,,,,,,,,,,,,,,,,,,,,,,,,,,,,,,,,0
47,,,,,,,,,,,,,,,,,,,,,,,,,,,,,,,,,,,,,,,,,,,,,,,,,,,,,,,,,,,,,,,,,,,,,,,,,,,,,,,,,,0.01,0.04,-0.072,-0.17,0.058,0.077,-0.006,-0.072,-0.103,-0.074,-0.024,-0.024,0.12,-0.265,,,,,,,,,,0.012,0.428,0.048,-0.135,0.009,0,0.013,-0.039,-0.323,-0.116,0.034,,,-0.01,-0.096,0,,,,-0.197,0,0,,,,,,,,,,,,,,,,,,,,,,,,,,,,,-0.005,0.144,0.008,0.046,0.215,0.244,0.114,-0.007,-0.089,0.041,-0.192,0.072,0.165,-0.039,,,,,,,,,,,,,,,,,,,,,,,,,,,,,,,,,,,,,,,,,,,,,,,,,,,,,,,,,,,,,,,,,,,,,,,,,,,,,,,,,,,,,,,,,,,,,,,,,,,,,,,,,,,,,,,,,,,,,,,,,,,,,,,,,,,,,,,,,,,,,,,,,,,,,,,,,,,,,,,,,,,,,,,,,,,,,,,,,,,,,,,,,,,,,,,,,,,,,,,,,,,,,,,,,,,,,,,,,,,,,,,,,,,,,,,,,,,,,,,,,,,,,,,,,,,,,,,,,,,,,,,,,,,,,,,,,,,,,,,,,,,,,,,,,,,,,,,,,,,,,,,,,,,,,,,,,,,,,,,,,,,,,,,,,,,,,,,,,,,,,,,,,,,,,,,,,,,,,,,,,,,,,,,,,,,,,,,,,,,,,,,,,,,,,,,,,,,,,,,,,,,,,,,,,,,,,,,,,,,,,,,,,,,,,,,,,,,,,,,,,,,,,,,,,,,,,,,,,,,,,,,,,,,,,,,,,,,,,,,,,,,,,,,,,,,,,,,,,,,,,,,,,,,,,,,,,,,,,,,,,,,,,,,,,,,,,,,,,,,,,,,,,,,,,,,,,,,,-0.078,0.082,0.008,-0.163,-0.116,-0.112,0.006,0.044,-0.141,-0.131,0.086,0.108,0.033,-0.2,0.083,0.218,-0.163,0.044,-0.099,0.011,0.285,0.047,0.008,0.006,0.108,0.218,0.086,0.083,0.037,0.037,0.082,-0.112,0.035,-0.118,0.017,-0.111,-0.078,-0.116,-0.131,-0.2,-0.141,0.033,-0.097,0.52,-0.097,0.52,0.005,0.007,0.012,-0.001,0,0,0,-0.004,-0.004,-0.001,-0.002,0.025,-0.125,0.005,-0.001,-0.061,0.025,-0.007,0.005,0.013,-0.061,,,,,,,,,,,,,,,,,,,,,,,,,,,,,,,,,0,0,0,0,-0.025,-0.108,0.095,0.07,0.016,0.076,0.013,0.013,0.003,0.013,-0.052,0.011,-0.033,0.037,0.013,0.011,0.013,0.07,,,,,,0.062,0.063,0.136,0.062,0.062,0.148,0,0,0,0,0,0,0,0,,,,,,,,,0.008,-0.023,0.008,-0.023,0,0,0,0,0,0,0,0,,,,,,,,,,,,,,,,,,,,,,,,,,,,,,,,,,,,,,,,,,,,,,,,,,,,,,,,,,,,,,,,,,,,,,,,,,,,,,,,,,,,,,0
49,0.088,0.033,0.33,0.348,-0.056,0.161,0.008,0.088,-0.112,0.008,0.166,0.166,0.06,0.127,,,,,,,,,,0.009,-0.219,0.049,-0.34,0.001,0,-0.081,0.379,-0.065,0.016,0.011,,,-0.336,0.182,0.094,,,,-0.157,0,0.001,,,,,,,,,,,,,-0.002,-0.019,-0.02,0.012,0.038,0.039,0.056,0.002,-0.101,0.005,0,0.002,,,,,,,,,,,,,,,,,,,,,,,,,,,,,,,,,,,,,,,,,,,,,,,,,,,,,,,,,,,,,,,,,,,,,,,,,,,,,,,,,,,,,,,,,,,,,,,,,,,,,,,,,,,,,,,,,,,,,,,,,,,,,,,,,,,,,,,,,,,,,,,,,,,,,,,,,,,,,,,,,,,,,,,,,,,,,,,,,,,,,,,,,,,,,,,,,,,,,,,,,,,,,,,,,,,,,,,,,,,,,,,,,,,,,,,,,,,,,,,,,,,,,,,,,,,,,,,,,,,,,,,,,,,,,,,,,,,,,,,,,,,,,,,,,,,,,,,,,,,,,,,,,,,,,,,,,,,,,,,,,,,,,,,,,,,,,,,,,,,,,,,,,,,,,,,,,,,,,,,,,,,,,,,,,,,,,,,,,,,,,,,,,,,,,,,,,,,,,,,,,,,,,,,,,,,,,,,,,,,,,,,,,,,,,,,,,,,,,,,,,,,,,,,,,,,,,,,,,,,,,,,,,,,,,,,,,,,,,,,,,,,,,,,,,,,,,,,,,,,,,,,,,,,,,,,,,,,,,,,,,,,,,,,,,,,,,,,,,,,,,,,,,,,,,,,,,,,,,,,,,,,,,,,,,,,,,,,,,,,,,,,,,,,,,,,,,,,,,,,,,,,,,,,,,,,,,,,,,,,,,,,,,,,,,,,,,,,,,,,,,,,,,,,,,,,,,,,0.252,0.134,-0.201,-0.029,-0.07,-0.042,-0.025,0.032,0.079,0.084,-0.109,-0.1,-0.191,-0.2,-0.017,0.218,-0.029,0.032,-0.283,-0.009,0.163,0.015,-0.201,-0.025,-0.1,0.218,-0.109,-0.017,0.101,0.101,0.134,-0.042,-0.516,-0.071,0.035,-0.041,0.252,-0.07,0.084,-0.2,0.079,-0.191,-0.04,0.52,-0.04,0.52,0.015,0.007,0.008,0,0,0,0,-0.008,-0.008,0.004,0,0.025,-0.072,-0.006,0.004,0.139,0.025,0.019,-0.006,-0.088,0.139,0.004,0.016,0.132,0.104,-0.006,0.155,0,0,0.004,-0.056,0,0,0.005,-0.058,0.008,-0.028,0.009,-0.028,0,0,0.013,-0.104,0.012,-0.104,0.019,-0.083,0,0,-0.004,-0.011,0,0,0,0,0,0,0.131,-0.046,-0.02,-0.121,0.012,-0.004,0.004,0.013,0.003,0.013,-0.025,0.011,-0.016,-0.01,0.013,-0.005,0.013,-0.024,,,,,,-0.029,-0.002,0.297,-0.029,-0.029,-0.095,0,0,0,0,0,0,0,0,,,,,,,,,-0.192,-0.012,-0.192,-0.012,0,0,0,0,0,0,0,0,,,,,,,,,,,,,,,,,,,,,,,,,,,,,,,,,,,,,,,,,,,,,,,,,,,,,,,,,,,,,,,,,,,,,,,,,,,,,,,,,,,,,,0
52,,,,,,,,,,,,,,,,,,,,,,,,,,,,,,,,,,,,,,,,,,,,,,,,,,,,,,,,,,,,,,,,,,,,,,,,,,,,,,,,,,,,,,,,,,,,,,,,,,,,,,,,,,,,,,,,,,,,,,,,,,,,,,,,,,,,,,,,,,,,,,,,,,,,,,,,,,,,,,,,,,,,,,,,,,,,,,,,,,,,,,,,,,,,,,,,,,,,,,,,,,,,,,,,,,,,,,,,,,,,,,,,,,,,,,,,,,,,,,,,,,,,,,,,,,,,,,,,,,,,,,,,,,,,,,,,,,,,,,,,,,,,,,,,,,,,,,,,,,,,,,,,,,,,,,,,,,,,,,,,,,,,,,,,,,,,,,,,,,,,,,,,,,,,,,,,,,,,,,,,,,,,,,,,,,,,,,,,,,,,,,,,,,,,,,,,,,,,,,-0.011,0.049,0.104,0.031,0,-0.002,0.029,0.08,-0.233,-0.235,-0.375,0.01,,,,,,,,,,,,,,,0.11,-0.001,-0.001,-0.018,0.006,0.09,0.033,-0.002,0.087,-0.012,-0.023,-0.001,0.06,0.032,,,,,,,,,0.011,0.43,0.157,0.003,0.178,-0.001,-0.015,-0.143,0.016,-0.185,0.069,0.265,0.272,-0.015,0.021,0.269,0.209,0.006,-0.18,-0.028,,,,,,,,,,,,,,,,,,,,,,,,,,,,,,,,,,,,,,,,,,,,,,,,,,,,,,,,,,,,,,,,,,,,,,,,,,,,,,,,,,,,,,,,,,,,,,,,,,,,,,,,,,,,,,,,,,,,,,,,,,,,,,,,,,,,,,,,,,,,,,,,,,,,,,,,,,,,,,,,,,,,,,,,,,,,,,,,,,,,,,,,,,,,,,,,,,,,,,,,,,,,,,,,,,,,,,,,,-0.046,0.075,0.157,-0.09,-0.031,-0.137,-0.147,-0.169,-0.035,-0.005,0.169,0.139,-0.048,-0.034,,,,,,,,,,,,,,,,,,,,,,,,,,,,,0.315,-0.03,-0.151,-0.097,0.045,0.058,-0.126,-0.066,-0.116,-0.081,0.054,0.096,0.184,0.069,-0.017,-0.115,-0.097,-0.066,-0.324,-0.104,0.193,-0.089,-0.151,-0.126,0.096,-0.115,0.054,-0.017,0.063,0.063,-0.03,0.058,-0.081,0.045,-0.022,0.058,0.315,0.045,-0.081,0.069,-0.116,0.184,0.017,-0.48,0.017,-0.48,-0.023,-0.009,-0.004,0,0,0,0,-0.007,-0.007,0.009,-0.003,-0.002,0.033,-0.007,0.009,0.079,-0.002,-0.012,-0.007,0.095,0.079,0.009,-0.011,0.045,0.043,-0.006,0.095,0,0,0.013,0.102,0,0,-0.006,0.072,0.008,0.09,0.009,0.09,0,0,-0.013,0.16,-0.014,0.159,-0.012,0.101,0,0,0.055,0.007,0,0,0,0,0,0,0.181,0.176,-0.062,-0.128,0.016,0.013,-0.062,0.013,-0.027,0.013,-0.009,0.013,-0.007,-0.029,0.013,-0.013,0.013,0.018,,,,,,0.017,0.018,0.099,0.017,0.017,0.026,0,0,0,0,0,0,0,0,0,-0.008,0.141,-0.02,0,0,0,0,,,,,,,,,0,0,0,0,,,,,,,,,,,,,,,,,,,,,,,,,,,,,,,,,,,,,,,,,,,,,,,,,,,,,,,,,,,,,,,,,,,,,,,,,,,,,,,,,,,,,,0
55,,,,,,,,,,,,,,,,,,,,,,,,,,,,,,,,,,,,,,,,,,,,,,,,,,,,,,,,,,,,,,,,,,,,,,,,,,,,,,,,,,-0.008,-0.003,0.14,0.312,-0.053,-0.154,0.014,0.084,0.12,0.116,-0.093,-0.093,0.046,-0.013,,,,,,,,,,0.012,-0.176,-0.052,0.396,0,0,0.013,-0.215,-0.03,0.013,-0.02,,,,,,-0.044,0.04,-0.041,-0.197,0,0,,,,,,,,,,,,,,,,,,,,,,,,,,,,,-0.052,-0.09,0.001,0.005,0.124,0.089,0.039,-0.007,-0.216,0.032,-0.13,-0.008,0.206,-0.202,,,,,,,,,,,,,,,,,,,,,,,,,,,,,,,,,,,,,,,,,,,,,,,,,,,,,,,,,,,,,,,,,,,,,,,,,,,,,,,,,,,,,,,,,,,,,,,,,,,,,,,,,,,,,,,,,,,,,,,,,,,,,,,,,,,,,,,,,,,,,,,,,,,,,,,,,,,,,,,,,,,,,,,,,,,,,,,,,,,,,,,,,,,,,,,,,,,,,,,,,,,,,,,,,,,,,,,,,,,,,,,,,,,,,,,,,,,,,,,,,,,,,,,,,,,,,,,,,,,,,,,,,,,,,,,,,,,,,,,,,,,,,,,,,,,,,,,,,,,,,,,,,,,,,,,,,,,,,,,,,,,,,,,,,,,,,,,,,,,,,,,,,,,,,,,,,,,,,,,,,,,,,,,,,,,,,,,,,,,,,,,,,,,,,,,,,,,,,,,,,,,,,,,,,,,,,,,,,,,,,,,,,,,,,,,,,,,,,,,,,,,,,,,,,,,,,,,,,,,,,,,,,,,,,,,,,,,,,,,,,,,,,,,,,,,,,,,,,,,,,,,,,,,,,,,,,,,,,,,,,,,,,,,,,,,,,,,,,,,,,,,,,,,,,,,,,,,,0.182,0.077,0.093,0.042,0.137,0.112,0,-0.014,-0.142,-0.056,0.023,0.028,0.148,-0.043,-0.017,-0.115,0.042,-0.014,0.215,-0.009,-0.115,-0.005,0.093,0,0.028,-0.115,0.023,-0.017,0.082,0.082,0.077,0.112,0.109,0.139,0.015,0.112,0.182,0.137,-0.056,-0.043,-0.142,0.148,0.017,-0.48,0.017,-0.48,-0.009,-0.005,-0.016,-0.001,0,0,0,-0.002,-0.002,0,-0.003,0.106,0.086,0.002,0,-0.021,0.106,-0.011,0.002,0.215,-0.021,0,0.097,0.036,0.073,0.002,-0.005,0,0,0.101,0.089,0,0,-0.005,0.001,0.019,0.056,0.02,0.056,0,0,-0.012,0.234,-0.013,0.234,-0.011,0.22,0,0,-0.004,-0.001,0,0,0,0,0,0,0.044,-0.053,-0.037,0.008,0.012,0.019,0.178,0.013,0.085,0.013,-0.015,0.011,0.004,0.116,0.013,0.055,0.013,-0.043,,,,,,-0.029,-0.009,0.167,-0.029,-0.029,-0.014,0,0,0,0,0,0,0,0,0,-0.003,0.03,-0.007,0,0,0,0,,,,,,,,,0,0,0,0.002,,,,,,,,,,,,,,,,,,,,,,,,,,,,,,,,,,,,,,,,,,,,,,,,,,,,,,,,,,,,,,,,,,,,,,,,,,,,,,,,,,,,,,0
56,0.003,0.056,-0.033,-0.034,-0.056,0.116,0,-0.072,0.056,0.045,0.215,0.215,0.024,0.054,0.087,-0.052,0.108,-0.107,0.002,0,0.11,-0.257,-0.06,,,,,,,,,,-0.058,-0.014,,,,,,-0.164,0.189,-0.017,-0.157,0,0.001,-0.07,0.024,-0.008,-0.015,0.001,0.005,0.003,-0.009,-0.078,0.003,0,-0.004,,,,,,,,,,,,,,,,,,,,,,,,,,,,,,,,,,,,,,,,,,,,,,,,,,,,,,,,,,,,,,,,,,,,,,,,,,,,,,,,,,,,,,,,,,,,,,,,,,,,,,,,,,,,,,,,,,,,,,,,,,,,,,,,,,,,,,,,,,,,,,,,,,,,,,,,,,,,,,,,,,,,,,,,,,,,,,,,,,,,,,,,,,,,,,,,,,,,,,,,,,,,,,,,,,,,,,,,,,,,,,,,,,,,,,,,,,,,,,,,,,,,,,,,,,,,,,,,,,,,,,,,,,,,,,,,,,,,,,,,,,,,,,,,,,,,,,,,,,,,,,,,,,,,,,,,,,,,,,,,,,,,,,,,,,,,,,,,,,,,,,,,,,,,,,,,,,,,,,,,,,,,,,,,,,,,,,,,,,,,,,,,,,,,,,,,,,,,,,,,,,,,,,,,,,,,,,,,,,,,,,,,,,,,,,,,,,,,,,,,,,,,,,,,,,,,,,,,,,,,,,,,,,,,,,,,,,,,,,,,,,,,,,,,,,,,,,,,,,,,,,,,,,,,,,,,,,,,,,,,,,,,,,,,,,,,,,,,,,,,,,,,,,,,,,,,,,,,,,,,,,,,,,,,,,,,,,,,,,,,,,,,,,,,,,,,,,,,,,,,,,,,,,,,,,,,,,,,,,,,,,,,,,,,,,,,,,,,,,,0.095,-0.068,0.146,-0.108,-0.03,0.069,-0.018,-0.035,-0.035,0.034,0.107,0.002,0.008,-0.038,,,,,,,,,,,,,,,-0.014,0.134,0.073,0.023,0.004,-0.002,0.019,0.09,0.105,0.084,0.038,-0.034,-0.275,0.069,-0.05,0.218,0.023,0.09,-0.251,0.049,0.323,0.06,0.073,0.019,-0.034,0.218,0.038,-0.05,0.057,0.057,0.134,-0.002,0.053,0.004,0.035,-0.001,-0.014,0.004,0.084,0.069,0.105,-0.275,-0.04,-0.48,-0.04,-0.48,-0.014,-0.005,-0.004,0,0,0,0,-0.006,-0.006,0,-0.003,-0.002,0.007,-0.007,0,-0.041,-0.002,-0.013,-0.007,0.109,-0.041,-0.001,-0.011,-0.142,-0.139,-0.006,-0.025,0,0,-0.016,-0.012,0,0,-0.006,0.005,-0.002,0.009,-0.003,0.009,0,0,-0.013,0.103,-0.014,0.102,-0.013,0.114,0,0,-0.251,-0.008,0,0,0,0,0,0,0.154,0.05,-0.07,-0.124,0.016,0.05,0.006,0.013,0.005,0.013,-0.059,0.013,0.018,0.05,0.013,0.023,0.013,-0.024,,,,,,-0.029,-0.025,0.047,-0.029,-0.029,-0.063,0,0,0,0,0,0,0,0,,,,,,,,,0.008,-0.12,0.008,-0.12,0,0,0,0,0,0,0,0,,,,,,,,,,,,,,,,,,,,,,,,,,,,,,,,,,,,,,,,,,,,,,,,,,,,,,,,,,,,,,,,,,,,,,,,,,,,,,,,,,,,,,0
57,0.01,-0.034,-0.197,-0.197,0.118,0.025,-0.015,-0.032,0.112,0.152,-0.15,-0.15,-0.056,-0.122,0.087,-0.143,0.108,-0.171,0.001,0,0.01,0.424,0.059,,,,,,,,,,,,0.027,0.251,0.164,-0.243,0.096,,,,-0.157,0,0.001,,,,,,,,,,,,,0.014,-0.049,0.015,0.008,-0.001,-0.002,0.034,-0.035,0.084,0.006,0,0.001,,,,,,,,,,,,,,,,,,,,,,,,,,,,,,,,,,,,,,,,,,,,,,,,,,,,,,,,,,,,,,,,,,,,,,,,,,,,,,,,,,,,,,,,,,,,,,,,,,,,,,,,,,,,,,,,,,,,,,,,,,,,,,,,,,,,,,,,,,,,,,,,,,,,,,,,,,,,,,,,,,,,,,,,,,,,,,,,,,,,,,,,,,,,,,,,,,,,,,,,,,,,,,,,,,,,,,,,,,,,,,,,,,,,,,,,,,,,,,,,,,,,,,,,,,,,,,,,,,,,,,,,,,,,,,,,,,,,,,,,,,,,,,,,,,,,,,,,,,,,,,,,,,,,,,,,,,,,,,,,,,,,,,,,,,,,,,,,,,,,,,,,,,,,,,,,,,,,,,,,,,,,,,,,,,,,,,,,,,,,,,,,,,,,,,,,,,,,,,,,,,,,,,,,,,,,,,,,,,,,,,,,,,,,,,,,,,,,,,,,,,,,,,,,,,,,,,,,,,,,,,,,,,,,,,,,,,,,,,,,,,,,,,,,,,,,,,,,,,,,,,,,,,,,,,,,,,,,,,,,,,,,,,,,,,,,,,,,,,,,,,,,,,,,,,,,,,,,,,,,,,,,,,,,,,,,,,,,,,,,,,,,,,,,,,,,,,,,,,,,,,,,,,,,,,,,,,,,,,,,,,,,,,,,,,,,,,,,,,,,,,,,,,,,,,,,,,,-0.014,0.026,0.019,0.293,-0.088,-0.09,0.113,0.168,0.053,0.033,-0.05,0.014,-0.179,0.193,-0.017,-0.115,0.293,0.168,-0.088,0.125,0.292,0.157,0.019,0.113,0.014,-0.115,-0.05,-0.017,0.101,0.101,0.026,-0.09,0.053,-0.089,-0.002,-0.09,-0.014,-0.088,0.033,0.193,0.053,-0.179,-0.04,0.52,-0.04,0.52,0.01,0.011,0.012,0,0,0,0,0.003,0.003,0,-0.002,-0.056,-0.151,0.01,0,0.139,-0.056,0.019,0.01,-0.148,0.139,0,-0.065,0.151,0.104,0.01,0.155,0,0,-0.015,-0.114,0,0,-0.005,-0.125,-0.002,-0.1,-0.002,-0.1,0,0,-0.012,-0.126,-0.013,-0.126,0.019,-0.142,0,0,-0.186,0.025,0,0,0,0,0,0,0.148,-0.037,0.056,-0.072,0.011,0.03,0.054,0.013,0.023,0.013,-0.025,0.016,0.08,-0.02,0.013,-0.007,0.013,-0.036,,,,,,0.017,0.028,0.077,0.017,0.017,0.043,0,0,0,0,0,0,0,0,0,0.077,-0.082,0.195,0,0,0,0,,,,,,,,,0,0,0,0,,,,,,,,,,,,,,,,,,,,,,,,,,,,,,,,,,,,,,,,,,,,,,,,,,,,,,,,,,,,,,,,,,,,,,,,,,,,,,,,,,,,,,0
63,,,,,,,,,,,,,,,,,,,,,,,,,,,,,,,,,,,,,,,,,,,,,,,,,,,,,,,,,,,,,,,,,,,,,,,,,,,,,,,,,,0.047,0.054,-0.123,-0.291,0.058,0.077,-0.014,-0.103,0.129,0.136,-0.108,-0.108,-0.119,0.091,,,,,,,,,,0.012,-0.191,-0.052,0.083,-0.002,0,0.013,-0.136,-0.024,0.06,-0.012,,,,,,-0.044,0.129,-0.004,-0.197,0,0,,,,,,,,,,,,,,,-0.011,0.056,-0.002,-0.016,-0.028,-0.025,0.003,0.008,-0.153,-0.003,-0.127,0.013,-0.008,0.001,,,,,,,,,,,,,,,,,,,,,,,,,,,,,,,,,,,,,,,,,,,,,,,,,,,,,,,,,,,,,,,,,,,,,,,,,,,,,,,,,,,,,,,,,,,,,,,,,,,,,,,,,,,,,,,,,,,,,,,,,,,,,,,,,,,,,,,,,,,,,,,,,,,,,,,,,,,,,,,,,,,,,,,,,,,,,,,,,,,,,,,,,,,,,,,,,,,,,,,,,,,,,,,,,,,,,,,,,,,,,,,,,,,,,,,,,,,,,,,,,,,,,,,,,,,,,,,,,,,,,,,,,,,,,,,,,,,,,,,,,,,,,,,,,,,,,,,,,,,,,,,,,,,,,,,,,,,,,,,,,,,,,,,,,,,,,,,,,,,,,,,,,,,,,,,,,,,,,,,,,,,,,,,,,,,,,,,,,,,,,,,,,,,,,,,,,,,,,,,,,,,,,,,,,,,,,,,,,,,,,,,,,,,,,,,,,,,,,,,,,,,,,,,,,,,,,,,,,,,,,,,,,,,,,,,,,,,,,,,,,,,,,,,,,,,,,,,,,,,,,,,,,,,,,,,,,,,,,,,,,,,,,,,,,,,,,,,,,,,,,,,,,,,,,,,,,,,,,,,,,,,,,,,,,,-0.147,-0.19,0.019,-0.137,-0.085,-0.082,0.057,-0.001,0.079,0.033,-0.09,-0.119,-0.143,0.193,0.017,-0.115,-0.137,-0.001,0.171,0.049,-0.222,0.008,0.019,0.057,-0.119,-0.115,-0.09,0.017,0.101,0.101,-0.19,-0.082,0.015,-0.087,-0.076,-0.082,-0.147,-0.085,0.033,0.193,0.079,-0.143,-0.04,0.52,-0.04,0.52,0.01,0.003,-0.004,0,0,0,0,0.022,0.022,-0.005,0,0.025,0.033,-0.006,-0.005,0.219,0.025,-0.011,-0.006,-0.134,0.219,-0.005,0.016,0.141,0.225,-0.006,0.235,0,0,-0.015,-0.095,0,0,0.005,-0.093,0.009,-0.081,0.009,-0.081,0,0,-0.012,-0.108,-0.013,-0.108,-0.011,-0.129,0,0,0.302,0.004,0,0,0,0,0,0,0.127,-0.011,0.042,-0.014,0.016,0.03,-0.058,0.013,-0.027,0.013,-0.015,0.013,0.018,-0.026,0.013,-0.015,0.013,-0.024,,,,,,-0.029,-0.029,0.029,-0.029,-0.029,-0.177,0,0,0,0,0,0,0,0,,,,,,,,,0.008,-0.118,0.008,-0.118,0,0,0,0,0,0,0,0,,,,,,,,,,,,,,,,,,,,,,,,,,,,,,,,,,,,,,,,,,,,,,,,,,,,,,,,,,,,,,,,,,,,,,,,,,,,,,,,,,,,,,0
68,0.036,0.026,0.312,0.294,-0.013,0.07,0.015,0.088,-0.097,-0.062,0.129,0.129,-0.048,0.052,,,,,,,,,,0.009,-0.268,-0.051,0.062,-0.005,0,-0.081,0.449,-0.04,,,0.128,-0.178,,,,0.336,-0.498,-0.022,0.343,0,0.001,,,,,,,,,,,,,0.025,-0.036,0.023,-0.001,0.038,0.034,0.013,-0.014,0.089,0.002,0,0,,,,,,,,,,,,,,,,,,,,,,,,,,,,,,,,,,,,,,,,,,,,,,,,,,,,,,,,,,,,,,,,,,,,,,,,,,,,,,,,,,,,,,,,,,,,,,,,,,,,,,,,,,,,,,,,,,,,,,,,,,,,,,,,,,,,,,,,,,,,,,,,,,,,,,,,,,,,,,,,,,,,,,,,,,,,,,,,,,,,,,,,,,,,,,,,,,,,,,,,,,,,,,,,,,,,,,,,,,,,,,,,,,,,,,,,,,,,,,,,,,,,,,,,,,,,,,,,,,,,,,,,,,,,,,,,,,,,,,,,,,,,,,,,,,,,,,,,,,,,,,,,,,,,,,,,,,,,,,,,,,,,,,,,,,,,,,,,,,,,,,,,,,,,,,,,,,,,,,,,,,,,,,,,,,,,,,,,,,,,,,,,,,,,,,,,,,,,,,,,,,,,,,,,,,,,,,,,,,,,,,,,,,,,,,,,,,,,,,,,,,,,,,,,,,,,,,,,,,,,,,,,,,,,,,,,,,,,,,,,,,,,,,,,,,,,,,,,,,,,,,,,,,,,,,,,,,,,,,,,,,,,,,,,,,,,,,,,,,,,,,,,,,,,,,,,,,,,,,,,,,,,,,,,,,,,,,,,,,,,,,,,,,,,,,,,,,,,,,,,,,,,,,,,,,,,,,,,,,,,,,,,,,,,,,,,,,,,,,,,,,,,,,,,,,,,,,,0.182,-0.03,-0.099,0.177,0.004,-0.018,-0.113,-0.085,-0.116,-0.132,0.107,0.108,0.184,-0.099,-0.05,-0.115,0.177,-0.085,-0.158,-0.123,-0.034,-0.076,-0.099,-0.113,0.108,-0.115,0.107,-0.05,0.104,0.104,-0.03,-0.018,0.109,0.004,-0.022,-0.018,0.182,0.004,-0.132,-0.099,-0.116,0.184,0.017,-0.48,0.017,-0.48,-0.033,-0.028,-0.125,0,0,0,0,-0.002,-0.002,-0.003,-0.001,0.052,0.112,0.004,-0.003,-0.141,0.052,0,0.004,0.013,-0.141,-0.003,0.043,0.006,0.013,0.005,-0.125,0,0,0.027,-0.02,0,0,-0.002,-0.121,0.002,-0.069,0.002,-0.069,0,0,-0.003,0.006,-0.004,0.006,0,0.018,0,0,0.201,0.003,0,0,0,0,0,0,0.188,0.189,0.117,0.222,0.01,-0.021,0.002,0.013,-0.001,0.013,0.011,0.008,-0.075,0.003,0.013,0.003,0.013,0.063,,,,,,-0.029,-0.025,-0.014,-0.029,-0.029,-0.014,0,0,0,0,0,0,0,0,0,0.077,0.03,0.197,0,0,0,0,,,,,,,,,0,0,0,0,,,,,,,,,,,,,,,,,,,,,,,,,,,,,,,,,,,,,,,,,,,,,,,,,,,,,,,,,,,,,,,,,,,,,,,,,,,,,,,,,,,,,,0
70,0.062,0.071,-0.179,-0.216,0.161,0.025,-0.022,-0.112,-0.174,-0.094,0.17,0.17,-0.163,0.058,-0.013,-0.184,-0.092,0.114,-0.002,0,-0.09,0.408,-0.001,,,,,,,,,,,,-0.027,0.068,0.164,-0.28,0.132,,,,-0.157,0,0.001,,,,,,,,,,,,,-0.021,0.031,-0.02,-0.005,-0.02,-0.024,-0.026,0.023,0.138,0,0,0.001,,,,,,,,,,,,,,,,,,,,,,,,,,,,,,,,,,,,,,,,,,,,,,,,,,,,,,,,,,,,,,,,,,,,,,,,,,,,,,,,,,,,,,,,,,,,,,,,,,,,,,,,,,,,,,,,,,,,,,,,,,,,,,,,,,,,,,,,,,,,,,,,,,,,,,,,,,,,,,,,,,,,,,,,,,,,,,,,,,,,,,,,,,,,,,,,,,,,,,,,,,,,,,,,,,,,,,,,,,,,,,,,,,,,,,,,,,,,,,,,,,,,,,,,,,,,,,,,,,,,,,,,,,,,,,,,,,,,,,,,,,,,,,,,,,,,,,,,,,,,,,,,,,,,,,,,,,,,,,,,,,,,,,,,,,,,,,,,,,,,,,,,,,,,,,,,,,,,,,,,,,,,,,,,,,,,,,,,,,,,,,,,,,,,,,,,,,,,,,,,,,,,,,,,,,,,,,,,,,,,,,,,,,,,,,,,,,,,,,,,,,,,,,,,,,,,,,,,,,,,,,,,,,,,,,,,,,,,,,,,,,,,,,,,,,,,,,,,,,,,,,,,,,,,,,,,,,,,,,,,,,,,,,,,,,,,,,,,,,,,,,,,,,,,,,,,,,,,,,,,,,,,,,,,,,,,,,,,,,,,,,,,,,,,,,,,,,,,,,,,,,,,,,,,,,,,,,,,,,,,,,,,,,,,,,,,,,,,,,,,,,,,,,,,,,,,,,,,,,,,,,,,,,,,,,,,,,,,,,,,,,,,,,,,,,,,,,,,,,,,,,,,,,,,,,,,,,,,,,,,,,,,,,,,,,,,,,,,,,,,,,,,,,,,,,,,,,,,,,,,,,,,,,,,,,,,,,,,,,,,,,,,,,,,,,,,,,,,,,,,,,,,,,,,,,,,,,,,,,0,0,0,0,0.011,0.093,0.172,-0.086,0,0,0,0,0,0,-0.001,0,-0.283,0.118,0.015,0.017,-0.046,-0.179,0.12,-0.123,-0.055,-0.106,,,,,,,,,0,0,0,0,0.022,0.596,0.091,0.359,0.039,0,0,0,0,0.037,0.001,0.049,-0.054,0.085,0.016,0.049,0,0,0,0,-0.186,-0.29,-0.022,0,0,0,-0.001,-0.009,0,0,0,0,0.251,,,,,,,,0,0,0,0,0
71,-0.167,-0.168,0.276,0.33,0.074,0.161,0.052,0.248,0.163,0.12,0.286,0.286,-0.107,0.092,,,,,,,,,,0.009,-0.146,0.049,-0.245,-0.014,0,0.019,-0.249,-0.018,0.064,0.002,,,,,,-0.164,0.307,-0.018,0.343,0,0.001,,,,,,,,,,,,,,,,,,,,,,,,,0.01,0.038,0.024,-0.079,0.088,0.108,0.024,-0.032,-0.219,0.007,0.053,-0.039,,,,,,,,,,,,,,,,,,,,,,,,,,,,,,,,,,,,,,,,,,,,,,,,,,,,,,,,,,,,,,,,,,,,,,,,,,,,,,,,,,,,,,,,,,,,,,,,,,,,,,,,,,,,,,,,,,,,,,,,,,,,,,,,,,,,,,,,,,,,,,,,,,,,,,,,,,,,,,,,,,,,,,,,,,,,,,,,,,,,,,,,,,,,,,,,,,,,,,,,,,,,,,,,,,,,,,,,,,,,,,,,,,,,,,,,,,,,,,,,,,,,,,,,,,,,,,,,,,,,,,,,,,,,,,,,,,,,,,,,,,,,,,,,,,,,,,,,,,,,,,,,,,,,,,,,,,,,,,,,,,,,,,,,,,,,,,,,,,,,,,,,,,,,,,,,,,,,,,,,,,,,,,,,,,,,,,,,,,,,,,,,,,,,,,,,,,,,,,,,,,,,,,,,,,,,,,,,,,,,,,,,,,,,,,,,,,,,,,,,,,,,,,,,,,,,,,,,,,,,,,,,,,,,,,,,,,,,,,,,,,,,,,,,,,,,,,,,,,,,,,,,,,,,,,,,,,,,,,,,,,,,,,,,,,,,,,,,,,,,,,,,,,,,,,,,,,,,,,,,,,,,,,,,,,,,,,,,,,,,,,,,,,,,,,,,,,,,,,,,,,,,,,,,,,,,,,,,,,,,,,,,,,,,,,,,,,,,,,,,,,,0.448,0.077,0.011,-0.146,-0.017,-0.018,0.013,0.038,-0.038,-0.031,-0.189,-0.176,0.172,0.013,-0.017,-0.115,-0.146,0.038,-0.028,0.011,-0.227,0.047,0.011,0.013,-0.176,-0.115,-0.189,-0.017,0.104,0.104,0.077,-0.018,0.184,-0.017,0.015,-0.018,0.448,-0.017,-0.031,0.013,-0.038,0.172,0.017,-0.48,0.017,-0.48,-0.028,-0.024,-0.086,0,0,0,0,-0.009,-0.009,-0.003,0.001,0.16,0.112,-0.004,-0.003,0.119,0.16,-0.001,-0.004,-0.166,0.119,-0.003,0.151,0.033,0.195,-0.003,0.135,0,0,-0.08,-0.134,0,0,0.008,-0.042,0.002,-0.069,0.002,-0.069,0,0,0.022,-0.174,0.021,-0.174,-0.001,-0.161,0,0,0.14,0.011,0,0,0,0,0,0,0.009,0.174,-0.022,-0.018,0.011,-0.012,0.002,0.013,0.001,0.013,0.011,0.013,0.015,0.011,0.013,0.003,0.013,-0.036,,,,,,0.108,0.112,0.12,0.108,0.108,0.108,0,0,0,0,0,0,0,0,0,0.013,0.141,0.034,0,0,0,0,,,,,,,,,0,0,0,0,,,,,,,,,,,,,,,,,,,,,,,,,,,,,,,,,,,,,,,,,,,,,,,,,,,,,,,,,,,,,,,,,,,,,,,,,,,,,,,,,,,,,,0
72,,,,,,,,,,,,,,,,,,,,,,,,,,,,,,,,,,,,,,,,,,,,,,,,,,,,,,,,,,,,,,,,,,,,,,,,,,,,,,,,,,-0.191,-0.212,0.132,0.33,0.113,0.154,0.03,0.24,-0.039,-0.024,-0.153,-0.153,0.01,0.068,0.033,-0.031,0.066,-0.159,-0.005,0,0.043,-0.132,0.065,,,,,,,,,,,,0.163,0.044,-0.01,0.053,-0.055,,,,-0.197,0,0,,,,,,,,,,,,,,,0.137,-0.063,0.033,0.007,0.011,0.022,0.016,0.008,0.055,-0.025,0.087,0.004,0.009,0.003,,,,,,,,,,,,,,,,,,,,,,,,,,,,,,,,,,,,,,,,,,,,,,,,,,,,,,,,,,,,,,,,,,,,,,,,,,,,,,,,,,,,,,,,,,,,,,,,,,,,,,,,,,,,,,,,,,,,,,,,,,,,,,,,,,,,,,,,,,,,,,,,,,,,,,,,,,,,,,,,,,,,,,,,,,,,,,,,,,,,,,,,,,,,,,,,,,,,,,,,,,,,,,,,,,,,,,,,,,,,,,,,,,,,,,,,,,,,,,,,,,,,,,,,,,,,,,,,,,,,,,,,,,,,,,,,,,,,,,,,,,,,,,,,,,,,,,,,,,,,,,,,,,,,,,,,,,,,,,,,,,,,,,,,,,,,,,,,,,,,,,,,,,,,,,,,,,,,,,,,,,,,,,,,,,,,,,,,,,,,,,,,,,,,,,,,,,,,,,,,,,,,,,,,,,,,,,,,,,,,,,,,,,,,,,,,,,,,,,,,,,,,,,,,,,,,,,,,,,,,,,,,,,,,,,,,,,,,,,,,,,,,,,,,,,,,,,,,,,,,,,,,,,,,,,,,,,,,,,,,,,,,,,,,,,,,,,,,,,,,,,,,,,,,,,,,,,,,,,,,,,,,,,,,,,0.182,0.077,0.093,0.15,0.168,0.16,-0.107,-0.053,-0.142,-0.081,0.161,0.16,0.125,0.013,-0.083,-0.115,0.15,-0.053,-0.175,-0.091,0.335,-0.07,0.093,-0.107,0.16,-0.115,0.161,-0.083,0.082,0.082,0.077,0.16,0.109,0.17,0.015,0.16,0.182,0.168,-0.081,0.013,-0.142,0.125,0.017,-0.48,0.017,-0.48,0.039,0.015,0.031,0,0,0,0,0.014,0.014,-0.005,0.003,0.052,0.191,-0.006,-0.005,0.039,0.052,-0.011,-0.006,0.036,0.039,-0.005,0.043,0.032,0.134,-0.006,0.055,0,0,0.013,-0.031,0,0,-0.005,-0.038,0.008,0.009,0.009,0.009,0,0,-0.012,0.037,-0.013,0.037,-0.011,0.041,0,0,0.057,-0.003,0,0,0,0,0,0,0.014,-0.151,-0.253,0.015,0.007,-0.032,0.039,0.013,0.019,0.013,0.051,0.01,-0.058,0.002,0.013,0.003,0.013,0.044,,,,,,-0.074,-0.067,0.006,-0.074,-0.074,-0.014,0,0,0,0,0,0,0,0,0,0.084,0.03,0.214,0,0,0,0,,,,,,,,,0,0,0,0,,,,,,,,,,,,,,,,,,,,,,,,,,,,,,,,,,,,,,,,,,,,,,,,,,,,,,,,,,,,,,,,,,,,,,,,,,,,,,,,,,,,,,0
73,,,,,,,,,,,,,,,,,,,,,,,,,,,,,,,,,,,,,,,,,,,,,,,,,,,,,,,,,,,,,,,,,,,,,,,,,,,,,,,,,,0.01,0.026,-0.116,-0.308,0.058,0,-0.01,-0.103,-0.113,-0.134,-0.077,-0.077,-0.134,0.09,,,,,,,,,,0.012,-0.138,0.048,-0.339,0.005,0,0.013,-0.048,0.041,,,-0.078,-0.351,-0.01,0.063,-0.032,,,,-0.197,0,0,,,,,,,,,,,,,,,0.002,0.066,0.019,-0.045,-0.028,-0.025,-0.033,0.008,-0.257,0.016,-0.121,-0.032,0.001,-0.001,,,,,,,,,,,,,,,,,,,,,,,,,,,,,,,,,,,,,,,,,,,,,,,,,,,,,,,,,,,,,,,,,,,,,,,,,,,,,,,,,,,,,,,,,,,,,,,,,,,,,,,,,,,,,,,,,,,,,,,,,,,,,,,,,,,,,,,,,,,,,,,,,,,,,,,,,,,,,,,,,,,,,,,,,,,,,,,,,,,,,,,,,,,,,,,,,,,,,,,,,,,,,,,,,,,,,,,,,,,,,,,,,,,,,,,,,,,,,,,,,,,,,,,,,,,,,,,,,,,,,,,,,,,,,,,,,,,,,,,,,,,,,,,,,,,,,,,,,,,,,,,,,,,,,,,,,,,,,,,,,,,,,,,,,,,,,,,,,,,,,,,,,,,,,,,,,,,,,,,,,,,,,,,,,,,,,,,,,,,,,,,,,,,,,,,,,,,,,,,,,,,,,,,,,,,,,,,,,,,,,,,,,,,,,,,,,,,,,,,,,,,,,,,,,,,,,,,,,,,,,,,,,,,,,,,,,,,,,,,,,,,,,,,,,,,,,,,,,,,,,,,,,,,,,,,,,,,,,,,,,,,,,,,,,,,,,,,,,,,,,,,,,,,,,,,,,,,,,,,,,,,,,,,,,,0.101,0.119,-0.216,0.165,0.068,0.034,0.101,0.109,0.179,0.181,-0.034,-0.046,0.092,-0.144,-0.083,-0.115,0.165,0.109,0.033,0.093,-0.042,0.118,-0.216,0.101,-0.046,-0.115,-0.034,-0.083,0.037,0.037,0.119,0.034,0.085,0.069,0.03,0.034,0.101,0.068,0.181,-0.144,0.179,0.092,0.303,0.52,0.303,0.52,0.015,0.015,0.047,-0.001,0,0,0,-0.001,-0.001,0.003,-0.001,0.079,-0.23,-0.007,0.003,0.099,0.079,-0.007,-0.007,0.403,0.099,,,,,,,,,,,,,,,,,,,,,,,,,,,,,,,,,0,0,0,0,0.14,-0.091,-0.238,-0.117,0.011,-0.012,-0.026,0.013,-0.013,0.013,0.031,0.017,0.072,-0.001,0.013,-0.001,0.013,0.105,,,,,,0.108,0.098,-0.03,0.108,0.108,0.083,0,0,0,0,0,0,0,0,0,-0.022,-0.082,-0.056,0,0,0,0,,,,,,,,,0,0,0,0,,,,,,,,,,,,,,,,,,,,,,,,,,,,,,,,,,,,,,,,,,,,,,,,,,,,,,,,,,,,,,,,,,,,,,,,,,,,,,,,,,,,,,0
75,0.036,0.056,0.312,0.294,-0.056,-0.066,0.008,0.048,-0.021,0.083,-0.003,-0.003,-0.053,0.04,-0.013,0.021,0.008,-0.26,0.004,0,0.01,-0.043,0.063,,,,,,,,,,,,0.005,0.147,0.164,-0.293,-0.069,,,,0.343,0,0.001,,,,,,,,,,,,,,,,,,,,,,,,,0.003,-0.029,-0.007,-0.022,0.088,0.104,-0.011,0.021,0.096,-0.034,0.093,-0.026,,,,,,,,,,,,,,,,,,,,,,,,,,,,,,,,,,,,,,,,,,,,,,,,,,,,,,,,,,,,,,,,,,,,,,,,,,,,,,,,,,,,,,,,,,,,,,,,,,,,,,,,,,,,,,,,,,,,,,,,,,,,,,,,,,,,,,,,,,,,,,,,,,,,,,,,,,,,,,,,,,,,,,,,,,,,,,,,,,,,,,,,,,,,,,,,,,,,,,,,,,,,,,,,,,,,,,,,,,,,,,,,,,,,,,,,,,,,,,,,,,,,,,,,,,,,,,,,,,,,,,,,,,,,,,,,,,,,,,,,,,,,,,,,,,,,,,,,,,,,,,,,,,,,,,,,,,,,,,,,,,,,,,,,,,,,,,,,,,,,,,,,,,,,,,,,,,,,,,,,,,,,,,,,,,,,,,,,,,,,,,,,,,,,,,,,,,,,,,,,,,,,,,,,,,,,,,,,,,,,,,,,,,,,,,,,,,,,,,,,,,,,,,,,,,,,,,,,,,,,,,,,,,,,,,,,,,,,,,,,,,,,,,,,,,,,,,,,,,,,,,,,,,,,,,,,,,,,,,,,,,,,,,,,,,,,,,,,,,,,,,,,,,,,,,,,,,,,,,,,,,,,,,,,,,,,,,,,,,,,,,,,,,,,,,,,,,,,,,,,,,,,,,,,,,,,,,,,,,,,,,,,,,,,,,,,,,,,,,,,,,,0.049,-0.139,0.072,-0.207,-0.009,-0.002,-0.069,-0.033,-0.168,-0.157,0.054,0.115,0.137,-0.099,-0.05,0.218,-0.207,-0.033,-0.39,-0.072,0.063,-0.044,0.072,-0.069,0.115,0.218,0.054,-0.05,0.063,0.063,-0.139,-0.002,0.071,-0.009,-0.059,-0.001,0.049,-0.009,-0.157,-0.099,-0.168,0.137,0.017,-0.48,0.017,-0.48,-0.019,-0.013,-0.035,0,0,0,0,-0.003,-0.003,-0.005,0.003,0.052,0.033,-0.006,-0.005,-0.061,0.052,-0.011,-0.006,0.082,-0.061,-0.005,0.043,0.055,0.043,-0.006,-0.045,0,0,0.033,0.097,0,0,-0.005,0.001,-0.002,0.04,-0.002,0.04,0,0,-0.012,0.107,-0.013,0.107,-0.011,0.087,0,0,0.057,-0.007,0,0,0,0,0,0,0.059,0.012,0.085,0.15,0.011,-0.032,0.008,0.013,0.003,0.013,0.038,0.012,-0.019,0.024,0.013,0.007,0.013,0.031,,,,,,-0.119,-0.096,0.086,-0.119,-0.119,0.018,0,0,0,0,0,0,0,0,,,,,,,,,0.008,0.013,0.008,0.013,0,0,0,0,0,0,0,0,,,,,,,,,,,,,,,,,,,,,,,,,,,,,,,,,,,,,,,,,,,,,,,,,,,,,,,,,,,,,,,,,,,,,,,,,,,,,,,,,,,,,,0
76,,,,,,,,,,,,,,,,,,,,,,,,,,,,,,,,,,,,,,,,,,,,,,,,,,,,,,,,,,,,,,,,,,,,,,,,,,,,,,,,,,0.071,0.09,-0.123,-0.274,-0.053,-0.154,-0.018,-0.135,0.006,0.106,0.153,0.153,0.117,-0.103,0.033,-0.277,0.066,-0.323,0.002,0,-0.069,0.457,-0.049,,,,,,,,,,,,0.08,0.192,,,,-0.044,-0.154,0.157,-0.197,0,0,,,,,,,,,,,,,,,-0.242,0.014,-0.184,-0.06,-0.048,-0.029,0.008,0.008,0.292,0.01,0.17,0.027,-0.014,0.01,,,,,,,,,,,,,,,,,,,,,,,,,,,,,,,,,,,,,,,,,,,,,,,,,,,,,,,,,,,,,,,,,,,,,,,,,,,,,,,,,,,,,,,,,,,,,,,,,,,,,,,,,,,,,,,,,,,,,,,,,,,,,,,,,,,,,,,,,,,,,,,,,,,,,,,,,,,,,,,,,,,,,,,,,,,,,,,,,,,,,,,,,,,,,,,,,,,,,,,,,,,,,,,,,,,,,,,,,,,,,,,,,,,,,,,,,,,,,,,,,,,,,,,,,,,,,,,,,,,,,,,,,,,,,,,,,,,,,,,,,,,,,,,,,,,,,,,,,,,,,,,,,,,,,,,,,,,,,,,,,,,,,,,,,,,,,,,,,,,,,,,,,,,,,,,,,,,,,,,,,,,,,,,,,,,,,,,,,,,,,,,,,,,,,,,,,,,,,,,,,,,,,,,,,,,,,,,,,,,,,,,,,,,,,,,,,,,,,,,,,,,,,,,,,,,,,,,,,,,,,,,,,,,,,,,,,,,,,,,,,,,,,,,,,,,,,,,,,,,,,,,,,,,,,,,,,,,,,,,,,,,,,,,,,,,,,,,,,,,,,,,,,,,,,,,,,,,,,,,,,,,,,,,,,,0.296,0.061,-0.119,0.04,-0.034,-0.031,-0.22,-0.202,0.01,0.041,-0.253,-0.237,-0.073,-0.2,0.25,0.218,0.04,-0.202,0.09,-0.232,-0.117,-0.193,-0.119,-0.22,-0.237,0.218,-0.253,0.25,-0.702,-0.702,0.061,-0.031,0.141,-0.035,0.01,-0.031,0.296,-0.034,0.041,-0.2,0.01,-0.073,-0.24,0.52,-0.24,0.52,0.02,0.019,0.082,-0.001,0,0,0,-0.002,-0.002,-0.003,-0.003,-0.137,-0.046,0.002,-0.003,0.159,-0.137,-0.019,0.002,0.054,0.159,,,,,,,,,,,,,,,,,,,,,,,,,,,,,,,,,0,0,0,0,-0.182,-0.181,0.082,0.093,0.009,-0.015,0.091,0.013,0.043,0.013,0.051,0.015,0.052,0.136,0.013,0.063,0.013,-0.036,0,0,-0.042,0,,-0.029,-0.02,-0.112,-0.029,-0.029,0.051,0,0,0,0,0,0,0,0,0,-0.023,0.03,-0.059,0,0,0,0,,,,,,,,,0,0,0,0,,,,,,,,,,,,,,,,,,,,,,,,,,,,,,,,,,,,,,,,,,,,,,,,,,,,,,,,,,,,,,,,,,,,,,,,,,,,,,,,,,,,,,0
78,0.101,0.108,0.003,-0.052,0.074,-0.021,-0.022,-0.072,0.01,0.035,0.083,0.083,-0.081,-0.197,,,,,,,,,,0.009,-0.195,-0.051,0.129,0,0,0.019,-0.229,-0.003,,,0.124,-0.128,,,,0.336,-0.321,0.093,-0.157,0,0.001,,,,,,,,,,,,,,,,,,,,,,,,,0,-0.071,0.045,0.062,-0.212,-0.136,0.038,-0.078,0.291,0.083,-0.165,0.144,,,,,,,,,,,,,,,,,,,,,,,,,,,,,,,,,,,,,,,,,,,,,,,,,,,,,,,,,,,,,,,,,,,,,,,,,,,,,,,,,,,,,,,,,,,,,,,,,,,,,,,,,,,,,,,,,,,,,,,,,,,,,,,,,,,,,,,,,,,,,,,,,,,,,,,,,,,,,,,,,,,,,,,,,,,,,,,,,,,,,,,,,,,,,,,,,,,,,,,,,,,,,,,,,,,,,,,,,,,,,,,,,,,,,,,,,,,,,,,,,,,,,,,,,,,,,,,,,,,,,,,,,,,,,,,,,,,,,,,,,,,,,,,,,,,,,,,,,,,,,,,,,,,,,,,,,,,,,,,,,,,,,,,,,,,,,,,,,,,,,,,,,,,,,,,,,,,,,,,,,,,,,,,,,,,,,,,,,,,,,,,,,,,,,,,,,,,,,,,,,,,,,,,,,,,,,,,,,,,,,,,,,,,,,,,,,,,,,,,,,,,,,,,,,,,,,,,,,,,,,,,,,,,,,,,,,,,,,,,,,,,,,,,,,,,,,,,,,,,,,,,,,,,,,,,,,,,,,,,,,,,,,,,,,,,,,,,,,,,,,,,,,,,,,,,,,,,,,,,,,,,,,,,,,,,,,,,,,,,,,,,,,,,,,,,,,,,,,,,,,,,,,,,,,,,,,,,,,,,,,,,,,,,,,,,,,,,,,,,,,,,0.03,0.17,0.332,-0.18,-0.065,-0.042,-0.17,-0.118,0.01,0.041,-0.112,-0.063,-0.014,-0.032,0.283,-0.115,-0.18,-0.118,-0.374,-0.155,0.474,-0.135,0.332,-0.17,-0.063,-0.115,-0.112,0.283,-0.702,-0.702,0.17,-0.042,0.065,-0.066,0.047,-0.041,0.03,-0.065,0.041,-0.032,0.01,-0.014,-0.24,0.52,-0.24,0.52,0.029,0.019,0.086,0,0,0,0,-0.004,-0.004,0.003,0.004,-0.056,-0.046,0.004,0.003,0.099,-0.056,-0.01,0.004,-0.093,0.099,,,,,,,,,,,,,,,,,,,,,,,,,,,,,,,,,0,0,0,0,-0.379,-0.184,0.071,0.148,0.011,-0.029,-0.004,0.013,-0.001,0.013,0.038,0.014,0.021,0.048,0.013,0.023,0.013,-0.014,0.002,0,-0.034,0.001,,0.017,0.023,0.138,0.017,0.017,0.067,0,0,0,0,0,0,0,0,0,-0.079,0.03,-0.201,0,0,0,0,,,,,,,,,0,0,0,0,,,,,,,,,,,,,,,,,,,,,,,,,,,,,,,,,,,,,,,,,,,,,,,,,,,,,,,,,,,,,,,,,,,,,,,,,,,,,,,,,,,,,,0
79,,,,,,,,,,,,,,,,,,,,,,,,,,,,,,,,,,,,,,,,,,,,,,,,,,,,,,,,,,,,,,,,,,,,,,,,,,,,,,,,,,-0.002,-0.032,-0.057,-0.153,0.002,0,-0.006,-0.041,-0.029,-0.054,0.147,0.147,-0.1,0.019,0.033,-0.184,0.066,0.021,0.003,0,0.043,-0.198,0.081,,,,,,,,,,0.146,0.022,,,-0.01,-0.299,-0.016,,,,-0.197,0,0,,,,,,,,,,,,,,,-0.19,-0.034,-0.165,0.033,0.011,0.001,0.023,0.008,0.025,0.023,-0.02,0.015,0.005,0,,,,,,,,,,,,,,,,,,,,,,,,,,,,,,,,,,,,,,,,,,,,,,,,,,,,,,,,,,,,,,,,,,,,,,,,,,,,,,,,,,,,,,,,,,,,,,,,,,,,,,,,,,,,,,,,,,,,,,,,,,,,,,,,,,,,,,,,,,,,,,,,,,,,,,,,,,,,,,,,,,,,,,,,,,,,,,,,,,,,,,,,,,,,,,,,,,,,,,,,,,,,,,,,,,,,,,,,,,,,,,,,,,,,,,,,,,,,,,,,,,,,,,,,,,,,,,,,,,,,,,,,,,,,,,,,,,,,,,,,,,,,,,,,,,,,,,,,,,,,,,,,,,,,,,,,,,,,,,,,,,,,,,,,,,,,,,,,,,,,,,,,,,,,,,,,,,,,,,,,,,,,,,,,,,,,,,,,,,,,,,,,,,,,,,,,,,,,,,,,,,,,,,,,,,,,,,,,,,,,,,,,,,,,,,,,,,,,,,,,,,,,,,,,,,,,,,,,,,,,,,,,,,,,,,,,,,,,,,,,,,,,,,,,,,,,,,,,,,,,,,,,,,,,,,,,,,,,,,,,,,,,,,,,,,,,,,,,,,,,,,,,,,,,,,,,,,,,,,,,,,,,,,,,,,-0.172,-0.103,0.262,-0.029,0.063,0.037,0.208,0.148,0.126,0.155,-0.125,-0.133,-0.061,0.137,0.283,0.218,-0.029,0.148,0.314,0.202,-0.157,0.157,0.262,0.208,-0.133,0.218,-0.125,0.283,-0.657,-0.657,-0.103,0.037,0.008,0.064,-0.047,0.037,-0.172,0.063,0.155,0.137,0.126,-0.061,-0.183,0.52,-0.183,0.52,0.077,0.058,0.2,0,0,0,0,-0.002,-0.002,-0.002,-0.002,-0.137,0.086,-0.003,-0.002,-0.201,-0.137,-0.009,-0.003,0.054,-0.201,,,,,,,,,,,,,,,,,,,,,,,,,,,,,,,,,0,0,0,0,-0.202,-0.157,0.073,0.213,0.012,0.019,-0.014,0.013,-0.007,0.013,-0.025,0.018,0.055,-0.025,0.013,-0.011,0.013,-0.062,,,,,,-0.074,-0.03,-0.28,-0.074,-0.074,0.01,0,0.017,0,0,0,0,0,0,,,,,,,,,-0.092,0.111,-0.092,0.111,0,0,0,0,0,0,0,0,,,,,,,,,,,,,,,,,,,,,,,,,,,,,,,,,,,,,,,,,,,,,,,,,,,,,,,,,,,,,,,,,,,,,,,,,,,,,,,,,,,,,,0
81,0.036,0.078,-0.179,-0.161,0.031,0.161,-0.015,-0.112,0.122,0.045,0.126,0.126,-0.038,-0.129,,,,,,,,,,0.009,0.084,0.049,-0.332,-0.001,0,0.019,0.211,0.021,0.077,0.002,,,,,,-0.164,0.299,-0.014,0.343,0,0.001,,,,,,,,,,,,,,,,,,,,,,,,,0.079,-0.115,0.004,-0.04,0.288,0.208,0.029,0.021,-0.028,-0.022,0.182,-0.121,,,,,,,,,,,,,,,,,,,,,,,,,,,,,,,,,,,,,,,,,,,,,,,,,,,,,,,,,,,,,,,,,,,,,,,,,,,,,,,,,,,,,,,,,,,,,,,,,,,,,,,,,,,,,,,,,,,,,,,,,,,,,,,,,,,,,,,,,,,,,,,,,,,,,,,,,,,,,,,,,,,,,,,,,,,,,,,,,,,,,,,,,,,,,,,,,,,,,,,,,,,,,,,,,,,,,,,,,,,,,,,,,,,,,,,,,,,,,,,,,,,,,,,,,,,,,,,,,,,,,,,,,,,,,,,,,,,,,,,,,,,,,,,,,,,,,,,,,,,,,,,,,,,,,,,,,,,,,,,,,,,,,,,,,,,,,,,,,,,,,,,,,,,,,,,,,,,,,,,,,,,,,,,,,,,,,,,,,,,,,,,,,,,,,,,,,,,,,,,,,,,,,,,,,,,,,,,,,,,,,,,,,,,,,,,,,,,,,,,,,,,,,,,,,,,,,,,,,,,,,,,,,,,,,,,,,,,,,,,,,,,,,,,,,,,,,,,,,,,,,,,,,,,,,,,,,,,,,,,,,,,,,,,,,,,,,,,,,,,,,,,,,,,,,,,,,,,,,,,,,,,,,,,,,,,,,,,,,,,,,,,,,,,,,,,,,,,,,,,,,,,,,,,,,,,,,,,,,,,,,,,,,,,,,,,,,,,,,,,,,,,0.182,-0.03,0.204,-0.066,-0.004,-0.004,-0.019,-0.033,-0.168,-0.157,0.141,0.085,0.172,0.181,-0.083,0.218,-0.066,-0.033,0.28,-0.028,-0.179,-0.024,0.204,-0.019,0.085,0.218,0.141,-0.083,0.082,0.082,-0.03,-0.004,0.109,-0.004,-0.022,-0.004,0.182,-0.004,-0.157,0.181,-0.168,0.172,0.017,-0.48,0.017,-0.48,-0.033,-0.024,-0.071,0,0,0,0,-0.007,-0.007,-0.005,0,-0.002,0.138,-0.006,-0.005,-0.081,-0.002,-0.011,-0.006,-0.051,-0.081,-0.005,-0.011,-0.11,-0.048,-0.006,-0.065,0,0,-0.015,-0.036,0,0,0.005,-0.026,0.009,0.009,0.009,0.009,0,0,-0.012,-0.047,-0.013,-0.047,-0.011,-0.046,0,0,0.119,0.004,0,0,0,0,0,0,0.008,0.034,0.127,0.119,0.014,-0.001,-0.02,0.013,-0.011,0.013,-0.002,0.01,-0.021,-0.033,0.013,-0.013,0.013,-0.03,,,,,,-0.301,-0.288,-0.033,-0.301,-0.301,-0.014,0,0,0,0,0,0,0,0,,,,,,,,,0.108,0.077,0.108,0.077,0,0,0,0,0,0,0,0,,,,,,,,,,,,,,,,,,,,,,,,,,,,,,,,,,,,,,,,,,,,,,,,,,,,,,,,,,,,,,,,,,,,,,,,,,,,,,,,,,,,,,0
82,-0.016,0.041,-0.179,-0.197,-0.273,-0.43,-0.007,-0.072,-0.092,-0.174,-0.197,-0.197,-0.145,0.061,0.087,-0.06,0.108,-0.113,-0.011,0,0.11,-0.231,0.035,,,,,,,,,,-0.01,-0.003,,,,,,-0.164,0.292,0.004,-0.157,0,0.001,,,,,,,,,,,,,,,,,,,,,,,,,-0.18,-0.022,-0.027,-0.041,-0.112,-0.141,-0.07,-0.071,-0.296,-0.035,-0.115,-0.061,,,,,,,,,,,,,,,,,,,,,,,,,,,,,,,,,,,,,,,,,,,,,,,,,,,,,,,,,,,,,,,,,,,,,,,,,,,,,,,,,,,,,,,,,,,,,,,,,,,,,,,,,,,,,,,,,,,,,,,,,,,,,,,,,,,,,,,,,,,,,,,,,,,,,,,,,,,,,,,,,,,,,,,,,,,,,,,,,,,,,,,,,,,,,,,,,,,,,,,,,,,,,,,,,,,,,,,,,,,,,,,,,,,,,,,,,,,,,,,,,,,,,,,,,,,,,,,,,,,,,,,,,,,,,,,,,,,,,,,,,,,,,,,,,,,,,,,,,,,,,,,,,,,,,,,,,,,,,,,,,,,,,,,,,,,,,,,,,,,,,,,,,,,,,,,,,,,,,,,,,,,,,,,,,,,,,,,,,,,,,,,,,,,,,,,,,,,,,,,,,,,,,,,,,,,,,,,,,,,,,,,,,,,,,,,,,,,,,,,,,,,,,,,,,,,,,,,,,,,,,,,,,,,,,,,,,,,,,,,,,,,,,,,,,,,,,,,,,,,,,,,,,,,,,,,,,,,,,,,,,,,,,,,,,,,,,,,,,,,,,,,,,,,,,,,,,,,,,,,,,,,,,,,,,,,,,,,,,,,,,,,,,,,,,,,,,,,,,,,,,,,,,,,,,,,,,,,,,,,,,,,,,,,,,,,,,,,,,,,,,,,0.315,0.077,0.121,0.07,-0.019,-0.026,-0.038,-0.027,0.014,-0.031,0.087,0.108,0.089,0.181,-0.017,-0.115,0.07,-0.027,-0.028,-0.047,-0.099,-0.018,0.121,-0.038,0.108,-0.115,0.087,-0.017,0.104,0.104,0.077,-0.026,0.146,-0.02,0.015,-0.026,0.315,-0.019,-0.031,0.181,0.014,0.089,0.017,-0.48,0.017,-0.48,-0.023,-0.009,-0.027,0,0,0,0,-0.009,-0.009,0.004,-0.003,0.106,0.112,-0.007,0.004,-0.101,0.106,-0.013,-0.007,0.022,-0.101,0.004,0.097,-0.151,-0.108,-0.007,-0.085,0,0,0.042,0.037,0,0,-0.006,-0.066,-0.003,-0.041,-0.003,-0.041,0,0,-0.014,0.081,-0.015,0.08,-0.013,0.027,0,0,-0.069,-0.009,0,0,0,0,0,0,-0.142,-0.007,-0.103,-0.101,0.006,-0.063,0.065,0.013,0.031,0.013,0.051,0.012,-0.007,-0.083,0.013,-0.047,0.013,0.07,,,,,,0.153,0.133,-0.353,0.153,0.153,-0.136,0,0,0,0,0,0,0,0,,,,,,,,,0.108,0.258,0.108,0.258,0,0,0,0,0,0,0,0,,,,,,,,,,,,,,,,,,,,,,,,,,,,,,,,,,,,,,,,,,,,,,,,,,,,,,,,,,,,,,,,,,,,,,,,,,,,,,,,,,,,,,0
84,,,,,,,,,,,,,,,,,,,,,,,,,,,,,,,,,,,,,,,,,,,,,,,,,,,,,,,,,,,,,,,,,,,,,,,,,,,,,,,,,,,,,,,,,,,,,,,,,,,,,,,,,,,,,,,,,,,,,,,,,,,,,,,,,,,,,,,,,,,,,,,,,,,,,,,,,,,,,,,,,,,,,,,,,,,,,,,,,,,,,,,,,,,,,,,,,,,,,,,,,,,,,,,,,,,,,,,,,,,,,,,,,,,,,,,,,,,,,,,,,,,,,,,,,,,,,,,,,,,,,,,,,,,,,,,,,,,,,,,,,,,,,,,,,,,,,,,,,,,,,,,,,,,,,,,,,,,,,,,,,,,,,0.013,-0.033,0.071,0.008,-0.013,-0.004,0.005,0.007,-0.282,0.288,0.279,-0.5,-0.27,-0.055,,,,,,,,,,,,,,,,-0.205,0.005,0.018,-0.007,-0.112,0.095,0.089,0.032,0.252,0.013,0.016,-0.108,0.004,-0.029,0.021,,,,,,,,,,0.253,0.023,0.169,0.013,0.186,-0.005,-0.014,0.042,0.025,0.176,-0.058,-0.282,-0.27,0.007,0,-0.335,-0.269,0.175,0.179,-0.022,,,,,,,,,,,,,,,,,,,,,,,,,,,,,,,,,,,,,,,,,,,,,,,,,,,,,,,,,,,,,,,,,,,,,,,,,,,,,,,,,,,,,,,,,,,,,,,,,,,,,,,,,,,,,,,,,,,,,,,,,,,,,,,,,,,,,,,,,,,,,,,,,,,,,,,,,,,,,,,,,,,,,,,,,,,,,,,,,,,,,,,,,,,,,,,,,,,,,,,,,,,,,,,,,,,,,,,,,,,,,,,,,,,,,,,,,,,,,,,,,,,,,,,,,,,,,,,,,,,,,,,,,,,,,,,,,,,,,,,,,,,,,-0.048,-0.074,-0.022,-0.125,-0.031,-0.068,-0.089,0.042,-0.035,0.036,-0.042,-0.068,-0.012,0.885,,,,,,,,,,,,,,,,,,,,,,,,,,,,,-0.28,-0.082,0.183,0.023,0.02,0.042,0.101,-0.007,0.027,-0.017,-0.238,-0.185,-0.179,0.193,-0.017,-0.115,0.023,-0.007,0.268,0.093,-0.127,0.002,0.183,0.101,-0.185,-0.115,-0.238,-0.017,0.057,0.057,-0.082,0.042,-0.099,0.02,-0.039,0.042,-0.28,0.02,-0.017,0.193,0.027,-0.179,-0.04,0.52,-0.04,0.52,-0.019,-0.013,-0.031,0,0,0,0,0.009,0.009,0.001,0.001,-0.083,0.033,0.004,0.001,-0.121,-0.083,-0.001,0.004,-0.028,-0.121,0.001,-0.092,0.029,-0.078,0.004,-0.105,0,0,0.036,0.042,0,0,0.008,0.021,0.002,0.018,0.002,0.018,0,0,-0.004,-0.003,-0.005,-0.003,-0.002,-0.023,0,0,-0.045,-0.004,0,0,0,0,0,0,-0.21,-0.135,-0.021,-0.083,0.013,0.047,0.047,0.013,0.017,0.013,-0.032,0.009,-0.078,-0.007,0.013,-0.003,0.013,0.07,,,,,,-0.074,-0.083,0.07,-0.074,-0.074,0.1,0,0,0,0,0,0,0,0,,,,,,,,,0.108,-0.124,0.108,-0.124,0,0,0,0,0,0,0,0,,,,,,,,,,,,,,,,,,,,,,,,,,,,,,,,,,,,,,,,,,,,,,,,,,,,,,,,,,,,,,,,,,,,,,,,,,,,,,,,,,,,,,0
86,-0.003,0.041,-0.033,-0.016,0.074,0.161,0,-0.072,0.025,-0.024,0.151,0.151,0.167,-0.032,,,,,,,,,,0.109,0.139,0.149,-0.087,0.005,0,0.119,-0.1,0.028,,,-0.3,-0.128,,,,-0.164,0.426,-0.018,-0.157,0,0.001,-0.021,0.084,-0.022,-0.021,-0.001,-0.025,0.022,-0.017,0.01,0.027,0,-0.001,,,,,,,,,,,,,,,,,,,,,,,,,,,,,,,,,,,,,,,,,,,,,,,,,,,,,,,,,,,,,,,,,,,,,,,,,,,,,,,,,,,,,,,,,,,,,,,,,,,,,,,,,,,,,,,,,,,,,,,,,,,,,,,,,,,,,,,,,,,,,,,,,,,,,,,,,,,,,,,,,,,,,,,,,,,,,,,,,,,,,,,,,,,,,,,,,,,,,,,,,,,,,,,,,,,,,,,,,,,,,,,,,,,,,,,,,,,,,,,,,,,,,,,,,,,,,,,,,,,,,,,,,,,,,,,,,,,,,,,,,,,,,,,,,,,,,,,,,,,,,,,,,,,,,,,,,,,,,,,,,,,,,,,,,,,,,,,,,,,,,,,,,,,,,,,,,,,,,,,,,,,,,,,,,,,,,,,,,,,,,,,,,,,,,,,,,,,,,,,,,,,,,,,,,,,,,,,,,,,,,,,,,,,,,,,,,,,,,,,,,,,,,,,,,,,,,,,,,,,,,,,,,,,,,,,,,,,,,,,,,,,,,,,,,,,,,,,,,,,,,,,,,,,,,,,,,,,,,,,,,,,,,,,,,,,,,,,,,,,,,,,,,,,,,,,,,,,,,,,,,,,,,,,,,,,,,,,,,,,,,,,,,,,,,,,,,,,,,,,,,,,,,,,,,,,,,,,,,,,,,,,,,,,,,,,,,,,,,,,,,,,,,,,,,,,,,,,,,,,,,,,,,,,-0.014,0.134,0.072,-0.207,0.147,0.13,0.069,-0.033,0.183,0.16,-0.066,-0.057,-0.322,-0.099,-0.05,-0.115,-0.207,-0.033,0.203,0.061,-0.068,-0.037,0.072,0.069,-0.057,-0.115,-0.066,-0.05,0.063,0.063,0.134,0.13,0.053,0.149,0.035,0.131,-0.014,0.147,0.16,-0.099,0.183,-0.322,-0.04,-0.48,-0.04,-0.48,-0.004,-0.005,0,0,0,0,0,0.004,0.004,0.004,0,-0.164,0.033,0.001,0.004,-0.161,-0.164,-0.012,0.001,-0.01,-0.161,0.004,-0.173,-0.224,-0.169,0.002,-0.145,0,0,0.003,0.066,0,0,0.004,0.029,0.008,0.062,0.009,0.062,0,0,-0.013,0.006,-0.014,0.006,-0.012,-0.005,0,0,-0.189,-0.005,0,0,0,0,0,0,0.118,0.129,0.087,-0.037,0.011,-0.018,0.012,0.013,0.005,0.013,0.005,0.011,-0.03,0.016,0.013,0.007,0.013,0.012,,,,,,0.199,0.19,0.127,0.199,0.199,0.035,0,0,0,0,0,0,0,0,,,,,,,,,-0.092,-0.021,-0.092,-0.021,0,0,0,0,0,0,0,0,,,,,,,,,,,,,,,,,,,,,,,,,,,,,,,,,,,,,,,,,,,,,,,,,,,,,,,,,,,,,,,,,,,,,,,,,,,,,,,,,,,,,,0
87,0.016,0.041,0.33,0.312,0.031,0.116,0.015,0.088,0.214,0.179,-0.129,-0.129,0.006,0.014,,,,,,,,,,0.009,0.272,0.049,0.274,-0.001,0,0.019,0.081,-0.081,0.018,-0.01,,,,,,0.336,-0.503,-0.022,0.343,0,0.001,-0.093,-0.017,0.004,0.015,-0.002,-0.042,-0.034,-0.014,-0.221,-0.01,0,-0.002,,,,,,,,,,,,,,,,,,,,,,,,,,,,,,,,,,,,,,,,,,,,,,,,,,,,,,,,,,,,,,,,,,,,,,,,,,,,,,,,,,,,,,,,,,,,,,,,,,,,,,,,,,,,,,,,,,,,,,,,,,,,,,,,,,,,,,,,,,,,,,,,,,,,,,,,,,,,,,,,,,,,,,,,,,,,,,,,,,,,,,,,,,,,,,,,,,,,,,,,,,,,,,,,,,,,,,,,,,,,,,,,,,,,,,,,,,,,,,,,,,,,,,,,,,,,,,,,,,,,,,,,,,,,,,,,,,,,,,,,,,,,,,,,,,,,,,,,,,,,,,,,,,,,,,,,,,,,,,,,,,,,,,,,,,,,,,,,,,,,,,,,,,,,,,,,,,,,,,,,,,,,,,,,,,,,,,,,,,,,,,,,,,,,,,,,,,,,,,,,,,,,,,,,,,,,,,,,,,,,,,,,,,,,,,,,,,,,,,,,,,,,,,,,,,,,,,,,,,,,,,,,,,,,,,,,,,,,,,,,,,,,,,,,,,,,,,,,,,,,,,,,,,,,,,,,,,,,,,,,,,,,,,,,,,,,,,,,,,,,,,,,,,,,,,,,,,,,,,,,,,,,,,,,,,,,,,,,,,,,,,,,,,,,,,,,,,,,,,,,,,,,,,,,,,,,,,,,,,,,,,,,,,,,,,,,,,,,,,,,,,,,,,,,,,,,,,,,,,,,,,,,,,,0.049,-0.139,0.072,0.23,0.019,0.02,-0.038,-0.014,-0.142,-0.157,-0.086,-0.057,0.16,-0.212,0.017,0.218,0.23,-0.014,0.203,-0.047,-0.003,-0.005,0.072,-0.038,-0.057,0.218,-0.086,0.017,0.063,0.063,-0.139,0.02,0.071,0.019,-0.059,0.02,0.049,0.019,-0.157,-0.212,-0.142,0.16,0.017,-0.48,0.017,-0.48,0.034,0.023,0.063,0,0,0,0,-0.004,-0.004,0.004,0,0.052,-0.046,-0.006,0.004,0.199,0.052,-0.011,-0.006,0.027,0.199,0.004,0.043,0.045,0.346,-0.006,0.215,0,0,0.004,0.089,0,0,-0.005,0.033,-0.002,0.049,-0.002,0.049,0,0,0.013,0.037,0.012,0.037,-0.011,0.032,0,0,-0.004,0.007,0,0,0,0,0,0,0.051,0.049,-0.172,-0.078,0.011,-0.018,0.069,0.013,0.031,0.013,0.018,0.014,0.024,-0.011,0.013,-0.003,0.013,-0.001,,,,,,-0.21,-0.184,0.104,-0.21,-0.21,0.067,0,0,0,0,0,0,0,0,0,-0.027,0.03,-0.068,0,0,0,0,,,,,,,,,0,0,0,0,,,,,,,,,,,,,,,,,,,,,,,,,,,,,,,,,,,,,,,,,,,,,,,,,,,,,,,,,,,,,,,,,,,,,,,,,,,,,,,,,,,,,,0
88,,,,,,,,,,,,,,,,,,,,,,,,,,,,,,,,,,,,,,,,,,,,,,,,,,,,,,,,,,,,,,,,,,,,,,,,,,,,,,,,,,0.053,0.098,-0.057,-0.136,0.002,0,-0.01,-0.103,0.095,0.131,0.226,0.226,-0.241,0.034,0.033,-0.331,-0.034,0.381,-0.002,0,-0.069,0.469,-0.062,,,,,,,,,,,,0.052,0.223,,,,-0.044,0.186,0.141,-0.197,0,0,,,,,,,,,,,,,,,-0.008,0.218,0.056,-0.054,0.03,0.04,0.067,0.036,-0.154,0.042,-0.096,0.036,0.02,0.001,,,,,,,,,,,,,,,,,,,,,,,,,,,,,,,,,,,,,,,,,,,,,,,,,,,,,,,,,,,,,,,,,,,,,,,,,,,,,,,,,,,,,,,,,,,,,,,,,,,,,,,,,,,,,,,,,,,,,,,,,,,,,,,,,,,,,,,,,,,,,,,,,,,,,,,,,,,,,,,,,,,,,,,,,,,,,,,,,,,,,,,,,,,,,,,,,,,,,,,,,,,,,,,,,,,,,,,,,,,,,,,,,,,,,,,,,,,,,,,,,,,,,,,,,,,,,,,,,,,,,,,,,,,,,,,,,,,,,,,,,,,,,,,,,,,,,,,,,,,,,,,,,,,,,,,,,,,,,,,,,,,,,,,,,,,,,,,,,,,,,,,,,,,,,,,,,,,,,,,,,,,,,,,,,,,,,,,,,,,,,,,,,,,,,,,,,,,,,,,,,,,,,,,,,,,,,,,,,,,,,,,,,,,,,,,,,,,,,,,,,,,,,,,,,,,,,,,,,,,,,,,,,,,,,,,,,,,,,,,,,,,,,,,,,,,,,,,,,,,,,,,,,,,,,,,,,,,,,,,,,,,,,,,,,,,,,,,,,,,,,,,,,,,,,,,,,,,,,,,,,,,,,,,,,,0.119,0.134,0.183,-0.085,0.04,0.015,0.013,0.07,0.002,0.033,0.156,0.174,-0.155,-0.088,-0.117,0.218,-0.085,0.07,-0.316,0.03,0.387,0.054,0.183,0.013,0.174,0.218,0.156,-0.117,0.057,0.057,0.134,0.015,0.09,0.04,0.035,0.015,0.119,0.04,0.033,-0.088,0.002,-0.155,-0.04,0.52,-0.04,0.52,-0.009,-0.001,0.004,0,0,0,0,-0.007,-0.007,-0.005,0,-0.083,-0.02,-0.006,-0.005,-0.041,-0.083,-0.011,-0.006,-0.038,-0.041,-0.005,-0.092,0.1,0.013,-0.006,-0.025,0,0,0.033,-0.059,0,0,0.005,-0.093,0.009,-0.087,0.009,-0.087,0,0,0.013,-0.02,0.012,-0.02,-0.011,-0.032,0,0,-0.125,-0.013,0,0,0,0,0,0,0.113,0.285,-0.026,-0.135,0.011,0.013,-0.003,0.013,-0.001,0.013,0.025,0.014,0.044,-0.044,0.013,-0.019,0.013,-0.043,,,,,,-0.21,-0.165,0.154,-0.21,-0.21,0.124,0,0,0,0,0,0,0,0,0,0.063,-0.082,0.161,0,0,0,0,,,,,,,,,0,0,0,0,,,,,,,,,,,,,,,,,,,,,,,,,,,,,,,,,,,,,,,,,,,,,,,,,,,,,,,,,,,,,,,,,,,,,,,,,,,,,,,,,,,,,,0
91,0.036,0.101,-0.161,-0.179,-0.1,0.116,-0.015,-0.152,0.316,-0.056,0.018,0.018,0.006,0.014,-0.013,0.024,0.008,-0.209,-0.002,0,0.01,-0.171,0.045,,,,,,,,,,0.015,0.016,,,,,,-0.164,0.338,0.017,-0.157,0,0.001,-0.047,-0.069,-0.028,0.109,-0.001,-0.033,-0.088,-0.014,-0.17,-0.052,0,-0.002,,,,,,,,,,,,,,,,,,,,,,,,,,,,,,,,,,,,,,,,,,,,,,,,,,,,,,,,,,,,,,,,,,,,,,,,,,,,,,,,,,,,,,,,,,,,,,,,,,,,,,,,,,,,,,,,,,,,,,,,,,,,,,,,,,,,,,,,,,,,,,,,,,,,,,,,,,,,,,,,,,,,,,,,,,,,,,,,,,,,,,,,,,,,,,,,,,,,,,,,,,,,,,,,,,,,,,,,,,,,,,,,,,,,,,,,,,,,,,,,,,,,,,,,,,,,,,,,,,,,,,,,,,,,,,,,,,,,,,,,,,,,,,,,,,,,,,,,,,,,,,,,,,,,,,,,,,,,,,,,,,,,,,,,,,,,,,,,,,,,,,,,,,,,,,,,,,,,,,,,,,,,,,,,,,,,,,,,,,,,,,,,,,,,,,,,,,,,,,,,,,,,,,,,,,,,,,,,,,,,,,,,,,,,,,,,,,,,,,,,,,,,,,,,,,,,,,,,,,,,,,,,,,,,,,,,,,,,,,,,,,,,,,,,,,,,,,,,,,,,,,,,,,,,,,,,,,,,,,,,,,,,,,,,,,,,,,,,,,,,,,,,,,,,,,,,,,,,,,,,,,,,,,,,,,,,,,,,,,,,,,,,,,,,,,,,,,,,,,,,,,,,,,,,,,,,,,,,,,,,,,,,,,,,,,,,,,,,,,,,,,,,,,,,,,,,,,,,,,,,,,,,,,,-0.147,0.026,-0.171,0.101,-0.111,-0.101,-0.082,-0.053,0.131,0.109,0.034,-0.019,-0.132,-0.2,-0.117,-0.115,0.101,-0.053,-0.204,-0.091,-0.08,-0.044,-0.171,-0.082,-0.019,-0.115,0.034,-0.117,0.082,0.082,0.026,-0.101,0.015,-0.113,-0.002,-0.101,-0.147,-0.111,0.109,-0.2,0.131,-0.132,-0.04,0.52,-0.04,0.52,0.01,0.011,0.047,0,0,0,0,0.002,0.002,-0.003,-0.002,-0.11,-0.072,0.004,-0.003,0.079,-0.11,-0.001,0.004,-0.116,0.079,,,,,,,,,,,,,,,,,,,,,,,,,,,,,,,,,0,0,0,0,-0.064,-0.138,0.061,-0.009,0.014,0.036,-0.058,0.013,-0.027,0.013,0.005,0.012,-0.002,-0.005,0.013,-0.001,0.013,-0.001,,,,,,-0.029,-0.033,0.033,-0.029,-0.029,-0.055,0,0,0,0,0,0,0,0,0,-0.037,-0.082,-0.094,0,0,0,0,,,,,,,,,0,0,0,0,,,,,,,,,,,,,,,,,,,,,,,,,,,,,,,,,,,,,,,,,,,,,,,,,,,,,,,,,,,,,,,,,,,,,,,,,,,,,,,,,,,,,,0
92,0.108,0.093,-0.052,-0.034,0.031,0.116,-0.022,-0.072,-0.067,0.109,0.09,0.09,0.026,-0.048,,,,,,,,,,0.009,-0.178,0.049,-0.345,-0.003,0,0.019,-0.197,0.016,,,0.01,-0.098,,,,-0.164,0.43,-0.018,0.343,0,0.001,-0.068,0.05,-0.013,-0.118,0,-0.006,-0.125,0.029,-0.155,-0.086,0,-0.003,,,,,,,,,,,,,,,,,,,,,,,,,,,,,,,,,,,,,,,,,,,,,,,,,,,,,,,,,,,,,,,,,,,,,,,,,,,,,,,,,,,,,,,,,,,,,,,,,,,,,,,,,,,,,,,,,,,,,,,,,,,,,,,,,,,,,,,,,,,,,,,,,,,,,,,,,,,,,,,,,,,,,,,,,,,,,,,,,,,,,,,,,,,,,,,,,,,,,,,,,,,,,,,,,,,,,,,,,,,,,,,,,,,,,,,,,,,,,,,,,,,,,,,,,,,,,,,,,,,,,,,,,,,,,,,,,,,,,,,,,,,,,,,,,,,,,,,,,,,,,,,,,,,,,,,,,,,,,,,,,,,,,,,,,,,,,,,,,,,,,,,,,,,,,,,,,,,,,,,,,,,,,,,,,,,,,,,,,,,,,,,,,,,,,,,,,,,,,,,,,,,,,,,,,,,,,,,,,,,,,,,,,,,,,,,,,,,,,,,,,,,,,,,,,,,,,,,,,,,,,,,,,,,,,,,,,,,,,,,,,,,,,,,,,,,,,,,,,,,,,,,,,,,,,,,,,,,,,,,,,,,,,,,,,,,,,,,,,,,,,,,,,,,,,,,,,,,,,,,,,,,,,,,,,,,,,,,,,,,,,,,,,,,,,,,,,,,,,,,,,,,,,,,,,,,,,,,,,,,,,,,,,,,,,,,,,,,,,,,,,,,,,,,,,,,,,,,,,,,,,,,,,,,-0.216,0.077,0.011,-0.146,0.055,0.066,0.032,-0.007,-0.194,-0.182,0.146,0.089,0.195,0.294,-0.05,-0.115,-0.146,-0.007,0.167,0.023,-0.227,0.002,0.011,0.032,0.089,-0.115,0.146,-0.05,0.104,0.104,0.077,0.066,-0.005,0.055,0.015,0.066,-0.216,0.055,-0.182,0.294,-0.194,0.195,0.017,-0.48,0.017,-0.48,-0.033,-0.02,-0.071,-0.001,0,0,0,0.003,0.003,0.003,0.002,0.079,0.086,0.006,0.003,-0.001,0.079,0.038,0.006,-0.152,-0.001,0.002,0.07,0.149,-0.108,0.007,0.015,0,0,-0.048,-0.119,0,0,0.001,-0.077,0.005,-0.078,0.005,-0.078,0,0,0.029,-0.152,0.028,-0.152,0.037,-0.147,0,0,0.095,0.016,0,0,0,0,0,0,0.002,0.048,-0.128,-0.051,0.009,-0.029,0.069,0.013,0.031,0.013,0.005,0.011,-0.004,0.028,0.013,0.015,0.013,-0.024,,,,,,-0.301,-0.272,-0.353,-0.301,-0.301,0.108,0,0,0,0,0,0,0,0,,,,,,,,,0.108,-0.152,0.108,-0.152,0,0,0,0,0,0,0,0,,,,,,,,,,,,,,,,,,,,,,,,,,,,,,,,,,,,,,,,,,,,,,,,,,,,,,,,,,,,,,,,,,,,,,,,,,,,,,,,,,,,,,0
93,-0.029,-0.071,-0.015,0.003,0.031,0.116,0.008,0.088,0.071,0.083,-0.157,-0.157,0.103,-0.142,,,,,,,,,,0.009,0.021,0.049,-0.145,0.002,0,0.019,-0.021,-0.069,,,-0.166,-0.051,0.164,-0.23,-0.124,,,,-0.157,0,0.001,,,,,,,,,,,,,,,,,,,,,,,,,0.04,0.159,0.019,-0.152,0.188,0.168,0.016,0.001,0.089,-0.018,0.123,0.016,,,,,,,,,,,,,,,,,,,,,,,,,,,,,,,,,,,,,,,,,,,,,,,,,,,,,,,,,,,,,,,,,,,,,,,,,,,,,,,,,,,,,,,,,,,,,,,,,,,,,,,,,,,,,,,,,,,,,,,,,,,,,,,,,,,,,,,,,,,,,,,,,,,,,,,,,,,,,,,,,,,,,,,,,,,,,,,,,,,,,,,,,,,,,,,,,,,,,,,,,,,,,,,,,,,,,,,,,,,,,,,,,,,,,,,,,,,,,,,,,,,,,,,,,,,,,,,,,,,,,,,,,,,,,,,,,,,,,,,,,,,,,,,,,,,,,,,,,,,,,,,,,,,,,,,,,,,,,,,,,,,,,,,,,,,,,,,,,,,,,,,,,,,,,,,,,,,,,,,,,,,,,,,,,,,,,,,,,,,,,,,,,,,,,,,,,,,,,,,,,,,,,,,,,,,,,,,,,,,,,,,,,,,,,,,,,,,,,,,,,,,,,,,,,,,,,,,,,,,,,,,,,,,,,,,,,,,,,,,,,,,,,,,,,,,,,,,,,,,,,,,,,,,,,,,,,,,,,,,,,,,,,,,,,,,,,,,,,,,,,,,,,,,,,,,,,,,,,,,,,,,,,,,,,,,,,,,,,,,,,,,,,,,,,,,,,,,,,,,,,,,,,,,,,,,,,,,,,,,,,,,,,,,,,,,,,,,,,,,,,,,0.315,-0.03,-0.151,-0.097,0.04,0.025,-0.012,0.019,-0.09,-0.106,-0.086,-0.095,0.113,0.125,0.017,-0.115,-0.097,0.019,-0.324,-0.021,-0.198,0.028,-0.151,-0.012,-0.095,-0.115,-0.086,0.017,0.063,0.063,-0.03,0.025,0.146,0.04,-0.022,0.025,0.315,0.04,-0.106,0.125,-0.09,0.113,0.017,-0.48,0.017,-0.48,-0.023,-0.017,-0.035,0,0,0,0,0.015,0.015,0.004,-0.003,-0.083,0.033,0.001,0.004,-0.041,-0.083,-0.014,0.001,0.004,-0.041,0.004,-0.092,0.031,-0.139,0.001,-0.025,0,0,-0.045,0.019,0,0,-0.006,0.084,-0.003,0.074,-0.003,0.074,0,0,-0.014,0.028,-0.015,0.028,-0.014,0.009,0,0,-0.191,0,0,0,0,0,0,0,0.115,0.031,0.107,0.118,0.013,-0.004,-0.018,0.013,-0.007,0.013,0.005,0.013,0.018,0.026,0.013,0.013,0.013,-0.014,,,,,,-0.074,-0.075,0.079,-0.074,-0.074,-0.071,0,0,0,0,0,0,0,0,,,,,,,,,-0.192,0.262,-0.192,0.262,0,0,0,0,0,0,0,0,,,,,,,,,,,,,,,,,,,,,,,,,,,,,,,,,,,,,,,,,,,,,,,,,,,,,,,,,,,,,,,,,,,,,,,,,,,,,,,,,,,,,,0
95,0.088,0.071,-0.052,-0.016,0.031,0.116,-0.015,-0.072,0.076,0.061,-0.1,-0.1,0.039,0.173,0.087,-0.154,0.108,-0.196,0.004,0,0.01,0.443,-0.061,,,,,,,,,,-0.124,-0.022,,,0.164,-0.293,-0.016,,,,-0.157,0,0.001,,,,,,,,,,,,,,,,,,,,,,,,,0.066,0.07,0.031,-0.084,-0.212,-0.17,-0.068,-0.15,0.172,0.019,-0.293,0.211,,,,,,,,,,,,,,,,,,,,,,,,,,,,,,,,,,,,,,,,,,,,,,,,,,,,,,,,,,,,,,,,,,,,,,,,,,,,,,,,,,,,,,,,,,,,,,,,,,,,,,,,,,,,,,,,,,,,,,,,,,,,,,,,,,,,,,,,,,,,,,,,,,,,,,,,,,,,,,,,,,,,,,,,,,,,,,,,,,,,,,,,,,,,,,,,,,,,,,,,,,,,,,,,,,,,,,,,,,,,,,,,,,,,,,,,,,,,,,,,,,,,,,,,,,,,,,,,,,,,,,,,,,,,,,,,,,,,,,,,,,,,,,,,,,,,,,,,,,,,,,,,,,,,,,,,,,,,,,,,,,,,,,,,,,,,,,,,,,,,,,,,,,,,,,,,,,,,,,,,,,,,,,,,,,,,,,,,,,,,,,,,,,,,,,,,,,,,,,,,,,,,,,,,,,,,,,,,,,,,,,,,,,,,,,,,,,,,,,,,,,,,,,,,,,,,,,,,,,,,,,,,,,,,,,,,,,,,,,,,,,,,,,,,,,,,,,,,,,,,,,,,,,,,,,,,,,,,,,,,,,,,,,,,,,,,,,,,,,,,,,,,,,,,,,,,,,,,,,,,,,,,,,,,,,,,,,,,,,,,,,,,,,,,,,,,,,,,,,,,,,,,,,,,,,,,,,,0.096,-0.019,-0.073,-0.175,-0.03,-0.259,-0.16,-0.118,-0.035,0.06,-0.017,0.102,0.008,-0.038,,,,,,,,,,,,,,,-0.28,-0.19,-0.037,0.131,-0.106,-0.096,0.05,0.135,0.183,0.16,0.097,0.042,-0.299,0.069,-0.05,-0.115,0.131,0.135,-0.186,0.093,0.259,0.092,-0.037,0.05,0.042,-0.115,0.097,-0.05,0.057,0.057,-0.19,-0.096,-0.289,-0.106,-0.076,-0.096,-0.28,-0.106,0.16,0.069,0.183,-0.299,-0.04,-0.48,-0.04,-0.48,-0.019,-0.013,-0.035,0,0,0,0,-0.001,-0.001,0,-0.003,-0.083,0.086,0.001,0,0.139,-0.083,-0.013,0.001,-0.079,0.139,-0.001,-0.092,0.146,0.104,0.002,0.155,0,0,-0.055,-0.124,0,0,-0.006,-0.05,0.008,-0.081,0.008,-0.081,0,0,-0.013,-0.09,-0.014,-0.091,-0.013,-0.074,0,0,-0.251,-0.007,0,0,0,0,0,0,0.169,0.055,0.109,0.048,0.017,0.067,-0.083,0.013,-0.037,0.013,-0.039,0.014,0.044,-0.039,0.013,-0.019,0.013,-0.001,,,,,,0.153,0.116,-0.101,0.153,0.153,0.051,0,0,0,0,0,0,0,0,,,,,,,,,0.008,-0.12,0.008,-0.12,0,0,0,0,0,0,0,0,,,,,,,,,,,,,,,,,,,,,,,,,,,,,,,,,,,,,,,,,,,,,,,,,,,,,,,,,,,,,,,,,,,,,,,,,,,,,,,,,,,,,,0
96,0.01,0.056,-0.015,-0.016,0.031,0.161,-0.007,-0.072,0.168,0.035,0.126,0.126,-0.028,-0.033,,,,,,,,,,0.109,-0.239,0.149,-0.325,-0.004,0,0.119,-0.278,-0.081,,,0.005,0.226,0.164,-0.271,-0.067,,,,0.343,0,0.001,0.014,-0.021,-0.007,-0.032,-0.001,-0.022,-0.036,-0.016,0.149,-0.01,0,-0.001,,,,,,,,,,,,,,,,,,,,,,,,,,,,,,,,,,,,,,,,,,,,,,,,,,,,,,,,,,,,,,,,,,,,,,,,,,,,,,,,,,,,,,,,,,,,,,,,,,,,,,,,,,,,,,,,,,,,,,,,,,,,,,,,,,,,,,,,,,,,,,,,,,,,,,,,,,,,,,,,,,,,,,,,,,,,,,,,,,,,,,,,,,,,,,,,,,,,,,,,,,,,,,,,,,,,,,,,,,,,,,,,,,,,,,,,,,,,,,,,,,,,,,,,,,,,,,,,,,,,,,,,,,,,,,,,,,,,,,,,,,,,,,,,,,,,,,,,,,,,,,,,,,,,,,,,,,,,,,,,,,,,,,,,,,,,,,,,,,,,,,,,,,,,,,,,,,,,,,,,,,,,,,,,,,,,,,,,,,,,,,,,,,,,,,,,,,,,,,,,,,,,,,,,,,,,,,,,,,,,,,,,,,,,,,,,,,,,,,,,,,,,,,,,,,,,,,,,,,,,,,,,,,,,,,,,,,,,,,,,,,,,,,,,,,,,,,,,,,,,,,,,,,,,,,,,,,,,,,,,,,,,,,,,,,,,,,,,,,,,,,,,,,,,,,,,,,,,,,,,,,,,,,,,,,,,,,,,,,,,,,,,,,,,,,,,,,,,,,,,,,,,,,,,,,,,,,,,,,,,,,,,,,,,,,,,,,,,,,,-0.012,-0.014,-0.253,0.093,-0.03,0.059,-0.166,0.154,-0.035,-0.204,-0.302,-0.348,-0.044,-0.038,,,,,,,,,,,,,,,-0.084,-0.139,-0.039,-0.097,-0.029,-0.023,-0.063,-0.144,-0.142,-0.106,0.134,0.077,0.184,0.069,-0.083,-0.115,-0.097,-0.144,0.137,-0.072,-0.198,-0.135,-0.039,-0.063,0.077,-0.115,0.134,-0.083,0.063,0.063,-0.139,-0.023,0.033,-0.03,-0.059,-0.023,-0.084,-0.029,-0.106,0.069,-0.142,0.184,0.017,-0.48,0.017,-0.48,-0.042,-0.024,-0.067,0,0,0,0,0.008,0.008,0,-0.003,0.106,-0.072,0.002,0,-0.141,0.106,-0.011,0.002,-0.056,-0.141,0,0.097,0,-0.078,0.002,-0.125,0,0,-0.054,0.003,0,0,0.005,0.068,0.008,0.071,0.009,0.071,0,0,-0.012,-0.082,-0.013,-0.082,-0.011,-0.051,0,0,-0.004,-0.003,0,0,0,0,0,0,-0.015,-0.044,0.052,0.156,0.016,0.056,0.069,0.013,0.031,0.013,-0.025,0.009,-0.05,0.008,0.013,0.005,0.013,0.005,,,,,,-0.074,-0.051,0.077,-0.074,-0.074,0.1,0,0,0,0,0,0,0,0,0,-0.017,0.03,-0.043,0,0,0,0,,,,,,,,,0,0,0,0,,,,,,,,,,,,,,,,,,,,,,,,,,,,,,,,,,,,,,,,,,,,,,,,,,,,,,,,,,,,,,,,,,,,,,,,,,,,,,,,,,,,,,0
97,,,,,,,,,,,,,,,,,,,,,,,,,,,,,,,,,,,,,,,,,,,,,,,,,,,,,,,,,,,,,,,,,,,,,,,,,,,,,,,,,,0.004,0.033,-0.057,-0.153,0.058,0.077,-0.006,-0.041,-0.054,0.176,0.002,0.002,0.043,0.005,0.033,0.001,0.066,-0.274,-0.005,0,0.043,0.023,0.065,,,,,,,,,,0.062,0.012,,,,,,-0.044,0.281,-0.009,-0.197,0,0,,,,,,,,,,,,,,,,,,,,,,,,,,,,,-0.006,-0.141,-0.005,-0.027,0.124,0.135,0.091,-0.007,-0.166,0.043,-0.016,0.028,0.267,-0.104,,,,,,,,,,,,,,,,,,,,,,,,,,,,,,,,,,,,,,,,,,,,,,,,,,,,,,,,,,,,,,,,,,,,,,,,,,,,,,,,,,,,,,,,,,,,,,,,,,,,,,,,,,,,,,,,,,,,,,,,,,,,,,,,,,,,,,,,,,,,,,,,,,,,,,,,,,,,,,,,,,,,,,,,,,,,,,,,,,,,,,,,,,,,,,,,,,,,,,,,,,,,,,,,,,,,,,,,,,,,,,,,,,,,,,,,,,,,,,,,,,,,,,,,,,,,,,,,,,,,,,,,,,,,,,,,,,,,,,,,,,,,,,,,,,,,,,,,,,,,,,,,,,,,,,,,,,,,,,,,,,,,,,,,,,,,,,,,,,,,,,,,,,,,,,,,,,,,,,,,,,,,,,,,,,,,,,,,,,,,,,,,,,,,,,,,,,,,,,,,,,,,,,,,,,,,,,,,,,,,,,,,,,,,,,,,,,,,,,,,,,,,,,,,,,,,,,,,,,,,,,,,,,,,,,,,,,,,,,,,,,,,,,,,,,,,,,,,,,,,,,,,,,,,,,,,,,,,,,,,,,,,,,,,,,,,,,,,,,,,,,,,,,,,,,,,,,,,-0.084,-0.139,0.204,0.258,-0.006,-0.007,-0.094,-0.033,-0.116,-0.106,0.141,0.255,0.125,-0.099,-0.05,0.218,0.258,-0.033,-0.11,-0.072,0.399,-0.057,0.204,-0.094,0.255,0.218,0.141,-0.05,0.082,0.082,-0.139,-0.007,0.033,-0.007,-0.059,-0.007,-0.084,-0.006,-0.106,-0.099,-0.116,0.125,0.017,-0.48,0.017,-0.48,-0.023,-0.02,-0.071,0,0,0,0,0.017,0.017,0.006,0.002,-0.029,0.059,-0.004,0.006,-0.081,-0.029,0,-0.004,0.137,-0.081,0.006,-0.038,-0.031,0.134,-0.003,-0.065,0,0,0.065,0.029,0,0,-0.002,0.013,-0.008,0,-0.009,0,0,0,-0.003,0.138,-0.004,0.137,0,0.142,0,0,0.201,0.001,0,0,0,0,0,0,-0.042,-0.093,-0.181,-0.033,0.013,-0.021,0.013,0.013,0.005,0.013,0.011,0.009,-0.081,0.015,0.013,0.007,0.013,0.07,,,,,,-0.029,-0.009,0.199,-0.029,-0.029,-0.014,0,0,0,0,0,0,0,0,,,,,,,,,0.108,0.372,0.108,0.372,0,0,0,0,0,0,0,0,,,,,,,,,,,,,,,,,,,,,,,,,,,,,,,,,,,,,,,,,,,,,,,,,,,,,,,,,,,,,,,,,,,,,,,,,,,,,,,,,,,,,,0
98,0.095,0.145,-0.033,-0.034,0.031,0.116,-0.015,-0.112,0.081,0.083,0.155,0.155,0.031,-0.077,,,,,,,,,,0.009,-0.188,-0.051,0.424,-0.004,0,0.019,-0.197,0.005,,,0.101,-0.075,,,,-0.164,0.42,-0.018,0.343,0,0.001,,,,,,,,,,,,,,,,,,,,,,,,,0.016,0.186,0.001,-0.139,0.188,0.164,0.003,-0.071,-0.11,-0.019,0.083,-0.066,,,,,,,,,,,,,,,,,,,,,,,,,,,,,,,,,,,,,,,,,,,,,,,,,,,,,,,,,,,,,,,,,,,,,,,,,,,,,,,,,,,,,,,,,,,,,,,,,,,,,,,,,,,,,,,,,,,,,,,,,,,,,,,,,,,,,,,,,,,,,,,,,,,,,,,,,,,,,,,,,,,,,,,,,,,,,,,,,,,,,,,,,,,,,,,,,,,,,,,,,,,,,,,,,,,,,,,,,,,,,,,,,,,,,,,,,,,,,,,,,,,,,,,,,,,,,,,,,,,,,,,,,,,,,,,,,,,,,,,,,,,,,,,,,,,,,,,,,,,,,,,,,,,,,,,,,,,,,,,,,,,,,,,,,,,,,,,,,,,,,,,,,,,,,,,,,,,,,,,,,,,,,,,,,,,,,,,,,,,,,,,,,,,,,,,,,,,,,,,,,,,,,,,,,,,,,,,,,,,,,,,,,,,,,,,,,,,,,,,,,,,,,,,,,,,,,,,,,,,,,,,,,,,,,,,,,,,,,,,,,,,,,,,,,,,,,,,,,,,,,,,,,,,,,,,,,,,,,,,,,,,,,,,,,,,,,,,,,,,,,,,,,,,,,,,,,,,,,,,,,,,,,,,,,,,,,,,,,,,,,,,,,,,,,,,,,,,,,,,,,,,,,,,,,,,,,,,,,,,,,,,,,,,,,,,,,,,,,,,,,,,0.182,0.077,-0.099,-0.038,0.093,0.098,-0.025,0.044,-0.116,-0.056,0.166,0.146,0.207,-0.212,-0.083,0.218,-0.038,0.044,-0.288,0.004,0.223,0.015,-0.099,-0.025,0.146,0.218,0.166,-0.083,0.104,0.104,0.077,0.098,0.109,0.094,0.015,0.098,0.182,0.093,-0.056,-0.212,-0.116,0.207,0.017,-0.48,0.017,-0.48,-0.033,-0.024,-0.086,0,0,0,0,-0.011,-0.011,-0.002,-0.001,0.025,0.138,-0.001,-0.002,0.119,0.025,0.007,-0.001,-0.106,0.119,-0.002,0.016,0.144,0.073,-0.001,0.135,0,0,-0.048,-0.075,0,0,0.001,0.052,-0.006,-0.007,-0.006,-0.007,0,0,0.004,-0.121,0.003,-0.121,0.007,-0.101,0,0,0.095,0.02,0,0,0,0,0,0,-0.038,0.052,-0.224,-0.075,0.012,-0.001,0.035,0.013,0.017,0.013,-0.002,0.01,-0.021,0.024,0.013,0.013,0.013,-0.03,,,,,,-0.21,-0.175,0.277,-0.21,-0.21,0.067,0,0,0,0,0,0,0,0,,,,,,,,,0.108,0.02,0.108,0.02,0,0,0,0,0,0,0,0,,,,,,,,,,,,,,,,,,,,,,,,,,,,,,,,,,,,,,,,,,,,,,,,,,,,,,,,,,,,,,,,,,,,,,,,,,,,,,,,,,,,,,0
99,0.016,0.026,0.33,0.275,-0.143,0.025,0.015,0.088,-0.021,-0.04,-0.207,-0.207,0.044,0.238,0.087,-0.118,0.108,-0.037,0.001,0,0.01,0.589,0.054,,,,,,,,,,,,0.081,-0.18,,,,-0.164,0.112,0.035,-0.157,0,0.001,,,,,,,,,,,,,-0.01,0.011,-0.007,0.007,0.057,0.057,0.05,0.032,-0.041,0.002,0.001,0.001,,,,,,,,,,,,,,,,,,,,,,,,,,,,,,,,,,,,,,,,,,,,,,,,,,,,,,,,,,,,,,,,,,,,,,,,,,,,,,,,,,,,,,,,,,,,,,,,,,,,,,,,,,,,,,,,,,,,,,,,,,,,,,,,,,,,,,,,,,,,,,,,,,,,,,,,,,,,,,,,,,,,,,,,,,,,,,,,,,,,,,,,,,,,,,,,,,,,,,,,,,,,,,,,,,,,,,,,,,,,,,,,,,,,,,,,,,,,,,,,,,,,,,,,,,,,,,,,,,,,,,,,,,,,,,,,,,,,,,,,,,,,,,,,,,,,,,,,,,,,,,,,,,,,,,,,,,,,,,,,,,,,,,,,,,,,,,,,,,,,,,,,,,,,,,,,,,,,,,,,,,,,,,,,,,,,,,,,,,,,,,,,,,,,,,,,,,,,,,,,,,,,,,,,,,,,,,,,,,,,,,,,,,,,,,,,,,,,,,,,,,,,,,,,,,,,,,,,,,,,,,,,,,,,,,,,,,,,,,,,,,,,,,,,,,,,,,,,,,,,,,,,,,,,,,,,,,,,,,,,,,,,,,,,,,,,,,,,,,,,,,,,,,,,,,,,,,,,,,,,,,,,,,,,,,,,,,,,,,,,,,,,,,,,,,,,,,,,,,,,,,,,,,,,,,,,,,,,,,,,,,,,,,,,,,,,,,,,,,,,,,,,,,,,,,,,,,,-0.28,0.134,-0.147,-0.193,-0.075,-0.042,-0.069,-0.144,0.157,0.16,-0.001,0.004,-0.179,-0.144,-0.05,-0.115,-0.193,-0.144,0.073,-0.079,-0.255,-0.135,-0.147,-0.069,0.004,-0.115,-0.001,-0.05,0.057,0.057,0.134,-0.042,-0.478,-0.071,0.035,-0.041,-0.28,-0.075,0.16,-0.144,0.157,-0.179,-0.04,0.52,-0.04,0.52,-0.004,-0.001,-0.004,0,0,0,0,0.013,0.013,0,-0.003,-0.164,-0.151,-0.006,0,-0.021,-0.164,-0.011,-0.006,-0.102,-0.021,0,-0.173,0.128,-0.139,-0.006,-0.005,0,0,-0.016,-0.069,0,0,-0.005,-0.05,0.008,-0.028,0.009,-0.028,0,0,-0.012,-0.095,-0.013,-0.095,-0.011,-0.097,0,0,0.118,0,0,0,0,0,0,0,0.082,-0.051,0.086,0.02,0.017,0.042,-0.056,0.013,-0.025,0.013,-0.039,0.02,0.199,0.055,0.013,0.025,0.013,-0.043,,,,,,0.108,0.101,0.149,0.108,0.108,0.035,0,0,0,0,0,0,0,0,,,,,,,,,-0.192,0.191,-0.192,0.191,0,0,0,0,0,0,0,0,,,,,,,,,,,,,,,,,,,,,,,,,,,,,,,,,,,,,,,,,,,,,,,,,,,,,,,,,,,,,,,,,,,,,,,,,,,,,,,,,,,,,,0
102,,,,,,,,,,,,,,,,,,,,,,,,,,,,,,,,,,,,,,,,,,,,,,,,,,,,,,,,,,,,,,,,,,,,,,,,,,,,,,,,,,-0.045,-0.039,0.074,0.192,-0.053,-0.077,0.01,0.084,-0.054,0.136,-0.009,-0.009,0.098,-0.207,,,,,,,,,,0.112,-0.24,0.148,-0.353,-0.007,0,0.013,0.235,0.04,0.059,0.02,,,-0.01,0.156,-0.06,,,,0.803,0,0,0.059,0.008,0.052,0.049,0.052,0.05,0.034,-0.021,0.239,0.046,0.024,0.003,0.017,-0.002,,,,,,,,,,,,,,,,,,,,,,,,,,,,,,,,,,,,,,,,,,,,,,,,,,,,,,,,,,,,,,,,,,,,,,,,,,,,,,,,,,,,,,,,,,,,,,,,,,,,,,,,,,,,,,,,,,,,,,,,,,,,,,,,,,,,,,,,,,,,,,,,,,,,,,,,,,,,,,,,,,,,,,,,,,,,,,,,,,,,,,,,,,,,,,,,,,,,,,,,,,,,,,,,,,,,,,,,,,,,,,,,,,,,,,,,,,,,,,,,,,,,,,,,,,,,,,,,,,,,,,,,,,,,,,,,,,,,,,,,,,,,,,,,,,,,,,,,,,,,,,,,,,,,,,,,,,,,,,,,,,,,,,,,,,,,,,,,,,,,,,,,,,,,,,,,,,,,,,,,,,,,,,,,,,,,,,,,,,,,,,,,,,,,,,,,,,,,,,,,,,,,,,,,,,,,,,,,,,,,,,,,,,,,,,,,,,,,,,,,,,,,,,,,,,,,,,,,,,,,,,,,,,,,,,,,,,,,,,,,,,,,,,,,,,,,,,,,,,,,,,,,,,,,,,,,,,,,,,,,,,,,,,,,,,,,,,,,,,,,,,,,,,,,,,,,,,,,,,,,,,,,,,,,,,,,,,,,,,,,,,,,-0.084,-0.139,0.093,0.15,-0.019,-0.026,0.006,0.025,-0.012,-0.005,-0.095,-0.086,0.184,0.181,-0.017,0.218,0.15,0.025,-0.045,-0.002,-0.051,0.034,0.093,0.006,-0.086,0.218,-0.095,-0.017,0.082,0.082,-0.139,-0.026,0.033,-0.02,-0.059,-0.026,-0.084,-0.019,-0.005,0.181,-0.012,0.184,0.017,-0.48,0.017,-0.48,-0.028,-0.02,-0.078,0,0,0,0,0,0,-0.005,-0.002,0.052,0.322,0.002,-0.005,-0.001,0.052,-0.011,0.002,-0.015,-0.001,-0.005,0.043,-0.009,0.104,0.002,0.015,0,0,-0.054,-0.033,0,0,-0.005,0.021,-0.002,0.003,-0.002,0.003,0,0,-0.012,-0.042,-0.013,-0.042,-0.011,-0.009,0,0,0.119,0.011,0,0,0,0,0,0,-0.038,-0.03,0.093,0.119,0.01,-0.021,0.125,0.013,0.059,0.013,0.031,0.009,-0.047,0.091,0.013,0.041,0.013,0.005,,,,,,0.017,0.005,-0.017,0.017,0.017,0.108,0,0,0,0,0,0,0,0,,,,,,,,,0.008,0.219,0.008,0.219,0,0,0,0,0,0,0,0,,,,,,,,,,,,,,,,,,,,,,,,,,,,,,,,,,,,,,,,,,,,,,,,,,,,,,,,,,,,,,,,,,,,,,,,,,,,,,,,,,,,,,0
103,-0.055,-0.041,-0.015,-0.016,0.074,0.116,0.015,0.048,0,0.019,-0.12,-0.12,0.011,-0.132,,,,,,,,,,0.009,-0.183,0.049,-0.272,-0.001,0,0.019,-0.272,-0.016,0.064,0.002,,,,,,-0.164,0.291,-0.018,0.343,0,0.001,-0.006,-0.102,0.009,-0.012,0.002,0.041,0.1,0.01,0.065,0.048,0,0,,,,,,,,,,,,,,,,,,,,,,,,,,,,,,,,,,,,,,,,,,,,,,,,,,,,,,,,,,,,,,,,,,,,,,,,,,,,,,,,,,,,,,,,,,,,,,,,,,,,,,,,,,,,,,,,,,,,,,,,,,,,,,,,,,,,,,,,,,,,,,,,,,,,,,,,,,,,,,,,,,,,,,,,,,,,,,,,,,,,,,,,,,,,,,,,,,,,,,,,,,,,,,,,,,,,,,,,,,,,,,,,,,,,,,,,,,,,,,,,,,,,,,,,,,,,,,,,,,,,,,,,,,,,,,,,,,,,,,,,,,,,,,,,,,,,,,,,,,,,,,,,,,,,,,,,,,,,,,,,,,,,,,,,,,,,,,,,,,,,,,,,,,,,,,,,,,,,,,,,,,,,,,,,,,,,,,,,,,,,,,,,,,,,,,,,,,,,,,,,,,,,,,,,,,,,,,,,,,,,,,,,,,,,,,,,,,,,,,,,,,,,,,,,,,,,,,,,,,,,,,,,,,,,,,,,,,,,,,,,,,,,,,,,,,,,,,,,,,,,,,,,,,,,,,,,,,,,,,,,,,,,,,,,,,,,,,,,,,,,,,,,,,,,,,,,,,,,,,,,,,,,,,,,,,,,,,,,,,,,,,,,,,,,,,,,,,,,,,,,,,,,,,,,,,,,,,,,,,,,,,,,,,,,,,,,,,,,,,,,,,,,,,,,,,,,,,,,,,,,,,,,,,,,,,,,,,,,,,,,,,,,,,,,,,,,,,,,,,,,,,,,,,,,,,,,,,,,,,,,,,,,,,,,,,,,,,,,,,,,,,,,,,,,,,,,,,,,,,,,,,,,,,,,,,,,,,,,,,,,,,,,,,,,,,,,,,,,,,,,,,,,,,,,,,,,,,,,,,,,,,,,,,,,,,0,0,0,0,0.182,0.143,0.048,0.085,0,0,0,0,0,0,0.001,0,0.075,-0.086,0.055,0.064,0.182,0.06,0.049,-0.005,-0.006,-0.077,0,0,0,0,-0.152,0.019,-0.055,0.015,,,,,,,,,-0.254,0,0,0,0,0.017,0.003,0.003,-0.087,0.009,0.113,0.003,0,0,0,0,-0.186,-0.015,-0.018,0,0,0,,,,,,,,0.069,0.268,0,0,0,0,0.25,0,0,0,0,0
104,-0.075,-0.049,0.276,0.312,-0.1,0.07,0.037,0.128,-0.046,-0.121,0.355,0.355,0.175,-0.025,,,,,,,,,,0.009,0.278,0.049,-0.173,-0.002,0,0.019,0.545,-0.068,-0.027,-0.006,,,,,,0.336,-0.495,-0.024,0.343,0,0.001,,,,,,,,,,,,,,,,,,,,,,,,,-0.033,0.075,0.001,-0.155,0.088,0.099,0.002,0.054,-0.273,-0.036,0.142,-0.072,,,,,,,,,,,,,,,,,,,,,,,,,,,,,,,,,,,,,,,,,,,,,,,,,,,,,,,,,,,,,,,,,,,,,,,,,,,,,,,,,,,,,,,,,,,,,,,,,,,,,,,,,,,,,,,,,,,,,,,,,,,,,,,,,,,,,,,,,,,,,,,,,,,,,,,,,,,,,,,,,,,,,,,,,,,,,,,,,,,,,,,,,,,,,,,,,,,,,,,,,,,,,,,,,,,,,,,,,,,,,,,,,,,,,,,,,,,,,,,,,,,,,,,,,,,,,,,,,,,,,,,,,,,,,,,,,,,,,,,,,,,,,,,,,,,,,,,,,,,,,,,,,,,,,,,,,,,,,,,,,,,,,,,,,,,,,,,,,,,,,,,,,,,,,,,,,,,,,,,,,,,,,,,,,,,,,,,,,,,,,,,,,,,,,,,,,,,,,,,,,,,,,,,,,,,,,,,,,,,,,,,,,,,,,,,,,,,,,,,,,,,,,,,,,,,,,,,,,,,,,,,,,,,,,,,,,,,,,,,,,,,,,,,,,,,,,,,,,,,,,,,,,,,,,,,,,,,,,,,,,,,,,,,,,,,,,,,,,,,,,,,,,,,,,,,,,,,,,,,,,,,,,,,,,,,,,,,,,,,,,,,,,,,,,,,,,,,,,,,,,0.172,-0.109,-0.033,0.14,-0.031,-0.012,0.041,0.029,-0.035,-0.017,-0.116,-0.254,0.131,-0.034,,,,,,,,,,,,,,,,,,,,,,,,,,,,,0.315,-0.03,-0.039,-0.207,-0.027,-0.015,-0.094,-0.04,-0.09,-0.056,0.094,0.077,0.113,-0.043,-0.05,0.218,-0.207,-0.04,-0.39,-0.079,-0.003,-0.057,-0.039,-0.094,0.077,0.218,0.094,-0.05,0.063,0.063,-0.03,-0.015,0.146,-0.028,-0.022,-0.015,0.315,-0.027,-0.056,-0.043,-0.09,0.113,0.017,-0.48,0.017,-0.48,-0.028,-0.017,-0.031,0,0,0,0,0.007,0.007,0.006,0.005,-0.11,0.033,-0.003,0.006,-0.141,-0.11,0.002,-0.003,-0.074,-0.141,0.006,-0.119,0.047,-0.048,-0.002,-0.125,0,0,0.018,-0.054,0,0,0.009,-0.05,-0.007,-0.075,-0.008,-0.075,0,0,0.024,-0.06,0.023,-0.06,0.002,-0.069,0,0,0.024,-0.007,0,0,0,0,0,0,0.156,0.184,0.114,0.069,0.01,-0.001,0.089,0.013,0.039,0.013,0.005,0.014,0.021,0.026,0.013,0.013,0.013,-0.03,,,,,,0.062,0.047,0.015,0.062,0.062,0.116,0,0,0,0,0,0,0,0,,,,,,,,,-0.192,0.224,-0.192,0.224,0,0,0,0,0,0,0,0,,,,,,,,,,,,,,,,,,,,,,,,,,,,,,,,,,,,,,,,,,,,,,,,,,,,,,,,,,,,,,,,,,,,,,,,,,,,,,,,,,,,,,0
106,0.075,0.011,0.348,0.366,0.074,0.025,-0.022,-0.072,0.076,-0.185,0.172,0.172,-0.163,0.004,-0.013,-0.102,-0.092,0.555,0.008,0,0.01,-0.217,-0.021,,,,,,,,,,,,0.028,-0.151,0.164,-0.296,0.105,,,,-0.157,0,0.001,-0.002,-0.09,0.032,0.117,0.002,0.039,-0.1,0.005,-0.156,-0.083,0,0,,,,,,,,,,,,,,,,,,,,,,,,,,,,,,,,,,,,,,,,,,,,,,,,,,,,,,,,,,,,,,,,,,,,,,,,,,,,,,,,,,,,,,,,,,,,,,,,,,,,,,,,,,,,,,,,,,,,,,,,,,,,,,,,,,,,,,,,,,,,,,,,,,,,,,,,,,,,,,,,,,,,,,,,,,,,,,,,,,,,,,,,,,,,,,,,,,,,,,,,,,,,,,,,,,,,,,,,,,,,,,,,,,,,,,,,,,,,,,,,,,,,,,,,,,,,,,,,,,,,,,,,,,,,,,,,,,,,,,,,,,,,,,,,,,,,,,,,,,,,,,,,,,,,,,,,,,,,,,,,,,,,,,,,,,,,,,,,,,,,,,,,,,,,,,,,,,,,,,,,,,,,,,,,,,,,,,,,,,,,,,,,,,,,,,,,,,,,,,,,,,,,,,,,,,,,,,,,,,,,,,,,,,,,,,,,,,,,,,,,,,,,,,,,,,,,,,,,,,,,,,,,,,,,,,,,,,,,,,,,,,,,,,,,,,,,,,,,,,,,,,,,,,,,,,,,,,,,,,,,,,,,,,,,,,,,,,,,,,,,,,,,,,,,,,,,,,,,,,,,,,,,,,,,,,,,,,,,,,,,,,,,,,,,,,,,,,,,,,,,,,,,,,,,,,,,,,,,,,,,,,,,,,,,,,,,,,,,,,,,,,,,,,,,,,,,,,,,,,,,,,,,,,,0.093,-0.103,0.22,0.26,-0.075,-0.063,0.082,0.109,0.1,0.129,-0.193,-0.16,-0.038,0.024,0.283,0.218,0.26,0.109,0.289,0.074,0.015,0.118,0.22,0.082,-0.16,0.218,-0.193,0.283,-0.702,-0.702,-0.103,-0.063,-0.106,-0.076,-0.047,-0.063,0.093,-0.075,0.129,0.024,0.1,-0.038,-0.183,0.52,-0.183,0.52,0.015,0.015,0.075,-0.001,0,0,0,-0.002,-0.002,0,0.002,-0.083,-0.072,-0.001,0,-0.141,-0.083,0.031,-0.001,-0.12,-0.141,,,,,,,,,,,,,,,,,,,,,,,,,,,,,,,,,0,0,0,0,-0.204,-0.157,0.07,0.053,0.01,-0.021,0.001,0.013,0.001,0.013,0.018,0.016,0.049,-0.058,0.013,-0.025,0.013,-0.03,-0.001,0,0.028,0,,-0.029,-0.037,-0.019,-0.029,-0.029,-0.104,0,0,0,0,0,0,0,0,0,-0.104,0.03,-0.264,0,0,0,0,,,,,,,,,0,0,0,0,,,,,,,,,,,,,,,,,,,,,,,,,,,,,,,,,,,,,,,,,,,,,,,,,,,,,,,,,,,,,,,,,,,,,,,,,,,,,,,,,,,,,,0
107,,,,,,,,,,,,,,,,,,,,,,,,,,,,,,,,,,,,,,,,,,,,,,,,,,,,,,,,,,,,,,,,,,,,,,,,,,,,,,,,,,,,,,,,,,,,,,,,,,,,,,,,,,,,,,,,,,,,,,,,,,,,,,,,,,,,,,,,,,,,,,,,,,,,,,,,,,,,,,,,,,,,,,,,,,,,,,,,,,,,,,,,,,,,,,,,,,,,,,,,,,,,,,,,,,,,,,,,,,,,,,,,,,,,,,,,,,,,,,,,,,,,,,,,,,,,,,,,,,,,,,,,,,,,,,,,,,,,,,,,,,,,,,,,,,,,,,,,,,,,,,,,,,,,,,,,,,,,,,,,,,,,,0,-0.094,0.023,-0.021,-0.057,0.007,-0.007,-0.013,-0.085,0.071,0.077,0.116,-0.077,-0.026,,,,,,,,,,,,,,,,-0.073,0.018,-0.001,-0.007,-0.027,0.126,0.116,0.012,0.029,-0.001,0.003,0.032,0.004,0.125,-0.015,,,,,,,,,,0.031,0,0.169,-0.068,0.154,0.004,0.007,-0.104,-0.006,-0.001,0.1,-0.085,-0.077,-0.013,0,-0.092,-0.058,0.141,-0.003,-0.001,,,,,,,,,,,,,,,,,,,,,,,,,,,,,,,,,,,,,,,,,,,,,,,,,,,,,,,,,,,,,,,,,,,,,,,,,,,,,,,,,,,,,,,,,,,,,,,,,,,,,,,,,,,,,,,,,,,,,,,,,,,,,,,,,,,,,,,,,,,,,,,,,,,,,,,,,,,,,,,,,,,,,,,,,,,,,,,,,,,,,,,,,,,,,,,,,,,,,,,,,,,,,,,,,,,,,,,,,,,,,,,,,,,,,,,,,,,,,,,,,,,,,,,,,,,,,,,,,,,,,,,,,,,,,,,,,,,,,,,,,,,,,-0.029,-0.052,-0.229,-0.125,-0.031,-0.075,0.081,0.041,-0.035,0.104,-0.166,0.017,0.042,-0.034,,,,,,,,,,,,,,,,,,,,,,,,,,,,,0.252,0.134,-0.037,-0.085,0.027,0.037,0.057,0.083,0.027,0.033,-0.316,-0.393,-0.155,0.08,0.05,-0.115,-0.085,0.083,0.138,0.049,-0.191,0.092,-0.037,0.057,-0.393,-0.115,-0.316,0.05,0.057,0.057,0.134,0.037,0.129,0.027,0.035,0.037,0.252,0.027,0.033,0.08,0.027,-0.155,-0.04,0.52,-0.04,0.52,-0.028,-0.017,-0.047,0,0,0,0,0.013,0.013,0.006,0.004,0.025,0.086,-0.004,0.006,-0.101,0.025,-0.001,-0.004,-0.01,-0.101,0.006,0.016,-0.04,-0.139,-0.003,-0.085,0,0,0.007,0.055,0,0,0.008,-0.007,0.002,0.012,0.002,0.012,0,0,-0.004,0.01,-0.005,0.01,-0.002,-0.005,0,0,-0.045,-0.004,0,0,0,0,0,0,-0.284,-0.152,-0.049,-0.092,0.013,0.039,0.029,0.013,0.013,0.013,-0.015,0.014,0.001,-0.034,0.013,-0.015,0.013,-0.001,,,,,,-0.119,-0.104,0.181,-0.119,-0.119,0.083,0,0,0,0,0,0,0,0,0,-0.011,0.03,-0.027,0,0,0,0,,,,,,,,,0,0,0,0,,,,,,,,,,,,,,,,,,,,,,,,,,,,,,,,,,,,,,,,,,,,,,,,,,,,,,,,,,,,,,,,,,,,,,,,,,,,,,,,,,,,,,0
112,0.03,-0.056,-0.052,-0.016,0.074,0.161,-0.007,0.048,-0.056,-0.03,-0.303,-0.303,0.147,-0.034,0.087,-0.072,0.108,-0.155,0.002,0,0.11,-0.247,-0.053,,,,,,,,,,,,-0.166,0.134,,,,-0.164,0.438,-0.023,-0.157,0,0.001,,,,,,,,,,,,,,,,,,,,,,,,,-0.024,0.107,-0.019,-0.138,-0.212,-0.177,-0.055,-0.111,0.122,-0.034,-0.066,0.003,,,,,,,,,,,,,,,,,,,,,,,,,,,,,,,,,,,,,,,,,,,,,,,,,,,,,,,,,,,,,,,,,,,,,,,,,,,,,,,,,,,,,,,,,,,,,,,,,,,,,,,,,,,,,,,,,,,,,,,,,,,,,,,,,,,,,,,,,,,,,,,,,,,,,,,,,,,,,,,,,,,,,,,,,,,,,,,,,,,,,,,,,,,,,,,,,,,,,,,,,,,,,,,,,,,,,,,,,,,,,,,,,,,,,,,,,,,,,,,,,,,,,,,,,,,,,,,,,,,,,,,,,,,,,,,,,,,,,,,,,,,,,,,,,,,,,,,,,,,,,,,,,,,,,,,,,,,,,,,,,,,,,,,,,,,,,,,,,,,,,,,,,,,,,,,,,,,,,,,,,,,,,,,,,,,,,,,,,,,,,,,,,,,,,,,,,,,,,,,,,,,,,,,,,,,,,,,,,,,,,,,,,,,,,,,,,,,,,,,,,,,,,,,,,,,,,,,,,,,,,,,,,,,,,,,,,,,,,,,,,,,,,,,,,,,,,,,,,,,,,,,,,,,,,,,,,,,,,,,,,,,,,,,,,,,,,,,,,,,,,,,,,,,,,,,,,,,,,,,,,,,,,,,,,,,,,,,,,,,,,,,,,,,,,,,,,,,,,,,,,,,,,,,,,,,,,,,,,,,,,,,,,,,,,,,,,,,,,,,,,,,-0.014,0.026,-0.039,-0.207,0.032,0.036,-0.069,-0.001,0.027,0.058,-0.026,-0.019,-0.287,0.238,-0.083,-0.115,-0.207,-0.001,-0.39,-0.04,0.258,-0.031,-0.039,-0.069,-0.019,-0.115,-0.026,-0.083,0.063,0.063,0.026,0.036,0.053,0.032,-0.002,0.036,-0.014,0.032,0.058,0.238,0.027,-0.287,-0.04,-0.48,-0.04,-0.48,-0.019,-0.013,-0.024,0,0,0,0,0.004,0.004,0,-0.003,-0.002,0.086,-0.007,0,-0.021,-0.002,-0.012,-0.007,-0.019,-0.021,-0.001,-0.011,-0.128,-0.139,-0.006,-0.005,0,0,0.032,0.019,0,0,-0.006,-0.042,0.008,-0.013,0.009,-0.013,0,0,-0.013,0.015,-0.014,0.015,-0.012,-0.014,0,0,-0.128,-0.011,0,0,0,0,0,0,0.133,0.202,-0.154,-0.105,0.019,0.101,0.028,0.013,0.015,0.013,-0.039,0.017,0.128,0.061,0.013,0.027,0.013,-0.069,,,,,,-0.029,-0.02,0.177,-0.029,-0.029,-0.071,0,0,0,0,0,0,0,0,0,-0.059,0.03,-0.15,0,0,0,0,,,,,,,,,0,0,0,0,0.002,-0.213,0.103,,,,,,,,,,,,,,,,,,,,,,,,,,,,,,,,,,,,,,,,,,,,,,,,,,,,,,,,,,,,,,,,,,,,,,,,,,,,,,,,,,,0
115,0.075,0.056,-0.179,-0.234,0.074,0.116,-0.022,-0.072,0.041,0.099,0.05,0.05,-0.23,0.129,,,,,,,,,,-0.091,0.059,-0.051,-0.173,0.006,0,-0.081,-0.138,-0.01,0.002,-0.004,,,0.164,-0.249,0.167,,,,-0.157,0,0.001,0.005,-0.119,0.025,0.007,0.002,0.031,-0.173,0.01,0.026,-0.127,0,0.006,,,,,,,,,,,,,,,,,,,,,,,,,,,,,,,,,,,,,,,,,,,,,,,,,,,,,,,,,,,,,,,,,,,,,,,,,,,,,,,,,,,,,,,,,,,,,,,,,,,,,,,,,,,,,,,,,,,,,,,,,,,,,,,,,,,,,,,,,,,,,,,,,,,,,,,,,,,,,,,,,,,,,,,,,,,,,,,,,,,,,,,,,,,,,,,,,,,,,,,,,,,,,,,,,,,,,,,,,,,,,,,,,,,,,,,,,,,,,,,,,,,,,,,,,,,,,,,,,,,,,,,,,,,,,,,,,,,,,,,,,,,,,,,,,,,,,,,,,,,,,,,,,,,,,,,,,,,,,,,,,,,,,,,,,,,,,,,,,,,,,,,,,,,,,,,,,,,,,,,,,,,,,,,,,,,,,,,,,,,,,,,,,,,,,,,,,,,,,,,,,,,,,,,,,,,,,,,,,,,,,,,,,,,,,,,,,,,,,,,,,,,,,,,,,,,,,,,,,,,,,,,,,,,,,,,,,,,,,,,,,,,,,,,,,,,,,,,,,,,,,,,,,,,,,,,,,,,,,,,,,,,,,,,,,,,,,,,,,,,,,,,,,,,,,,,,,,,,,,,,,,,,,,,,,,,,,,,,,,,,,,,,,,,,,,,,,,,,,,,,,,,,,,,,,,,,,,,,,,,,,,,,,,,,,,,,,,,,,,,,,,,,,,,,,,,,,,,,,,,,,,,,,,,0.03,-0.154,0.107,0.15,-0.047,-0.039,-0.113,-0.066,0.062,0.067,-0.152,-0.14,-0.002,-0.144,0.283,-0.115,0.15,-0.066,-0.175,-0.104,0.343,-0.076,0.107,-0.113,-0.14,-0.115,-0.152,0.283,-0.702,-0.702,-0.154,-0.039,0.065,-0.048,-0.064,-0.039,0.03,-0.047,0.067,-0.144,0.062,-0.002,-0.24,0.52,-0.24,0.52,0.02,0.019,0.09,0,0,0,0,0,0,0.001,0,-0.029,0.007,0.002,0.001,-0.061,-0.029,-0.02,0.002,-0.019,-0.061,,,,,,,,,,,,,,,,,,,,,,,,,,,,,,,,,0,0,0,0,-0.05,-0.166,0.091,-0.039,0.009,-0.026,0.047,0.013,0.017,0.013,0.051,0.012,-0.004,-0.055,0.013,-0.025,0.013,0.005,0,0,-0.042,0,,0.108,0.077,-0.005,0.108,0.108,-0.079,0,0,0,0,0,0,0,0,,,,,,,,,0.008,-0.005,0.008,-0.005,0,0,0,0,0,0,0,0,,,,,,,,,,,,,,,,,,,,,,,,,,,,,,,,,,,,,,,,,,,,,,,,,,,,,,,,,,,,,,,,,,,,,,,,,,,,,,,,,,,,,,0
116,,,,,,,,,,,,,,,,,,,,,,,,,,,,,,,,,,,,,,,,,,,,,,,,,,,,,,,,,,,,,,,,,,,,,,,,,,,,,,,,,,-0.032,-0.018,0.074,0.175,0.058,0.077,0.01,0.053,-0.034,-0.109,0.331,0.331,-0.174,-0.288,,,,,,,,,,0.012,-0.034,0.048,-0.304,0.003,0,0.013,0.18,0.159,0.095,-0.005,,,,,,-0.044,0.292,0.387,-0.197,0,0,0.017,-0.049,0.068,0.086,0.033,0.026,-0.05,0.053,0.04,0.02,0.199,-0.051,0.009,0.003,,,,,,,,,,,,,,,,,,,,,,,,,,,,,,,,,,,,,,,,,,,,,,,,,,,,,,,,,,,,,,,,,,,,,,,,,,,,,,,,,,,,,,,,,,,,,,,,,,,,,,,,,,,,,,,,,,,,,,,,,,,,,,,,,,,,,,,,,,,,,,,,,,,,,,,,,,,,,,,,,,,,,,,,,,,,,,,,,,,,,,,,,,,,,,,,,,,,,,,,,,,,,,,,,,,,,,,,,,,,,,,,,,,,,,,,,,,,,,,,,,,,,,,,,,,,,,,,,,,,,,,,,,,,,,,,,,,,,,,,,,,,,,,,,,,,,,,,,,,,,,,,,,,,,,,,,,,,,,,,,,,,,,,,,,,,,,,,,,,,,,,,,,,,,,,,,,,,,,,,,,,,,,,,,,,,,,,,,,,,,,,,,,,,,,,,,,,,,,,,,,,,,,,,,,,,,,,,,,,,,,,,,,,,,,,,,,,,,,,,,,,,,,,,,,,,,,,,,,,,,,,,,,,,,,,,,,,,,,,,,,,,,,,,,,,,,,,,,,,,,,,,,,,,,,,,,,,,,,,,,,,,,,,,,,,,,,,,,,,,,,,,,,,,,,,,,,,,,,,,,,,,,,,,,,,,,,,,,,,,,,,,0.056,0.082,0.053,-0.228,-0.059,-0.063,-0.094,-0.137,-0.011,-0.004,0.094,0.115,-0.202,0.024,-0.083,-0.115,-0.228,-0.137,0.191,-0.104,-0.015,-0.141,0.053,-0.094,0.115,-0.115,0.094,-0.083,0.082,0.082,0.082,-0.063,0.073,-0.061,0.017,-0.063,0.056,-0.059,-0.004,0.024,-0.011,-0.202,-0.097,0.52,-0.097,0.52,-0.009,-0.001,0.008,0,0,0,0,0.014,0.014,0.001,0.001,-0.056,-0.02,0.004,0.001,0.159,-0.056,-0.001,0.004,0.178,0.159,0.001,-0.065,0.147,0.134,0.005,0.175,0,0,-0.003,0.058,0,0,-0.002,0.025,-0.009,0.021,-0.009,0.021,0,0,-0.003,0.155,-0.005,0.155,-0.001,0.183,0,0,0.017,-0.005,0,0,0,0,0,0,0.037,-0.113,-0.034,-0.046,0.013,-0.001,-0.005,0.013,-0.001,0.013,0.025,0.013,-0.01,0.064,0.013,0.031,0.013,0.031,,,,,0.044,,,,,,,,,,,0,0,0,0,,,,,,,,,0.008,0.051,0.008,0.051,0,0,0,0,0,0,0,0,,,,,,,,,,,,,,,,,,,,,,,,,,,,,,,,,,,,,,,,,,,,,,,,,,,,,,,,,,,,,,,,,,,,,,,,,,,,,,,,,,,,,,0
118,-0.251,-0.22,-0.033,-0.016,0.031,0.161,0.052,0.208,0.183,-0.019,0.231,0.231,0.137,0.075,-0.013,-0.017,0.008,-0.251,0.003,0,0.01,-0.119,0.046,,,,,,,,,,0.075,0,,,0.164,-0.267,0.002,,,,-0.157,0,0.001,0.011,0.065,-0.026,0.028,-0.001,-0.025,-0.016,-0.009,0.023,0.004,0,-0.001,,,,,,,,,,,,,,,,,,,,,,,,,,,,,,,,,,,,,,,,,,,,,,,,,,,,,,,,,,,,,,,,,,,,,,,,,,,,,,,,,,,,,,,,,,,,,,,,,,,,,,,,,,,,,,,,,,,,,,,,,,,,,,,,,,,,,,,,,,,,,,,,,,,,,,,,,,,,,,,,,,,,,,,,,,,,,,,,,,,,,,,,,,,,,,,,,,,,,,,,,,,,,,,,,,,,,,,,,,,,,,,,,,,,,,,,,,,,,,,,,,,,,,,,,,,,,,,,,,,,,,,,,,,,,,,,,,,,,,,,,,,,,,,,,,,,,,,,,,,,,,,,,,,,,,,,,,,,,,,,,,,,,,,,,,,,,,,,,,,,,,,,,,,,,,,,,,,,,,,,,,,,,,,,,,,,,,,,,,,,,,,,,,,,,,,,,,,,,,,,,,,,,,,,,,,,,,,,,,,,,,,,,,,,,,,,,,,,,,,,,,,,,,,,,,,,,,,,,,,,,,,,,,,,,,,,,,,,,,,,,,,,,,,,,,,,,,,,,,,,,,,,,,,,,,,,,,,,,,,,,,,,,,,,,,,,,,,,,,,,,,,,,,,,,,,,,,,,,,,,,,,,,,,,,,,,,,,,,,,,,,,,,,,,,,,,,,,,,,,,,,,,,,,,,,,,,,,,,,,,,,,,,,,,,,,,,,,,,,,,,,,,,,,,,,,,,,,,,,,,,,,,,,,-0.28,-0.19,-0.037,0.131,-0.014,-0.004,0.126,-0.014,0.131,0.134,-0.1,-0.166,-0.322,0.181,-0.017,-0.115,0.131,-0.014,0.138,0.119,-0.062,-0.005,-0.037,0.126,-0.166,-0.115,-0.1,-0.017,0.057,0.057,-0.19,-0.004,-0.023,-0.015,-0.076,-0.004,-0.28,-0.014,0.134,0.181,0.131,-0.322,-0.04,-0.48,-0.04,-0.48,-0.028,-0.013,-0.02,0,0,0,0,0.002,0.002,-0.003,0.001,0.079,-0.02,0.012,-0.003,-0.001,0.079,-0.001,0.012,-0.033,-0.001,-0.003,0.07,0.152,-0.108,0.012,0.015,0,0,-0.022,-0.056,0,0,-0.002,-0.03,-0.009,-0.059,-0.009,-0.059,0,0,-0.004,-0.016,-0.005,-0.016,-0.002,-0.028,0,0,0.016,-0.004,0,0,0,0,0,0,0.116,0.248,0.042,-0.058,0.018,0.033,-0.038,0.013,-0.017,0.013,-0.039,0.014,0.01,-0.044,0.013,-0.017,0.013,-0.024,,,,,,0.062,0.067,-0.03,0.062,0.062,-0.104,0,0,0,0,0,0,0,0,0,-0.106,0.03,-0.27,0,0,0,0,,,,,,,,,0,0,0,0,,,,,,,,,,,,,,,,,,,,,,,,,,,,,,,,,,,,,,,,,,,,,,,,,,,,,,,,,,,,,,,,,,,,,,,,,,,,,,,,,,,,,,0
120,-0.036,-0.056,-0.033,-0.016,-0.013,0.116,0.008,0.048,0.071,0.104,-0.072,-0.072,0.088,-0.192,,,,,,,,,,0.009,-0.139,0.049,-0.24,0.001,0,0.019,-0.229,-0.002,0.079,-0.003,,,-0.336,0.491,-0.077,,,,0.343,0,0.001,,,,,,,,,,,,,,,,,,,,,,,,,0.142,0.074,0.001,-0.098,0.088,0.113,0.088,0.034,0.055,0.072,0.034,0.081,,,,,,,,,,,,,,,,,,,,,,,,,,,,,,,,,,,,,,,,,,,,,,,,,,,,,,,,,,,,,,,,,,,,,,,,,,,,,,,,,,,,,,,,,,,,,,,,,,,,,,,,,,,,,,,,,,,,,,,,,,,,,,,,,,,,,,,,,,,,,,,,,,,,,,,,,,,,,,,,,,,,,,,,,,,,,,,,,,,,,,,,,,,,,,,,,,,,,,,,,,,,,,,,,,,,,,,,,,,,,,,,,,,,,,,,,,,,,,,,,,,,,,,,,,,,,,,,,,,,,,,,,,,,,,,,,,,,,,,,,,,,,,,,,,,,,,,,,,,,,,,,,,,,,,,,,,,,,,,,,,,,,,,,,,,,,,,,,,,,,,,,,,,,,,,,,,,,,,,,,,,,,,,,,,,,,,,,,,,,,,,,,,,,,,,,,,,,,,,,,,,,,,,,,,,,,,,,,,,,,,,,,,,,,,,,,,,,,,,,,,,,,,,,,,,,,,,,,,,,,,,,,,,,,,,,,,,,,,,,,,,,,,,,,,,,,,,,,,,,,,,,,,,,,,,,,,,,,,,,,,,,,,,,,,,,,,,,,,,,,,,,,,,,,,,,,,,,,,,,,,,,,,,,,,,,,,,,,,,,,,,,,,,,,,,,,,,,,,,,,,,,,,,,,,,,,,,,,,,,,,,,,,,,,,,,,,,,,,,,,,,,,,,,,,,,,,,,,,,,,,,,,,,,,,,,,,,,,,,,,,,,,,,,,,,,,,,,,,,,,,,,,,,,,,,,,,,,,,,,,,,,,,,,,,,,,,,,,,,,,,,,,,,,,,,,,,,,,,,,,,,,,,,,,,,,,,,,,,,,,,,,,,,,,,,,,,,,,,,,,,,,,,0,0,0.001,0,-0.12,0.166,-0.129,0.082,0,0,0,0,0,0,0,0,0.05,0.118,0.051,0.064,-0.258,-0.011,0.049,-0.021,-0.001,0.016,,,,,,,,,0,0,0,0,0.098,0.016,0.114,-0.049,0.032,0,0,0,0,-0.093,-0.003,-0.088,-0.008,-0.11,0.073,-0.088,0,0,0,0,0.147,-0.027,-0.029,0,0,0,,,,,,,,0.069,-0.174,0,0,0,0,0.25,0,0,0,0,0
122,0.049,0.041,0.385,0.384,0.074,0.07,-0.015,-0.072,-0.118,0.013,0.175,0.175,-0.169,0.245,0.087,-0.075,0.108,-0.153,0.002,0,0.11,-0.253,-0.02,,,,,,,,,,,,0.019,0.175,-0.336,0.123,0.085,,,,-0.157,0,0.001,,,,,,,,,,,,,-0.002,0.063,-0.023,0.003,0.018,0.01,0.041,0.054,0.058,0.005,0,-0.002,,,,,,,,,,,,,,,,,,,,,,,,,,,,,,,,,,,,,,,,,,,,,,,,,,,,,,,,,,,,,,,,,,,,,,,,,,,,,,,,,,,,,,,,,,,,,,,,,,,,,,,,,,,,,,,,,,,,,,,,,,,,,,,,,,,,,,,,,,,,,,,,,,,,,,,,,,,,,,,,,,,,,,,,,,,,,,,,,,,,,,,,,,,,,,,,,,,,,,,,,,,,,,,,,,,,,,,,,,,,,,,,,,,,,,,,,,,,,,,,,,,,,,,,,,,,,,,,,,,,,,,,,,,,,,,,,,,,,,,,,,,,,,,,,,,,,,,,,,,,,,,,,,,,,,,,,,,,,,,,,,,,,,,,,,,,,,,,,,,,,,,,,,,,,,,,,,,,,,,,,,,,,,,,,,,,,,,,,,,,,,,,,,,,,,,,,,,,,,,,,,,,,,,,,,,,,,,,,,,,,,,,,,,,,,,,,,,,,,,,,,,,,,,,,,,,,,,,,,,,,,,,,,,,,,,,,,,,,,,,,,,,,,,,,,,,,,,,,,,,,,,,,,,,,,,,,,,,,,,,,,,,,,,,,,,,,,,,,,,,,,,,,,,,,,,,,,,,,,,,,,,,,,,,,,,,,,,,,,,,,,,,,,,,,,,,,,,,,,,,,,,,,,,,,,,,,,,,,,,,,,,,,,,,,,,,,,,,,,,,,,,,,,,,,,,,,,,-0.04,-0.211,0.107,0.15,-0.098,-0.074,-0.094,-0.053,0.152,0.155,-0.193,-0.198,0.009,0.024,0.317,-0.115,0.15,-0.053,-0.175,-0.091,0.343,-0.057,0.107,-0.094,-0.198,-0.115,-0.193,0.317,-0.702,-0.702,-0.211,-0.074,0.045,-0.1,-0.084,-0.074,-0.04,-0.098,0.155,0.024,0.152,0.009,-0.183,0.52,-0.183,0.52,,,,0,0,0,0,0.005,0.005,0,0.002,0.025,-0.02,-0.001,0,0.099,0.025,0.031,-0.001,-0.083,0.099,,,,,,,,,,,,,,,,,,,,,,,,,,,,,,,,,0,0,0,0,-0.181,-0.189,0.1,0.046,0.012,0.022,0.087,0.013,0.027,0.013,-0.002,0.013,0.027,0.009,0.013,0.003,0.013,-0.024,,,,,,0.062,0.075,0.077,0.062,0.062,0.108,0,0,0,0,0,0,0,0,,,,,,,,,0.108,-0.138,0.108,-0.138,0,0,0,0,0,0,0,0,,,,,,,,,,,,,,,,,,,,,,,,,,,,,,,,,,,,,,,,,,,,,,,,,,,,,,,,,,,,,,,,,,,,,,,,,,,,,,,,,,,,,,0
123,-0.023,-0.034,-0.197,-0.161,-0.056,0.07,-0.007,-0.032,-0.021,-0.094,0.358,0.358,-0.028,0.025,0.087,-0.129,0.108,-0.145,0.001,0,0.01,0.395,0.111,,,,,,,,,,0.022,0.016,,,0.164,-0.32,0.099,,,,-0.157,0,0.001,,,,,,,,,,,,,,,,,,,,,,,,,-0.131,-0.115,-0.003,0.193,-0.012,0.012,0.238,0.383,-0.427,0.211,0.034,-0.131,,,,,,,,,,,,,,,,,,,,,,,,,,,,,,,,,,,,,,,,,,,,,,,,,,,,,,,,,,,,,,,,,,,,,,,,,,,,,,,,,,,,,,,,,,,,,,,,,,,,,,,,,,,,,,,,,,,,,,,,,,,,,,,,,,,,,,,,,,,,,,,,,,,,,,,,,,,,,,,,,,,,,,,,,,,,,,,,,,,,,,,,,,,,,,,,,,,,,,,,,,,,,,,,,,,,,,,,,,,,,,,,,,,,,,,,,,,,,,,,,,,,,,,,,,,,,,,,,,,,,,,,,,,,,,,,,,,,,,,,,,,,,,,,,,,,,,,,,,,,,,,,,,,,,,,,,,,,,,,,,,,,,,,,,,,,,,,,,,,,,,,,,,,,,,,,,,,,,,,,,,,,,,,,,,,,,,,,,,,,,,,,,,,,,,,,,,,,,,,,,,,,,,,,,,,,,,,,,,,,,,,,,,,,,,,,,,,,,,,,,,,,,,,,,,,,,,,,,,,,,,,,,,,,,,,,,,,,,,,,,,,,,,,,,,,,,,,,,,,,,,,,,,,,,,,,,,,,,,,,,,,,,,,,,,,,,,,,,,,,,,,,,,,,,,,,,,,,,,,,,,,,,,,,,,,,,,,,,,,,,,,,,,,,,,,,,,,,,,,,,,,,,,,,,,,,,,,,,,,,,,,,,,,,,,,,,,,,,,,,,,,0.252,-0.082,0.019,0.078,0.025,-0.025,0.006,-0.001,0.053,0.058,0.068,0.033,-0.167,0.024,-0.017,-0.115,0.078,-0.001,0.171,-0.002,-0.093,0.008,0.019,0.006,0.033,-0.115,0.068,-0.017,0.101,0.101,-0.082,-0.025,0.129,0.025,-0.039,-0.025,0.252,0.025,0.058,0.024,0.053,-0.167,-0.04,0.52,-0.04,0.52,0.005,0.007,-0.008,0,0,0,0,0.007,0.007,0,-0.002,0.052,-0.099,0.002,0,0.099,0.052,0.019,0.002,-0.028,0.099,0,0.043,0.119,0.073,0.002,0.115,0,0,0.004,-0.033,0,0,0.005,-0.026,-0.002,-0.038,-0.002,-0.038,0,0,-0.012,-0.051,-0.013,-0.051,0.019,-0.023,0,0,-0.125,0.025,0,0,0,0,0,0,-0.011,-0.172,-0.129,-0.126,0.008,-0.026,0.044,0.013,0.019,0.013,0.031,0.011,0.001,-0.005,0.013,-0.001,0.013,-0.036,,,,,,-0.165,-0.163,-0.228,-0.165,-0.165,0.002,0,0,0,0,0,0,0,0,,,,,,,,,-0.092,0.068,-0.092,0.068,0,0,0,0,0,0,0,0,,,,,,,,,,,,,,,,,,,,,,,,,,,,,,,,,,,,,,,,,,,,,,,,,,,,,,,,,,,,,,,,,,,,,,,,,,,,,,,,,,,,,,0
124,,,,,,,,,,,,,,,,,,,,,,,,,,,,,,,,,,,,,,,,,,,,,,,,,,,,,,,,,,,,,,,,,,,,,,,,,,,,,,,,,,0.077,0.083,-0.123,-0.291,0.002,0,-0.018,-0.135,0.268,0.141,0.061,0.061,0.172,-0.152,,,,,,,,,,-0.088,0.466,-0.052,-0.003,0.001,0,-0.087,0.592,-0.067,-0.307,-0.003,,,-0.01,-0.18,0.007,,,,-0.197,0,0,,,,,,,,,,,,,,,,,,,,,,,,,,,,,-0.022,0.112,-0.031,-0.098,-0.148,-0.162,0.049,-0.007,-0.039,-0.036,-0.131,0.087,-0.161,0.051,,,,,,,,,,,,,,,,,,,,,,,,,,,,,,,,,,,,,,,,,,,,,,,,,,,,,,,,,,,,,,,,,,,,,,,,,,,,,,,,,,,,,,,,,,,,,,,,,,,,,,,,,,,,,,,,,,,,,,,,,,,,,,,,,,,,,,,,,,,,,,,,,,,,,,,,,,,,,,,,,,,,,,,,,,,,,,,,,,,,,,,,,,,,,,,,,,,,,,,,,,,,,,,,,,,,,,,,,,,,,,,,,,,,,,,,,,,,,,,,,,,,,,,,,,,,,,,,,,,,,,,,,,,,,,,,,,,,,,,,,,,,,,,,,,,,,,,,,,,,,,,,,,,,,,,,,,,,,,,,,,,,,,,,,,,,,,,,,,,,,,,,,,,,,,,,,,,,,,,,,,,,,,,,,,,,,,,,,,,,,,,,,,,,,,,,,,,,,,,,,,,,,,,,,,,,,,,,,,,,,,,,,,,,,,,,,,,,,,,,,,,,,,,,,,,,,,,,,,,,,,,,,,,,,,,,,,,,,,,,,,,,,,,,,,,,,,,,,,,,,,,,,,,,,,,,,,,,,,,,,,,,,,,,,,,,,,,,,,,,,,,,,,,,,,,,,,,,-0.236,0.061,-0.006,0.37,-0.065,-0.033,0.038,0.051,0.036,0.041,0.049,0.034,-0.026,-0.032,0.183,-0.115,0.37,0.051,0.157,0.03,0.081,0.06,-0.006,0.038,0.034,-0.115,0.049,0.183,-0.702,-0.702,0.061,-0.033,-0.503,-0.066,0.01,-0.033,-0.236,-0.065,0.041,-0.032,0.036,-0.026,-0.24,0.52,-0.24,0.52,0.039,0.034,0.161,0,0,0,0,-0.002,-0.002,-0.003,0.003,-0.002,-0.02,0.002,-0.003,0.199,-0.002,-0.02,0.002,-0.074,0.199,,,,,,,,,,,,,,,,,,,,,,,,,,,,,,,,,0,0,0,0,-0.219,-0.192,0.08,0.129,0.012,0.044,0.036,0.013,0.017,0.013,-0.025,0.015,0.041,-0.058,0.013,-0.033,0.013,-0.024,0,0,0.028,0,,0.062,0.067,0.222,0.062,0.062,0.018,0,0,0,0,0,0,0,0,0,0.046,-0.082,0.117,0,0,0,0,,,,,,,,,0,0,0,0,,,,,,,,,,,,,,,,,,,,,,,,,,,,,,,,,,,,,,,,,,,,,,,,,,,,,,,,,,,,,,,,,,,,,,,,,,,,,,,,,,,,,,0
125,-0.029,-0.019,-0.197,-0.197,-0.1,0.025,-0.007,-0.072,0.076,0.04,-0.255,-0.255,-0.079,-0.055,,,,,,,,,,-0.091,0.382,-0.051,0.037,0.004,0,-0.081,0.069,-0.085,0.016,0.013,,,-0.336,0.287,0.094,,,,-0.157,0,0.001,,,,,,,,,,,,,,,,,,,,,,,,,-0.24,0.003,0.001,-0.115,-0.212,-0.164,-0.135,0.199,-0.368,-0.109,-0.066,-0.081,,,,,,,,,,,,,,,,,,,,,,,,,,,,,,,,,,,,,,,,,,,,,,,,,,,,,,,,,,,,,,,,,,,,,,,,,,,,,,,,,,,,,,,,,,,,,,,,,,,,,,,,,,,,,,,,,,,,,,,,,,,,,,,,,,,,,,,,,,,,,,,,,,,,,,,,,,,,,,,,,,,,,,,,,,,,,,,,,,,,,,,,,,,,,,,,,,,,,,,,,,,,,,,,,,,,,,,,,,,,,,,,,,,,,,,,,,,,,,,,,,,,,,,,,,,,,,,,,,,,,,,,,,,,,,,,,,,,,,,,,,,,,,,,,,,,,,,,,,,,,,,,,,,,,,,,,,,,,,,,,,,,,,,,,,,,,,,,,,,,,,,,,,,,,,,,,,,,,,,,,,,,,,,,,,,,,,,,,,,,,,,,,,,,,,,,,,,,,,,,,,,,,,,,,,,,,,,,,,,,,,,,,,,,,,,,,,,,,,,,,,,,,,,,,,,,,,,,,,,,,,,,,,,,,,,,,,,,,,,,,,,,,,,,,,,,,,,,,,,,,,,,,,,,,,,,,,,,,,,,,,,,,,,,,,,,,,,,,,,,,,,,,,,,,,,,,,,,,,,,,,,,,,,,,,,,,,,,,,,,,,,,,,,,,,,,,,,,,,,,,,,,,,,,,,,,,,,,,,,,,,,,,,,,,,,,,,,,,,,,,,,-0.147,-0.082,-0.091,0.078,-0.09,-0.093,-0.1,-0.046,0.002,0.008,0.225,0.26,-0.143,0.08,-0.083,-0.115,0.078,-0.046,-0.218,-0.085,0.228,-0.063,-0.091,-0.1,0.26,-0.115,0.225,-0.083,0.101,0.101,-0.082,-0.093,0.015,-0.092,-0.039,-0.093,-0.147,-0.09,0.008,0.08,0.002,-0.143,-0.04,0.52,-0.04,0.52,0.015,0.011,0.035,0,0,0,0,-0.002,-0.002,-0.005,0,-0.002,-0.046,-0.006,-0.005,0.059,-0.002,-0.011,-0.006,-0.18,0.059,-0.005,-0.011,0.123,-0.018,-0.006,0.075,0,0,-0.025,-0.132,0,0,-0.005,-0.105,0.009,-0.109,0.009,-0.109,0,0,0.013,-0.178,0.012,-0.178,-0.011,-0.175,0,0,-0.186,0.027,0,0,0,0,0,0,0.103,0.079,0.085,-0.048,0.009,0.019,0.053,0.013,0.025,0.013,-0.002,0.017,0.114,-0.016,0.013,-0.007,0.013,-0.043,,,,,,-0.301,-0.268,0.015,-0.301,-0.301,0.051,0,0,0,0,0,0,0,0,,,,,,,,,0.008,-0.059,0.008,-0.059,0,0,0,0,0,0,0,0,,,,,,,,,,,,,,,,,,,,,,,,,,,,,,,,,,,,,,,,,,,,,,,,,,,,,,,,,,,,,,,,,,,,,,,,,,,,,,,,,,,,,,0
126,0.095,0.056,-0.197,-0.179,-0.1,-0.157,-0.03,-0.112,-0.153,0.045,-0.237,-0.237,-0.007,0.068,0.087,-0.059,0.108,-0.105,0.004,0,0.11,-0.242,-0.023,,,,,,,,,,0.018,0.018,,,,,,-0.164,0.133,0.06,-0.157,0,0.001,-0.088,-0.091,-0.032,0.152,0.001,0.02,-0.044,0.007,-0.103,-0.04,0,-0.001,,,,,,,,,,,,,,,,,,,,,,,,,,,,,,,,,,,,,,,,,,,,,,,,,,,,,,,,,,,,,,,,,,,,,,,,,,,,,,,,,,,,,,,,,,,,,,,,,,,,,,,,,,,,,,,,,,,,,,,,,,,,,,,,,,,,,,,,,,,,,,,,,,,,,,,,,,,,,,,,,,,,,,,,,,,,,,,,,,,,,,,,,,,,,,,,,,,,,,,,,,,,,,,,,,,,,,,,,,,,,,,,,,,,,,,,,,,,,,,,,,,,,,,,,,,,,,,,,,,,,,,,,,,,,,,,,,,,,,,,,,,,,,,,,,,,,,,,,,,,,,,,,,,,,,,,,,,,,,,,,,,,,,,,,,,,,,,,,,,,,,,,,,,,,,,,,,,,,,,,,,,,,,,,,,,,,,,,,,,,,,,,,,,,,,,,,,,,,,,,,,,,,,,,,,,,,,,,,,,,,,,,,,,,,,,,,,,,,,,,,,,,,,,,,,,,,,,,,,,,,,,,,,,,,,,,,,,,,,,,,,,,,,,,,,,,,,,,,,,,,,,,,,,,,,,,,,,,,,,,,,,,,,,,,,,,,,,,,,,,,,,,,,,,,,,,,,,,,,,,,,,,,,,,,,,,,,,,,,,,,,,,,,,,,,,,,,,,,,,,,,,,,,,,,,,,,,,,,,,,,,,,,,,,,,,,,,,,,,,,,,,,,,,,,,,,,,,,,,,,,,,,,,,-0.084,0.294,-0.171,-0.228,-0.111,-0.114,0.013,-0.027,0.221,0.247,-0.106,0.038,-0.108,-0.2,-0.05,0.218,-0.228,-0.027,0.059,0.004,-0.276,-0.018,-0.171,0.013,0.038,0.218,-0.106,-0.05,0.082,0.082,0.294,-0.114,0.033,-0.113,0.09,-0.114,-0.084,-0.111,0.247,-0.2,0.221,-0.108,0.017,0.52,0.017,0.52,0.01,0.011,0.043,0,0,0,0,0.008,0.008,0.001,0.001,0.025,-0.099,0.004,0.001,0.059,0.025,-0.001,0.004,-0.097,0.059,,,,,,,,,,,,,,,,,,,,,,,,,,,,,,,,,0,0,0,0,-0.044,-0.135,-0.245,-0.141,0.014,0.002,-0.06,0.013,-0.027,0.013,0.011,0.009,-0.024,0.017,0.013,0.007,0.013,-0.014,,,,,,-0.165,-0.131,0.181,-0.165,-0.165,-0.095,0,0,0,0,0,0,0,0,0,-0.022,0.03,-0.056,0,0,0,0,,,,,,,,,0,0,0,0,,,,,,,,,,,,,,,,,,,,,,,,,,,,,,,,,,,,,,,,,,,,,,,,,,,,,,,,,,,,,,,,,,,,,,,,,,,,,,,,,,,,,,0
127,,,,,,,,,,,,,,,,,,,,,,,,,,,,,,,,,,,,,,,,,,,,,,,,,,,,,,,,,,,,,,,,,,,,,,,,,,,,,,,,,,,,,,,,,,,,,,,,,,,,,,,,,,,,,,,,,,,,,,,,,,,,,,,,,,,,,,,,,,,,,,,,,,,,,,,,,,,,,,,,,,,,,,,,,,,,,,,,,,,,,,,,,,,,,,,,,,,,,,,,,,,,,,,,,,,,,,,,,,,,,,,,,,,,,,,,,,,,,,,,,,,,,,,,,,,,,,,,,,,,,,,,,,,,,,,,,,,,,,,,,,,,,,,,,,,,,,,,,,,,,,,,,,,,,,,,,,,,,,,,,,,,,-0.065,-0.184,-0.041,-0.038,0.021,0.03,-0.031,0.165,-0.121,0.201,0.186,0.244,-0.129,0.007,0.144,0.001,-0.004,-0.008,0.069,0.004,0.004,-0.017,0.299,-0.003,0,-0.164,0.003,-0.037,-0.022,,,,,,,,,,,,,,,,0.308,-0.001,-0.03,0.035,0.004,0.021,-0.001,0.116,-0.005,,,,,,,,,,-0.049,0.398,-0.121,-0.129,0.165,0,0.211,0.136,-0.145,-0.05,-0.022,,,,,,,,,,,,,,,,,,,,,,,,,,,,,,,,,,,,,,,,,,,,,,,,,,,,,,,,,,,,,,,,,,,,,,,,,,,,,,,,,,,,,,,,,,,,,,,,,,,,,,,,,,,,,,,,,,,,,,,,,,,,,,,,,,,,,,,,,,,,,,,,,,,,,,,,,,,,,,,,,,,,,,,,,,,,,,,,,,,,,,,,,,,,,,,,,,,,,,,,,,,,,,,,,,,,,,,,,,,,,,,,,,,,,,,,,,,,,,,,,,,,,,,,,,,,,,,,,,,,,,,,,,,,,,,,,,,,,,,,,,,,,-0.088,0.066,0.024,-0.043,-0.031,-0.181,-0.042,-0.125,-0.035,0.058,-0.077,-0.261,-0.038,-0.034,,,,,,,,,,,,,,,,,,,,,,,,,,,,,0.315,-0.03,0.184,-0.097,0.063,0.06,-0.05,-0.098,-0.064,-0.081,0.074,0.115,0.101,0.013,-0.05,-0.115,-0.097,-0.098,0.269,-0.06,-0.198,-0.089,0.184,-0.05,0.115,-0.115,0.074,-0.05,0.063,0.063,-0.03,0.06,0.146,0.063,-0.022,0.061,0.315,0.063,-0.081,0.013,-0.064,0.101,0.017,-0.48,0.017,-0.48,-0.014,-0.009,-0.016,0,0,0,0,0.003,0.003,0.004,0.003,-0.029,0.059,-0.007,0.004,-0.141,-0.029,-0.012,-0.007,0.146,-0.141,0.004,-0.038,0.054,-0.108,-0.006,-0.125,0,0,0.081,0.255,0,0,-0.006,0.041,0.008,0.124,0.009,0.124,0,0,-0.013,0.19,-0.014,0.19,-0.012,0.151,0,0,0.055,-0.003,0,0,0,0,0,0,0.17,0.239,0.099,-0.069,0.018,0.061,-0.081,0.013,-0.037,0.013,-0.032,0.014,0.024,-0.052,0.013,-0.023,0.013,-0.024,,,,,,0.062,0.059,0.183,0.062,0.062,-0.112,0,0,0,0,0,0,0,0,0,-0.009,0.141,-0.023,0,0,0,0,,,,,,,,,0,0,0,0,,,,,,,,,,,,,,,,,,,,,,,,,,,,,,,,,,,,,,,,,,,,,,,,,,,,,,,,,,,,,,,,,,,,,,,,,,,,,,,,,,,,,,0
131,-0.003,0.041,0.348,0.33,0.031,0.161,0.022,0.088,0.153,-0.014,0.149,0.149,0.075,0.182,,,,,,,,,,0.009,0.501,0.049,0.333,0,0,0.019,0.38,-0.08,,,0.101,0.357,,,,-0.164,0.451,-0.013,0.343,0,0.001,,,,,,,,,,,,,-0.036,-0.036,-0.019,0.001,-0.001,-0.016,-0.039,-0.016,-0.076,-0.005,0,-0.009,,,,,,,,,,,,,,,,,,,,,,,,,,,,,,,,,,,,,,,,,,,,,,,,,,,,,,,,,,,,,,,,,,,,,,,,,,,,,,,,,,,,,,,,,,,,,,,,,,,,,,,,,,,,,,,,,,,,,,,,,,,,,,,,,,,,,,,,,,,,,,,,,,,,,,,,,,,,,,,,,,,,,,,,,,,,,,,,,,,,,,,,,,,,,,,,,,,,,,,,,,,,,,,,,,,,,,,,,,,,,,,,,,,,,,,,,,,,,,,,,,,,,,,,,,,,,,,,,,,,,,,,,,,,,,,,,,,,,,,,,,,,,,,,,,,,,,,,,,,,,,,,,,,,,,,,,,,,,,,,,,,,,,,,,,,,,,,,,,,,,,,,,,,,,,,,,,,,,,,,,,,,,,,,,,,,,,,,,,,,,,,,,,,,,,,,,,,,,,,,,,,,,,,,,,,,,,,,,,,,,,,,,,,,,,,,,,,,,,,,,,,,,,,,,,,,,,,,,,,,,,,,,,,,,,,,,,,,,,,,,,,,,,,,,,,,,,,,,,,,,,,,,,,,,,,,,,,,,,,,,,,,,,,,,,,,,,,,,,,,,,,,,,,,,,,,,,,,,,,,,,,,,,,,,,,,,,,,,,,,,,,,,,,,,,,,,,,,,,,,,,,,,,,,,,,,,,,,,,,,,,,,,,,,,,,,,,,,,,,,,,,,,,,,,,,,,,,-0.216,0.077,-0.017,-0.174,0.106,0.103,0,-0.105,-0.038,-0.031,0.043,0.028,0.101,-0.099,-0.05,-0.115,-0.174,-0.105,0.15,-0.009,-0.244,-0.096,-0.017,0,0.028,-0.115,0.043,-0.05,0.082,0.082,0.077,0.103,-0.005,0.107,0.015,0.104,-0.216,0.106,-0.031,-0.099,-0.038,0.101,0.017,-0.48,0.017,-0.48,-0.023,-0.017,-0.047,0,0,0,0,0.007,0.007,-0.005,-0.003,-0.029,0.112,-0.006,-0.005,-0.101,-0.029,-0.011,-0.006,0.375,-0.101,-0.005,-0.038,0.036,-0.018,-0.006,-0.085,0,0,0.033,0.099,0,0,0.005,0.056,0.008,0.056,0.009,0.056,0,0,-0.012,0.401,-0.013,0.401,-0.011,0.38,0,0,0.057,-0.004,0,0,0,0,0,0,0.033,-0.014,0.058,0.049,0.013,-0.024,-0.053,0.013,-0.023,0.013,0.031,0.013,-0.024,-0.055,0.013,-0.023,0.013,-0.024,,,,,,0.108,0.096,-0.008,0.108,0.108,-0.104,0,0,0,0,0,0,0,0,,,,,,,,,0.208,0.023,0.208,0.023,0,0,0,0,0,0,0,0,,,,,,,,,,,,,,,,,,,,,,,,,,,,,,,,,,,,,,,,,,,,,,,,,,,,,,,,,,,,,,,,,,,,,,,,,,,,,,,,,,,,,,0
135,0.023,0.056,-0.015,-0.016,0.118,-0.021,-0.007,-0.072,0.015,0.254,0.139,0.139,-0.107,-0.197,,,,,,,,,,0.009,-0.204,-0.051,0.421,-0.002,0,0.019,-0.256,0,0.016,0.014,,,0.164,-0.187,0.119,,,,-0.157,0,0.001,,,,,,,,,,,,,0.005,-0.022,-0.008,-0.007,0.038,0.031,-0.024,0.055,0.158,-0.005,0,0.002,,,,,,,,,,,,,,,,,,,,,,,,,,,,,,,,,,,,,,,,,,,,,,,,,,,,,,,,,,,,,,,,,,,,,,,,,,,,,,,,,,,,,,,,,,,,,,,,,,,,,,,,,,,,,,,,,,,,,,,,,,,,,,,,,,,,,,,,,,,,,,,,,,,,,,,,,,,,,,,,,,,,,,,,,,,,,,,,,,,,,,,,,,,,,,,,,,,,,,,,,,,,,,,,,,,,,,,,,,,,,,,,,,,,,,,,,,,,,,,,,,,,,,,,,,,,,,,,,,,,,,,,,,,,,,,,,,,,,,,,,,,,,,,,,,,,,,,,,,,,,,,,,,,,,,,,,,,,,,,,,,,,,,,,,,,,,,,,,,,,,,,,,,,,,,,,,,,,,,,,,,,,,,,,,,,,,,,,,,,,,,,,,,,,,,,,,,,,,,,,,,,,,,,,,,,,,,,,,,,,,,,,,,,,,,,,,,,,,,,,,,,,,,,,,,,,,,,,,,,,,,,,,,,,,,,,,,,,,,,,,,,,,,,,,,,,,,,,,,,,,,,,,,,,,,,,,,,,,,,,,,,,,,,,,,,,,,,,,,,,,,,,,,,,,,,,,,,,,,,,,,,,,,,,,,,,,,,,,,,,,,,,,,,,,,,,,,,,,,,,,,,,,,,,,,,,,,,,,,,,,,,,,,,,,,,,,,,,,,,,,,,,,,,,,,,,,,,-0.103,-0.047,-0.006,0.04,-0.072,-0.069,0.082,0.09,0.036,0.092,-0.152,-0.14,-0.132,-0.088,0.25,0.218,0.04,0.09,0.157,0.074,-0.117,0.099,-0.006,0.082,-0.14,0.218,-0.152,0.25,-0.702,-0.702,-0.047,-0.069,0.027,-0.074,-0.027,-0.068,-0.103,-0.072,0.092,-0.088,0.036,-0.132,-0.24,0.52,-0.24,0.52,0.015,0.015,0.071,0,0,0,0,-0.007,-0.007,-0.002,-0.002,-0.191,0.033,-0.004,-0.002,0.119,-0.191,0.02,-0.004,-0.157,0.119,,,,,,,,,,,,,,,,,,,,,,,,,,,,,,,,,0,0,0,0,-0.292,-0.169,0.119,0.281,0.01,-0.032,-0.039,0.013,-0.017,0.013,0.044,0.016,0.021,-0.048,0.013,-0.021,0.013,-0.007,0.002,0,0.028,0.001,,0.108,0.115,-0.037,0.108,0.108,0.043,0,0,0,0,0,0,0,0,,,,,,,,,0.008,-0.129,0.008,-0.129,0,0,0,0,0,0,0,0,,,,,,,,,,,,,,,,,,,,,,,,,,,,,,,,,,,,,,,,,,,,,,,,,,,,,,,,,,,,,,,,,,,,,,,,,,,,,,,,,,,,,,0
136,-0.055,-0.049,-0.215,-0.179,0.031,0.161,0,-0.032,-0.179,-0.158,0.15,0.15,-0.01,0.188,-0.113,-0.074,-0.092,-0.129,-0.03,0,-0.09,-0.262,-0.073,,,,,,,,,,0.075,0.005,,,-0.336,0.151,-0.117,,,,0.343,0,0.001,,,,,,,,,,,,,-0.033,-0.014,0.004,0.001,-0.02,-0.032,-0.068,-0.034,-0.138,-0.008,0,-0.004,,,,,,,,,,,,,,,,,,,,,,,,,,,,,,,,,,,,,,,,,,,,,,,,,,,,,,,,,,,,,,,,,,,,,,,,,,,,,,,,,,,,,,,,,,,,,,,,,,,,,,,,,,,,,,,,,,,,,,,,,,,,,,,,,,,,,,,,,,,,,,,,,,,,,,,,,,,,,,,,,,,,,,,,,,,,,,,,,,,,,,,,,,,,,,,,,,,,,,,,,,,,,,,,,,,,,,,,,,,,,,,,,,,,,,,,,,,,,,,,,,,,,,,,,,,,,,,,,,,,,,,,,,,,,,,,,,,,,,,,,,,,,,,,,,,,,,,,,,,,,,,,,,,,,,,,,,,,,,,,,,,,,,,,,,,,,,,,,,,,,,,,,,,,,,,,,,,,,,,,,,,,,,,,,,,,,,,,,,,,,,,,,,,,,,,,,,,,,,,,,,,,,,,,,,,,,,,,,,,,,,,,,,,,,,,,,,,,,,,,,,,,,,,,,,,,,,,,,,,,,,,,,,,,,,,,,,,,,,,,,,,,,,,,,,,,,,,,,,,,,,,,,,,,,,,,,,,,,,,,,,,,,,,,,,,,,,,,,,,,,,,,,,,,,,,,,,,,,,,,,,,,,,,,,,,,,,,,,,,,,,,,,,,,,,,,,,,,,,,,,,,,,,,,,,,,,,,,,,,,,,,,,,,,,,,,,,,,,,,,,,,,,,,,,,,,,,,,,,,,,,,,,,,,,,,,,,,,,,,,,,,,,,,,,,,,,,,,,,,,,,,,,,,,,,,,,,,,,,,,,,,,,,,,,,,,,,,,,,,,,,,,,,,,,,,,,,,,,,,,,,,,,,,,,,,,,,,,,,,,,,,,,,,,,,,,,,,,,,,,,,,,,,,,,,,,,,,,,,0,0.001,0,0,0.288,0.045,0.096,0.01,0,0,0,0.001,0,0,-0.001,0.002,0.075,0.03,0.379,0.366,0.068,0.007,0.025,0.335,0.124,-0.027,0.001,0,0,0.003,0.012,0.018,0.015,0.012,,,,,,,,,-0.027,0,0,0,0,0.043,0,0.049,0.09,-0.167,0.2,0.049,0,0,0,0,-0.186,-0.002,0.004,0,0,0,,,,,,,,0.069,-0.146,0,0,0,0,-0.25,0,0,0,0,0
137,,,,,,,,,,,,,,,,,,,,,,,,,,,,,,,,,,,,,,,,,,,,,,,,,,,,,,,,,,,,,,,,,,,,,,,,,,,,,,,,,,,,,,,,,,,,,,,,,,,,,,,,,,,,,,,,,,,,,,,,,,,,,,,,,,,,,,,,,,,,,,,,,,,,,,,,,,,,,,,,,,,,,,,,,,,,,,,,,,,,,,,,,,,,,,,,,,,,,,,,,,,,,,,,,,,,,,,,,,,,,,,,,,,,,,,,,,,,,,,,,,,,,,,,,,,,,,,,,,,,,,,,,,,,,,,,,,,,,,,,,,,,,,,,,,,,,,,,,,,,,,,,,,,,,,,,,,,,,,,,,,,,,0.104,-0.08,-0.063,-0.032,-0.03,0.007,0.007,0.041,0.087,-0.06,-0.068,-0.038,0.087,0.009,-0.059,-0.001,0.007,-0.008,-0.001,0.008,0.008,0.02,0.354,0.005,0.008,-0.105,0.004,0.091,-0.017,,,,,,,,,,,,,,,,0.351,0,-0.009,-0.056,0.001,0.052,0,-0.016,-0.001,,,,,,,,,,0.062,0.099,0.087,0.087,0.041,0,0.013,0.045,-0.094,0.061,-0.011,,,,,,,,,,,,,,,,,,,,,,,,,,,,,,,,,,,,,,,,,,,,,,,,,,,,,,,,,,,,,,,,,,,,,,,,,,,,,,,,,,,,,,,,,,,,,,,,,,,,,,,,,,,,,,,,,,,,,,,,,,,,,,,,,,,,,,,,,,,,,,,,,,,,,,,,,,,,,,,,,,,,,,,,,,,,,,,,,,,,,,,,,,,,,,,,,,,,,,,,,,,,,,,,,,,,,,,,,,,,,,,,,,,,,,,,,,,,,,,,,,,,,,,,,,,,,,,,,,,,,,,,,,,,,,,,,,,,,,,,,,,,,-0.05,-0.036,0.112,-0.095,-0.031,-0.111,0.024,0.028,-0.035,0.042,0.097,0.032,0.092,-0.034,,,,,,,,,,,,,,,,,,,,,,,,,,,,,-0.28,-0.082,0.183,0.346,-0.026,-0.023,0.069,0.083,0.002,0.008,-0.218,-0.204,-0.155,-0.088,-0.017,-0.115,0.346,0.083,0.268,0.061,0.066,0.092,0.183,0.069,-0.204,-0.115,-0.218,-0.017,0.057,0.057,-0.082,-0.023,-0.023,-0.027,-0.039,-0.022,-0.28,-0.026,0.008,-0.088,0.002,-0.155,-0.04,0.52,-0.04,0.52,-0.023,-0.017,-0.039,0,0,0,0,0.001,0.001,-0.002,0.002,0.052,-0.072,0.007,-0.002,0.179,0.052,0.008,0.007,-0.102,0.179,-0.002,0.043,0.14,0.164,0.007,0.195,0,0,-0.048,0.001,0,0,-0.009,0.037,-0.006,0.031,-0.006,0.031,0,0,0.029,-0.139,0.028,-0.139,0.008,-0.097,0,0,-0.087,-0.001,0,0,0,0,0,0,-0.2,-0.171,0.117,0.004,0.017,0.095,0.06,0.013,0.027,0.013,-0.065,0.014,0.035,-0.029,0.013,-0.017,0.013,-0.007,,,,,,-0.165,-0.153,-0.192,-0.165,-0.165,0.035,0,0,0,0,0,0,0,0,0,0.055,-0.082,0.14,0,0,0,0,,,,,,,,,0,0,0,0,,,,,,,,,,,,,,,,,,,,,,,,,,,,,,,,,,,,,,,,,,,,,,,,,,,,,,,,,,,,,,,,,,,,,,,,,,,,,,,,,,,,,,0
140,,,,,,,,,,,,,,,,,,,,,,,,,,,,,,,,,,,,,,,,,,,,,,,,,,,,,,,,,,,,,,,,,,,,,,,,,,,,,,,,,,-0.142,-0.176,0.132,0.33,0.113,0.077,0.03,0.24,-0.113,-0.089,-0.283,-0.283,0.04,-0.069,0.033,-0.283,-0.034,0.181,-0.012,0,0.043,-0.232,0.069,,,,,,,,,,,,0.158,-0.035,,,,-0.044,-0.201,-0.038,0.803,0,0,,,,,,,,,,,,,,,0,-0.063,0.003,-0.001,-0.009,-0.009,-0.01,0.036,0.113,-0.055,0.03,-0.012,0.002,-0.003,,,,,,,,,,,,,,,,,,,,,,,,,,,,,,,,,,,,,,,,,,,,,,,,,,,,,,,,,,,,,,,,,,,,,,,,,,,,,,,,,,,,,,,,,,,,,,,,,,,,,,,,,,,,,,,,,,,,,,,,,,,,,,,,,,,,,,,,,,,,,,,,,,,,,,,,,,,,,,,,,,,,,,,,,,,,,,,,,,,,,,,,,,,,,,,,,,,,,,,,,,,,,,,,,,,,,,,,,,,,,,,,,,,,,,,,,,,,,,,,,,,,,,,,,,,,,,,,,,,,,,,,,,,,,,,,,,,,,,,,,,,,,,,,,,,,,,,,,,,,,,,,,,,,,,,,,,,,,,,,,,,,,,,,,,,,,,,,,,,,,,,,,,,,,,,,,,,,,,,,,,,,,,,,,,,,,,,,,,,,,,,,,,,,,,,,,,,,,,,,,,,,,,,,,,,,,,,,,,,,,,,,,,,,,,,,,,,,,,,,,,,,,,,,,,,,,,,,,,,,,,,,,,,,,,,,,,,,,,,,,,,,,,,,,,,,,,,,,,,,,,,,,,,,,,,,,,,,,,,,,,,,,,,,,,,,,,,,,,,,,,,,,,,,,,,,,,,,,,,,,,,,,,,,,,,,,,,,,,,,,,,,,,,,,,,,,,,,,,,,,,,,,,,,,,,,,,,,,,,,,,,,,,,,,,,,,,,,,,,,,,,,,,,,,,,,,,,,,,,,,,,,,,,,,,,,,,,,,,,,,,,,,,,,,,,,,,,,,,,,,,,,,,,,,,,,,,,,,,,,,,,,,,,,,,,,,0,0,0,0,-0.026,0.07,-0.073,0.033,0,0,0,0,0,0,0,0,0.013,-0.042,0.312,0.296,-0.114,0.024,-0.023,0.077,0.021,-0.063,0,0,0,0,-0.021,0.021,-0.046,0.007,,,,,,,,,0.336,0,0,0,0,-0.022,0.005,-0.042,0.144,0.047,0.038,-0.042,0,0,0,0,0.147,-0.327,0.038,0,0,0,-0.001,0.122,0,0,0,0,0.251,,,,,,,,0,0,0,0,0
142,0.023,0.041,-0.179,-0.179,-0.013,0.161,-0.015,-0.072,0.183,0.051,-0.313,-0.313,-0.084,-0.003,,,,,,,,,,-0.091,0.407,0.049,-0.348,0.001,0,-0.081,0.097,-0.081,,,0.041,0.3,-0.336,0.145,0.094,,,,-0.157,0,0.001,,,,,,,,,,,,,,,,,,,,,,,,,-0.106,-0.069,-0.008,0.333,0.188,0.122,-0.218,0.304,-0.573,-0.251,0.222,-0.113,,,,,,,,,,,,,,,,,,,,,,,,,,,,,,,,,,,,,,,,,,,,,,,,,,,,,,,,,,,,,,,,,,,,,,,,,,,,,,,,,,,,,,,,,,,,,,,,,,,,,,,,,,,,,,,,,,,,,,,,,,,,,,,,,,,,,,,,,,,,,,,,,,,,,,,,,,,,,,,,,,,,,,,,,,,,,,,,,,,,,,,,,,,,,,,,,,,,,,,,,,,,,,,,,,,,,,,,,,,,,,,,,,,,,,,,,,,,,,,,,,,,,,,,,,,,,,,,,,,,,,,,,,,,,,,,,,,,,,,,,,,,,,,,,,,,,,,,,,,,,,,,,,,,,,,,,,,,,,,,,,,,,,,,,,,,,,,,,,,,,,,,,,,,,,,,,,,,,,,,,,,,,,,,,,,,,,,,,,,,,,,,,,,,,,,,,,,,,,,,,,,,,,,,,,,,,,,,,,,,,,,,,,,,,,,,,,,,,,,,,,,,,,,,,,,,,,,,,,,,,,,,,,,,,,,,,,,,,,,,,,,,,,,,,,,,,,,,,,,,,,,,,,,,,,,,,,,,,,,,,,,,,,,,,,,,,,,,,,,,,,,,,,,,,,,,,,,,,,,,,,,,,,,,,,,,,,,,,,,,,,,,,,,,,,,,,,,,,,,,,,,,,,,,,,,,,,,,,,,,,,,,,,,,,,,,,,,,,,,,,,,-0.21,0.082,0.165,-0.118,-0.075,-0.066,0.069,0.155,0.015,-0.03,0.174,0.192,-0.167,-0.2,-0.05,-0.115,-0.118,0.155,-0.336,0.112,0.377,0.112,0.165,0.069,0.192,-0.115,0.174,-0.05,0.082,0.082,0.082,-0.066,-0.003,-0.076,0.017,-0.066,-0.21,-0.075,-0.03,-0.2,0.015,-0.167,-0.097,0.52,-0.097,0.52,0.01,0.011,0.031,0,0,0,0,0,0,0,0.001,-0.002,0.033,0.002,0,0.039,-0.002,0.02,0.002,-0.079,0.039,0,-0.011,0.1,-0.048,0.002,0.055,0,0,0.014,-0.033,0,0,-0.005,-0.054,0.009,-0.044,0.009,-0.044,0,0,-0.011,-0.038,-0.012,-0.038,0.019,-0.074,0,0,0.12,0,0,0,0,0,0,0,0.067,-0.009,-0.239,-0.132,0.013,-0.007,-0.01,0.013,-0.005,0.013,0.044,0.014,0.004,0.025,0.013,0.011,0.013,0.012,,,,,,-0.029,-0.042,0.013,-0.029,-0.029,-0.03,0,0,0,0,0,0,0,0,0,0.086,-0.082,0.22,0,0,0.001,0,,,,,,,,,0,0,0,0,0.002,0,-0.019,,,,,,,,,,,,,,,,,,,,,,,,,,,,,,,,,,,,,,,,,,,,,,,,,,,,,,,,,,,,,,,,,,,,,,,,,,,,,,,,,,,0
145,0.141,0.16,0.33,0.294,-0.143,-0.203,-0.015,-0.032,-0.067,0.029,-0.216,-0.216,0.026,0.191,0.087,-0.207,0.108,-0.257,0.003,0,0.01,0.425,0.046,,,,,,,,,,,,0.045,-0.094,0.164,-0.243,0.094,,,,-0.157,0,0.001,,,,,,,,,,,,,,,,,,,,,,,,,-0.24,-0.011,-0.019,-0.053,-0.312,-0.316,-0.287,0.087,-0.271,-0.232,-0.155,-0.071,,,,,,,,,,,,,,,,,,,,,,,,,,,,,,,,,,,,,,,,,,,,,,,,,,,,,,,,,,,,,,,,,,,,,,,,,,,,,,,,,,,,,,,,,,,,,,,,,,,,,,,,,,,,,,,,,,,,,,,,,,,,,,,,,,,,,,,,,,,,,,,,,,,,,,,,,,,,,,,,,,,,,,,,,,,,,,,,,,,,,,,,,,,,,,,,,,,,,,,,,,,,,,,,,,,,,,,,,,,,,,,,,,,,,,,,,,,,,,,,,,,,,,,,,,,,,,,,,,,,,,,,,,,,,,,,,,,,,,,,,,,,,,,,,,,,,,,,,,,,,,,,,,,,,,,,,,,,,,,,,,,,,,,,,,,,,,,,,,,,,,,,,,,,,,,,,,,,,,,,,,,,,,,,,,,,,,,,,,,,,,,,,,,,,,,,,,,,,,,,,,,,,,,,,,,,,,,,,,,,,,,,,,,,,,,,,,,,,,,,,,,,,,,,,,,,,,,,,,,,,,,,,,,,,,,,,,,,,,,,,,,,,,,,,,,,,,,,,,,,,,,,,,,,,,,,,,,,,,,,,,,,,,,,,,,,,,,,,,,,,,,,,,,,,,,,,,,,,,,,,,,,,,,,,,,,,,,,,,,,,,,,,,,,,,,,,,,,,,,,,,,,,,,,,,,,,,,,,,,,,,,,,,,,,,,,,,,,,,,,,,,-0.014,0.026,0.073,-0.193,-0.021,-0.017,0.025,-0.066,0.002,-0.017,-0.041,0.004,-0.143,0.024,-0.017,-0.115,-0.193,-0.066,0.203,0.017,-0.255,-0.057,0.073,0.025,0.004,-0.115,-0.041,-0.017,0.057,0.057,0.026,-0.017,0.053,-0.022,-0.002,-0.017,-0.014,-0.021,-0.017,0.024,0.002,-0.143,-0.04,0.52,-0.04,0.52,-0.004,-0.001,-0.012,0,0,0,0,-0.001,-0.001,-0.005,-0.002,-0.029,-0.151,0.01,-0.005,-0.061,-0.029,-0.011,0.01,-0.102,-0.061,-0.005,-0.038,-0.018,-0.139,0.01,-0.045,0,0,-0.006,0.001,0,0,-0.005,-0.042,-0.002,-0.025,-0.002,-0.025,0,0,-0.012,-0.064,-0.013,-0.064,-0.011,-0.097,0,0,-0.125,-0.016,0,0,0,0,0,0,-0.087,-0.177,-0.08,-0.132,0.01,-0.024,-0.01,0.013,-0.005,0.013,-0.009,0.016,0.069,-0.019,0.013,-0.009,0.013,-0.036,,,,,,-0.119,-0.102,0.017,-0.119,-0.119,-0.055,0,0,0,0,0,0,0,0,0,-0.03,-0.082,-0.076,0,0,0,0,,,,,,,,,0,0,0,0,,,,,,,,,,,,,,,,,,,,,,,,,,,,,,,,,,,,,,,,,,,,,,,,,,,,,,,,,,,,,,,,,,,,,,,,,,,,,,,,,,,,,,0
146,-0.036,0.011,0.294,0.312,0.031,0.161,0.022,0.088,0.102,-0.046,-0.197,-0.197,0.144,-0.038,,,,,,,,,,0.009,-0.208,0.049,-0.325,0.004,0,0.019,-0.266,-0.025,,,-0.053,-0.035,,,,-0.164,0.033,-0.026,0.343,0,0.001,-0.044,-0.052,0.006,0.114,0.002,0.022,-0.019,0.001,0.068,-0.023,0,-0.002,,,,,,,,,,,,,,,,,,,,,,,,,,,,,,,,,,,,,,,,,,,,,,,,,,,,,,,,,,,,,,,,,,,,,,,,,,,,,,,,,,,,,,,,,,,,,,,,,,,,,,,,,,,,,,,,,,,,,,,,,,,,,,,,,,,,,,,,,,,,,,,,,,,,,,,,,,,,,,,,,,,,,,,,,,,,,,,,,,,,,,,,,,,,,,,,,,,,,,,,,,,,,,,,,,,,,,,,,,,,,,,,,,,,,,,,,,,,,,,,,,,,,,,,,,,,,,,,,,,,,,,,,,,,,,,,,,,,,,,,,,,,,,,,,,,,,,,,,,,,,,,,,,,,,,,,,,,,,,,,,,,,,,,,,,,,,,,,,,,,,,,,,,,,,,,,,,,,,,,,,,,,,,,,,,,,,,,,,,,,,,,,,,,,,,,,,,,,,,,,,,,,,,,,,,,,,,,,,,,,,,,,,,,,,,,,,,,,,,,,,,,,,,,,,,,,,,,,,,,,,,,,,,,,,,,,,,,,,,,,,,,,,,,,,,,,,,,,,,,,,,,,,,,,,,,,,,,,,,,,,,,,,,,,,,,,,,,,,,,,,,,,,,,,,,,,,,,,,,,,,,,,,,,,,,,,,,,,,,,,,,,,,,,,,,,,,,,,,,,,,,,,,,,,,,,,,,,,,,,,,,,,,,,,,,,,,,,,,,,,,,,,,,,,,,,,,,,,,,,,,,,,,,,-0.216,0.077,-0.151,0.121,-0.045,-0.029,0.006,-0.072,-0.116,-0.132,-0.046,-0.019,0.148,-0.156,-0.017,0.218,0.121,-0.072,0.071,-0.002,-0.068,-0.063,-0.151,0.006,-0.019,0.218,-0.046,-0.017,0.063,0.063,0.077,-0.029,-0.005,-0.046,0.015,-0.028,-0.216,-0.045,-0.132,-0.156,-0.116,0.148,0.017,-0.48,0.017,-0.48,0.039,0.027,0.071,0,0,0,0,0.008,0.008,-0.003,-0.002,0.025,0.191,-0.004,-0.003,-0.081,0.025,0.029,-0.004,-0.074,-0.081,-0.003,0.016,0.029,0.013,-0.003,-0.065,0,0,0.036,0.04,0,0,0.008,0.005,-0.009,0.009,-0.009,0.009,0,0,-0.004,0.002,-0.005,0.002,0.029,-0.069,0,0,-0.045,-0.008,0,0,0,0,0,0,0.086,0.033,0.007,0.016,0.009,-0.029,0.177,0.013,0.081,0.013,0.038,0.003,-0.112,0.236,0.013,0.109,0.013,0.137,,,,,-0.055,-0.119,-0.123,-0.073,-0.119,-0.119,0.01,0,0,0,0,0,0,0,0,0,-0.044,0.03,-0.112,0,0,0,0,,,,,,,,,0,0,0,0,,,,,,,,,,,,,,,,,,,,,,,,,,,,,,,,,,,,,,,,,,,,,,,,,,,,,,,,,,,,,,,,,,,,,,,,,,,,,,,,,,,,,,0
152,0.095,0.086,-0.215,-0.179,0.161,0.025,-0.03,-0.112,0.138,0.029,0.136,0.136,-0.058,0.046,-0.113,0.056,-0.092,-0.126,0.007,0,-0.09,-0.039,0.003,,,,,,,,,,0.002,-0.008,,,,,,0.336,-0.485,0.045,-0.157,0,0.001,0.081,0.032,0.011,0.058,0.001,0.012,0.056,0,0.047,0.029,0,0.005,,,,,,,,,,,,,,,,,,,,,,,,,,,,,,,,,,,,,,,,,,,,,,,,,,,,,,,,,,,,,,,,,,,,,,,,,,,,,,,,,,,,,,,,,,,,,,,,,,,,,,,,,,,,,,,,,,,,,,,,,,,,,,,,,,,,,,,,,,,,,,,,,,,,,,,,,,,,,,,,,,,,,,,,,,,,,,,,,,,,,,,,,,,,,,,,,,,,,,,,,,,,,,,,,,,,,,,,,,,,,,,,,,,,,,,,,,,,,,,,,,,,,,,,,,,,,,,,,,,,,,,,,,,,,,,,,,,,,,,,,,,,,,,,,,,,,,,,,,,,,,,,,,,,,,,,,,,,,,,,,,,,,,,,,,,,,,,,,,,,,,,,,,,,,,,,,,,,,,,,,,,,,,,,,,,,,,,,,,,,,,,,,,,,,,,,,,,,,,,,,,,,,,,,,,,,,,,,,,,,,,,,,,,,,,,,,,,,,,,,,,,,,,,,,,,,,,,,,,,,,,,,,,,,,,,,,,,,,,,,,,,,,,,,,,,,,,,,,,,,,,,,,,,,,,,,,,,,,,,,,,,,,,,,,,,,,,,,,,,,,,,,,,,,,,,,,,,,,,,,,,,,,,,,,,,,,,,,,,,,,,,,,,,,,,,,,,,,,,,,,,,,,,,,,,,,,,,,,,,,,,,,,,,,,,,,,,,,,,,,,,,,,,,,,,,,,,,,,,,,,,,,,,,-0.103,0.17,-0.006,0.15,-0.008,-0.001,-0.1,-0.098,0.036,0.041,0.23,0.246,-0.014,0.08,0.25,-0.115,0.15,-0.098,0.157,-0.111,-0.051,-0.089,-0.006,-0.1,0.246,-0.115,0.23,0.25,-0.702,-0.702,0.17,-0.001,0.027,-0.009,0.047,-0.001,-0.103,-0.008,0.041,0.08,0.036,-0.014,-0.24,0.52,-0.24,0.52,0.015,0.019,0.098,0,0,0,0,0.001,0.001,0.005,0.002,0.052,-0.099,-0.001,0.005,-0.021,0.052,0.001,-0.001,-0.042,-0.021,,,,,,,,,,,,,,,,,,,,,,,,,,,,,,,,,0,0,0,0,-0.204,-0.162,0.092,0.096,0.01,0.005,0.032,0.013,0.015,0.013,0.018,0.016,0.035,-0.079,0.013,-0.035,0.013,-0.03,0,0,-0.034,0,,-0.074,-0.056,-0.033,-0.074,-0.074,0.124,0,0,0,0,0,0,0,0,,,,,,,,,0.008,0.1,0.008,0.1,0,0,0,0,0,0,0,0,,,,,,,,,,,,,,,,,,,,,,,,,,,,,,,,,,,,,,,,,,,,,,,,,,,,,,,,,,,,,,,,,,,,,,,,,,,,,,,,,,,,,,0
153,0.095,0.086,-0.215,-0.179,0.161,0.025,-0.03,-0.112,0.138,0.029,0.136,0.136,-0.058,0.046,-0.113,0.056,-0.092,-0.126,0.007,0,-0.09,-0.039,0.003,,,,,,,,,,0.002,-0.008,,,,,,0.336,-0.485,0.045,-0.157,0,0.001,0.081,0.032,0.011,0.058,0.001,0.012,0.056,0,0.047,0.029,0,0.005,,,,,,,,,,,,,,,,,,,,,,,,,,,,,,,,,,,,,,,,,,,,,,,,,,,,,,,,,,,,,,,,,,,,,,,,,,,,,,,,,,,,,,,,,,,,,,,,,,,,,,,,,,,,,,,,,,,,,,,,,,,,,,,,,,,,,,,,,,,,,,,,,,,,,,,,,,,,,,,,,,,,,,,,,,,,,,,,,,,,,,,,,,,,,,,,,,,,,,,,,,,,,,,,,,,,,,,,,,,,,,,,,,,,,,,,,,,,,,,,,,,,,,,,,,,,,,,,,,,,,,,,,,,,,,,,,,,,,,,,,,,,,,,,,,,,,,,,,,,,,,,,,,,,,,,,,,,,,,,,,,,,,,,,,,,,,,,,,,,,,,,,,,,,,,,,,,,,,,,,,,,,,,,,,,,,,,,,,,,,,,,,,,,,,,,,,,,,,,,,,,,,,,,,,,,,,,,,,,,,,,,,,,,,,,,,,,,,,,,,,,,,,,,,,,,,,,,,,,,,,,,,,,,,,,,,,,,,,,,,,,,,,,,,,,,,,,,,,,,,,,,,,,,,,,,,,,,,,,,,,,,,,,,,,,,,,,,,,,,,,,,,,,,,,,,,,,,,,,,,,,,,,,,,,,,,,,,,,,,,,,,,,,,,,,,,,,,,,,,,,,,,,,,,,,,,,,,,,,,,,,,,,,,,,,,,,,,,,,,,,,,,,,,,,,,,,,,,,,,,,,,,,,,-0.103,0.17,-0.006,0.15,-0.008,-0.001,-0.1,-0.098,0.036,0.041,0.23,0.246,-0.014,0.08,0.25,-0.115,0.15,-0.098,0.157,-0.111,-0.051,-0.089,-0.006,-0.1,0.246,-0.115,0.23,0.25,-0.702,-0.702,0.17,-0.001,0.027,-0.009,0.047,-0.001,-0.103,-0.008,0.041,0.08,0.036,-0.014,-0.24,0.52,-0.24,0.52,0.015,0.019,0.098,0,0,0,0,0.001,0.001,0.005,0.002,0.052,-0.099,-0.001,0.005,-0.021,0.052,0.001,-0.001,-0.042,-0.021,,,,,,,,,,,,,,,,,,,,,,,,,,,,,,,,,0,0,0,0,-0.204,-0.162,0.092,0.096,0.01,0.005,0.032,0.013,0.015,0.013,0.018,0.016,0.035,-0.079,0.013,-0.035,0.013,-0.03,0,0,-0.034,0,,-0.074,-0.056,-0.033,-0.074,-0.074,0.124,0,0,0,0,0,0,0,0,,,,,,,,,0.008,0.1,0.008,0.1,0,0,0,0,0,0,0,0,,,,,,,,,,,,,,,,,,,,,,,,,,,,,,,,,,,,,,,,,,,,,,,,,,,,,,,,,,,,,,,,,,,,,,,,,,,,,,,,,,,,,,0
156,-0.003,-0.108,0.003,-0.016,0.074,0.161,0,0.128,-0.01,0.115,0.315,0.315,0.001,-0.047,-0.013,-0.111,0.008,-0.177,-0.007,0,-0.09,0.542,-0.072,,,,,,,,,,,,0.082,-0.064,,,,-0.164,0.395,-0.02,0.343,0,0.001,-0.028,-0.162,0.019,0.282,0,-0.01,0.111,0.005,-0.001,0.084,0,-0.003,,,,,,,,,,,,,,,,,,,,,,,,,,,,,,,,,,,,,,,,,,,,,,,,,,,,,,,,,,,,,,,,,,,,,,,,,,,,,,,,,,,,,,,,,,,,,,,,,,,,,,,,,,,,,,,,,,,,,,,,,,,,,,,,,,,,,,,,,,,,,,,,,,,,,,,,,,,,,,,,,,,,,,,,,,,,,,,,,,,,,,,,,,,,,,,,,,,,,,,,,,,,,,,,,,,,,,,,,,,,,,,,,,,,,,,,,,,,,,,,,,,,,,,,,,,,,,,,,,,,,,,,,,,,,,,,,,,,,,,,,,,,,,,,,,,,,,,,,,,,,,,,,,,,,,,,,,,,,,,,,,,,,,,,,,,,,,,,,,,,,,,,,,,,,,,,,,,,,,,,,,,,,,,,,,,,,,,,,,,,,,,,,,,,,,,,,,,,,,,,,,,,,,,,,,,,,,,,,,,,,,,,,,,,,,,,,,,,,,,,,,,,,,,,,,,,,,,,,,,,,,,,,,,,,,,,,,,,,,,,,,,,,,,,,,,,,,,,,,,,,,,,,,,,,,,,,,,,,,,,,,,,,,,,,,,,,,,,,,,,,,,,,,,,,,,,,,,,,,,,,,,,,,,,,,,,,,,,,,,,,,,,,,,,,,,,,,,,,,,,,,,,,,,,,,,,,,,,,,,,,,,,,,,,,,,,,,,,,,,,,,,,,,,,,,,,,,,,,,,,,,,,,,,,,,,,,,,,,,,,,,,,,,,,,,,,,,,,,,,,,,,,,,,,,,,,,,,,,,,,,,,,,,,,,,,,,,,,,,,,,,,,,,,,,,,,,,,,,,,,,,,,,,,,,,,,,,,,,,,,,,,,,,,,,,,,,,,,,,,,,,,,,,,,,,,,,,,,,,,,,,,,,,,,,,0,0,0,0,-0.18,0.166,-0.167,0.107,0,0,0,0,0,0,0,0,0.001,0.046,-0.139,-0.146,-0.076,0.007,0.176,-0.115,-0.044,-0.207,0,0,0,0,0.008,0.024,-0.042,0.015,,,,,,,,,0.043,0,0,0,0,-0.037,0.004,-0.042,0.006,0.228,-0.09,-0.042,0,0,0,0,0.48,-0.002,-0.013,0,0,0,-0.001,0.001,0,0,0,0,0.251,,,,,,,,0,0,0,0,0
159,-0.049,0.011,-0.033,0.003,0.031,0.116,0.015,-0.032,0,-0.056,0.106,0.106,0.121,0.018,,,,,,,,,,0.009,-0.185,-0.051,0.363,0.003,0,0.019,-0.232,0.027,-0.136,0.023,,,-0.336,0.329,0.123,,,,-0.157,0,0.001,-0.014,0.033,-0.021,0.001,-0.002,-0.04,-0.009,-0.019,-0.074,0.012,0,-0.003,,,,,,,,,,,,,,,,,,,,,,,,,,,,,,,,,,,,,,,,,,,,,,,,,,,,,,,,,,,,,,,,,,,,,,,,,,,,,,,,,,,,,,,,,,,,,,,,,,,,,,,,,,,,,,,,,,,,,,,,,,,,,,,,,,,,,,,,,,,,,,,,,,,,,,,,,,,,,,,,,,,,,,,,,,,,,,,,,,,,,,,,,,,,,,,,,,,,,,,,,,,,,,,,,,,,,,,,,,,,,,,,,,,,,,,,,,,,,,,,,,,,,,,,,,,,,,,,,,,,,,,,,,,,,,,,,,,,,,,,,,,,,,,,,,,,,,,,,,,,,,,,,,,,,,,,,,,,,,,,,,,,,,,,,,,,,,,,,,,,,,,,,,,,,,,,,,,,,,,,,,,,,,,,,,,,,,,,,,,,,,,,,,,,,,,,,,,,,,,,,,,,,,,,,,,,,,,,,,,,,,,,,,,,,,,,,,,,,,,,,,,,,,,,,,,,,,,,,,,,,,,,,,,,,,,,,,,,,,,,,,,,,,,,,,,,,,,,,,,,,,,,,,,,,,,,,,,,,,,,,,,,,,,,,,,,,,,,,,,,,,,,,,,,,,,,,,,,,,,,,,,,,,,,,,,,,,,,,,,,,,,,,,,,,,,,,,,,,,,,,,,,,,,,,,,,,,,,,,,,,,,,,,,,,,,,,,,,,,,-0.457,-0.236,-0.017,-0.115,-0.03,-0.091,0.028,0.001,-0.035,0.064,0.002,0.038,0.021,-0.038,,,,,,,,,,,,,,,0.119,0.134,0.073,-0.193,-0.037,-0.021,-0.075,0.006,0.131,0.134,0.057,0.004,-0.24,-0.099,-0.05,-0.115,-0.193,0.006,-0.381,-0.034,0.323,-0.037,0.073,-0.075,0.004,-0.115,0.057,-0.05,0.057,0.057,0.134,-0.021,-0.175,-0.038,0.035,-0.02,0.119,-0.037,0.134,-0.099,0.131,-0.24,-0.04,-0.48,-0.04,-0.48,0.001,-0.005,-0.02,0,0,0,0,0.012,0.012,0.004,0.003,0.025,0.112,0.009,0.004,0.339,0.025,-0.013,0.009,-0.051,0.339,0.004,0.016,0.15,0.407,0.009,0.355,0,0,-0.016,0.066,0,0,-0.006,0.041,-0.002,0.062,-0.003,0.062,0,0,-0.013,-0.02,-0.014,-0.02,-0.013,-0.046,0,0,-0.251,-0.007,0,0,0,0,0,0,0.13,0.18,0.101,-0.086,0.019,0.056,-0.088,0.013,-0.039,0.013,-0.025,0.017,0.12,-0.003,0.013,-0.001,0.013,0.005,,,,,,0.108,0.1,0.174,0.108,0.108,-0.039,0,0,0,0,0,0,0,0,,,,,,,,,0.008,-0.088,0.008,-0.088,0,0,0,0,0,0,0,0,,,,,,,,,,,,,,,,,,,,,,,,,,,,,,,,,,,,,,,,,,,,,,,,,,,,,,,,,,,,,,,,,,,,,,,,,,,,,,,,,,,,,,0
160,,,,,,,,,,,,,,,,,,,,,,,,,,,,,,,,,,,,,,,,,,,,,,,,,,,,,,,,,,,,,,,,,,,,,,,,,,,,,,,,,,,,,,,,,,,,,,,,,,,,,,,,,,,,,,,,,,,,,,,,,,,,,,,,,,,,,,,,,,,,,,,,,,,,,,,,,,,,,,,,,,,,,,,,,,,,,,,,,,,,,,,,,,,,,,,,,,,,,,,,,,,,,,,,,,,,,,,,,,,,,,,,,,,,,,,,,,,,,,,,,,,,,,,,,,,,,,,,,,,,,,,,,,,,,,,,,,,,,,,,,,,,,,,,,,,,,,,,,,,,,,,,,,,,,,,,,,,,,,,,,,,,,,,,,,,,,,,,,,,,,,,,,,,,,,,,,,,,,,,,,,,,,,,,,,,,,,,,,,,,,,,,,,,,,,,,,,,,,,,,,,,,,,,,,,,,,,,,,,,,,,,,,,,,,,,,,,,,,,,,,,,,,,,,,,,,,,,,,,,,,,,,,,,,,,,,,,,,,,,,,,,,,,,,,,,,,,,,,,,,,,,,,,,,,,,,,,,,,,,,,,,,,,,,,,,,,,,,,,,,,,,,,,,,,,,,,,,,,,,,,,,,,,,,,,,,,,,,,,,,,,,,,,,,,,,,,,,,,,,,,,,,,,,,,,,,,,,,,,,,,,,,,,,,,,,,,,,,,,,,,,,,,,,,,,,,,,,,,,,,,,,,,,,,,,,,,,,,,,,,,,,,,,,,,,,,,,,,,,,,,,,,,,,,,,,,,,,,,,,,,,,,-0.04,-0.211,-0.139,0.019,-0.011,0.007,0.214,0.174,0.152,0.129,0.005,0.03,0.045,-0.2,0.217,-0.115,0.019,0.174,0.078,0.208,-0.129,0.183,-0.139,0.214,0.03,-0.115,0.005,0.217,-0.725,-0.725,-0.211,0.007,0.045,-0.012,-0.084,0.007,-0.04,-0.011,0.129,-0.2,0.152,0.045,-0.183,0.52,-0.183,0.52,0.001,0.011,0.071,0,0,0,0,0.01,0.01,-0.003,-0.003,-0.002,0.059,0.002,-0.003,0.199,-0.002,0.011,0.002,0.008,0.199,,,,,,,,,,,,,,,,,,,,,,,,,,,,,,,,,0.001,0,0,0,-0.031,-0.137,-0.074,-0.116,0.008,-0.032,0.1,0.013,0.047,0.013,0.051,0.007,-0.1,0.06,0.013,0.029,0.013,0.092,,,,,,-0.119,-0.069,-0.117,-0.119,-0.119,-0.014,0.001,0,0,0,0,0,0,0,0,0.185,-0.193,0.472,0,0,0,0,,,,,,,,,0,0,0,0,,,,,,,,,,,,,,,,,,,,,,,,,,,,,,,,,,,,,,,,,,,,,,,,,,,,,,,,,,,,,,,,,,,,,,,,,,,,,,,,,,,,,,0
162,,,,,,,,,,,,,,,,,,,,,,,,,,,,,,,,,,,,,,,,,,,,,,,,,,,,,,,,,,,,,,,,,,,,,,,,,,,,,,,,,,,,,,,,,,,,,,,,,,,,,,,,,,,,,,,,,,,,,,,,,,,,,,,,,,,,,,,,,,,,,,,,,,,,,,,,,,,,,,,,,,,,,,,,,,,,,,,,,,,,,,,,,,,,,,,,,,,,,,,,,,,,,,,,,,,,,,,,,,,,,,,,,,,,,,,,,,,,,,,,,,,,,,,,,,,,,,,,,,,,,,,,,,,,,,,,,,,,,,,,,,,,,,,,,,,,,,,,,,,,,,,,,,,,,,,,,,,,,,,,,,,,,-0.013,-0.096,0.035,0.023,-0.079,-0.004,0.001,0.165,-0.059,0.114,0.125,0.141,-0.132,0.17,,,,,,,,,,,,,,,,-0.05,-0.038,-0.024,0.043,-0.055,-0.448,-0.419,0.036,0.342,-0.017,-0.027,0.114,-0.012,-0.077,0.016,,,,,,,,,,0.341,0,0.175,-0.108,0.16,-0.092,0.006,0.147,0.025,-0.222,-0.049,-0.059,-0.132,0.165,0,-0.172,-0.152,0.181,-0.218,-0.002,,,,,,,,,,,,,,,,,,,,,,,,,,,,,,,,,,,,,,,,,,,,,,,,,,,,,,,,,,,,,,,,,,,,,,,,,,,,,,,,,,,,,,,,,,,,,,,,,,,,,,,,,,,,,,,,,,,,,,,,,,,,,,,,,,,,,,,,,,,,,,,,,,,,,,,,,,,,,,,,,,,,,,,,,,,,,,,,,,,,,,,,,,,,,,,,,,,,,,,,,,,,,,,,,,,,,,,,,,,,,,,,,,,,,,,,,,,,,,,,,,,,,,,,,,,,,,,,,,,,,,,,,,,,,,,,,,,,,,,,,,,,,,,,,,,,,,,,,,,0.073,0.129,0.135,0.138,-0.03,0.079,-0.005,0.068,-0.035,-0.053,0.098,0.002,0.004,-0.038,,,,,,,,,,,,,,,0.182,-0.03,0.072,-0.097,-0.083,-0.061,-0.132,-0.066,0.014,0.02,0.074,0.058,0.137,0.125,-0.083,0.218,-0.097,-0.066,-0.324,-0.104,0.323,-0.096,0.072,-0.132,0.058,0.218,0.074,-0.083,0.063,0.063,-0.03,-0.061,-0.081,-0.085,-0.022,-0.061,0.182,-0.083,0.02,0.125,0.014,0.137,0.017,-0.48,0.017,-0.48,-0.019,-0.013,-0.039,0,0,0,0,0.014,0.014,0.006,0.004,-0.137,-0.02,0.012,0.006,-0.081,-0.137,-0.003,0.012,-0.139,-0.081,0.005,-0.146,-0.049,-0.199,0.012,-0.065,0,0,-0.042,-0.038,0,0,-0.003,-0.022,0.001,-0.013,0.001,-0.013,0,0,-0.005,-0.126,-0.006,-0.126,-0.003,-0.133,0,0,-0.109,0,0,0,0,0,0,0,0.037,-0.036,0.102,0.093,0.017,0.073,0.064,0.013,0.029,0.013,-0.025,0.012,-0.004,-0.068,0.013,-0.029,0.013,-0.014,,,,,,0.153,0.141,-0.03,0.153,0.153,-0.03,0,0,0,0,0,0,0,0,0,-0.052,0.03,-0.133,0,0,0,0,,,,,,,,,0,0,0,0,,,,,,,,,,,,,,,,,,,,,,,,,,,,,,,,,,,,,,,,,,,,,,,,,,,,,,,,,,,,,,,,,,,,,,,,,,,,,,,,,,,,,,0
163,-0.062,-0.116,0.003,-0.016,0.074,0.116,0.015,0.128,-0.138,0.019,0.355,0.355,0.113,0.004,-0.013,-0.194,-0.092,0.335,-0.013,0,-0.09,0.494,0.061,,,,,,,,,,,,0.086,-0.172,,,,-0.164,0.465,-0.013,0.343,0,0.001,,,,,,,,,,,,,,,,,,,,,,,,,0.014,-0.023,0.042,-0.046,0.088,0.071,0.093,0.008,0.036,0.085,0.004,0.048,,,,,,,,,,,,,,,,,,,,,,,,,,,,,,,,,,,,,,,,,,,,,,,,,,,,,,,,,,,,,,,,,,,,,,,,,,,,,,,,,,,,,,,,,,,,,,,,,,,,,,,,,,,,,,,,,,,,,,,,,,,,,,,,,,,,,,,,,,,,,,,,,,,,,,,,,,,,,,,,,,,,,,,,,,,,,,,,,,,,,,,,,,,,,,,,,,,,,,,,,,,,,,,,,,,,,,,,,,,,,,,,,,,,,,,,,,,,,,,,,,,,,,,,,,,,,,,,,,,,,,,,,,,,,,,,,,,,,,,,,,,,,,,,,,,,,,,,,,,,,,,,,,,,,,,,,,,,,,,,,,,,,,,,,,,,,,,,,,,,,,,,,,,,,,,,,,,,,,,,,,,,,,,,,,,,,,,,,,,,,,,,,,,,,,,,,,,,,,,,,,,,,,,,,,,,,,,,,,,,,,,,,,,,,,,,,,,,,,,,,,,,,,,,,,,,,,,,,,,,,,,,,,,,,,,,,,,,,,,,,,,,,,,,,,,,,,,,,,,,,,,,,,,,,,,,,,,,,,,,,,,,,,,,,,,,,,,,,,,,,,,,,,,,,,,,,,,,,,,,,,,,,,,,,,,,,,,,,,,,,,,,,,,,,,,,,,,,,,,,,,,,,,,,,,,,,,,,,,,,,,,,,,,,,,,,,,,,,,,,,,,0.315,-0.03,0.093,-0.066,-0.001,0.006,0.025,-0.001,-0.194,-0.157,-0.036,-0.029,0.195,-0.099,-0.083,0.218,-0.066,-0.001,0.215,0.017,-0.179,0.008,0.093,0.025,-0.029,0.218,-0.036,-0.083,0.082,0.082,-0.03,0.006,0.146,-0.002,-0.022,0.007,0.315,-0.001,-0.157,-0.099,-0.194,0.195,0.017,-0.48,0.017,-0.48,-0.009,-0.013,-0.063,0,0,0,0,-0.003,-0.003,-0.003,-0.001,0.133,0.033,-0.004,-0.003,-0.121,0.133,0.029,-0.004,0.082,-0.121,-0.003,0.124,0.024,0.013,-0.003,-0.105,0,0,0.007,0.006,0,0,0.008,-0.003,0.002,-0.022,0.002,-0.022,0,0,0.022,0.059,0.021,0.059,0.029,0.087,0,0,0.14,-0.003,0,0,0,0,0,0,-0.029,-0.029,-0.026,-0.046,0.012,-0.007,0.007,0.013,0.005,0.013,0.005,0.017,0.106,-0.013,0.013,-0.003,0.013,-0.069,,,,,,-0.256,-0.247,-0.358,-0.256,-0.256,0.026,0,0,0,0,0,0,0,0,,,,,,,,,0.108,0.15,0.108,0.15,0,0,0,0,0,0,0,0,,,,,,,,,,,,,,,,,,,,,,,,,,,,,,,,,,,,,,,,,,,,,,,,,,,,,,,,,,,,,,,,,,,,,,,,,,,,,,,,,,,,,,0
165,,,,,,,,,,,,,,,,,,,,,,,,,,,,,,,,,,,,,,,,,,,,,,,,,,,,,,,,,,,,,,,,,,,,,,,,,,,,,,,,,,-0.173,-0.197,0.14,0.295,0.169,0.231,0.03,0.24,-0.163,-0.119,-0.235,-0.235,0.022,0.201,-0.067,0.298,-0.034,-0.15,0.003,0,-0.069,-0.032,-0.004,,,,,,,,,,,,0.163,0.061,-0.01,-0.001,-0.072,,,,0.803,0,0,,,,,,,,,,,,,,,,,,,,,,,,,,,,,-0.026,-0.141,0,-0.004,0.033,0.039,0.036,0.018,-0.06,0.009,-0.057,0.018,0.073,0.004,,,,,,,,,,,,,,,,,,,,,,,,,,,,,,,,,,,,,,,,,,,,,,,,,,,,,,,,,,,,,,,,,,,,,,,,,,,,,,,,,,,,,,,,,,,,,,,,,,,,,,,,,,,,,,,,,,,,,,,,,,,,,,,,,,,,,,,,,,,,,,,,,,,,,,,,,,,,,,,,,,,,,,,,,,,,,,,,,,,,,,,,,,,,,,,,,,,,,,,,,,,,,,,,,,,,,,,,,,,,,,,,,,,,,,,,,,,,,,,,,,,,,,,,,,,,,,,,,,,,,,,,,,,,,,,,,,,,,,,,,,,,,,,,,,,,,,,,,,,,,,,,,,,,,,,,,,,,,,,,,,,,,,,,,,,,,,,,,,,,,,,,,,,,,,,,,,,,,,,,,,,,,,,,,,,,,,,,,,,,,,,,,,,,,,,,,,,,,,,,,,,,,,,,,,,,,,,,,,,,,,,,,,,,,,,,,,,,,,,,,,,,,,,,,,,,,,,,,,,,,,,,,,,,,,,,,,,,,,,,,,,,,,,,,,,,,,,,,,,,,,,,,,,,,,,,,,,,,,,,,,,,,,,,,,,,,,,,,,,,,,,,,,,,,,,,,,,,-0.216,-0.03,0.204,-0.066,0.186,0.168,0.025,0.019,-0.142,-0.081,-0.075,-0.048,0.16,0.069,-0.017,0.218,-0.066,0.019,0.28,0.017,-0.179,0.028,0.204,0.025,-0.048,0.218,-0.075,-0.017,0.082,0.082,-0.03,0.168,-0.005,0.188,-0.022,0.168,-0.216,0.186,-0.081,0.069,-0.142,0.16,0.017,-0.48,0.017,-0.48,-0.028,-0.02,-0.078,0,0,0,0,-0.005,-0.005,-0.005,-0.002,0.025,-0.046,-0.006,-0.005,-0.161,0.025,-0.011,-0.006,0.384,-0.161,-0.005,0.016,-0.256,-0.048,-0.006,-0.145,0,0,0.101,0.136,0,0,0.005,-0.042,0.009,0.018,0.009,0.018,0,0,-0.012,0.396,-0.013,0.396,-0.011,0.39,0,0,0.119,0.001,0,0,0,0,0,0,0.028,-0.028,0.117,0.131,0.014,0.019,-0.038,0.013,-0.017,0.013,-0.009,0.014,-0.01,-0.01,0.013,-0.005,0.013,-0.036,,,,,,-0.074,-0.078,-0.053,-0.074,-0.074,-0.299,0,0,0,0,0,0,0,0,,,,,,,,,0.108,0.154,0.108,0.154,0,0,0,0,0,0,0,0,,,,,,,,,,,,,,,,,,,,,,,,,,,,,,,,,,,,,,,,,,,,,,,,,,,,,,,,,,,,,,,,,,,,,,,,,,,,,,,,,,,,,,0
166,,,,,,,,,,,,,,,,,,,,,,,,,,,,,,,,,,,,,,,,,,,,,,,,,,,,,,,,,,,,,,,,,,,,,,,,,,,,,,,,,,,,,,,,,,,,,,,,,,,,,,,,,,,,,,,,,,,,,,,,,,,,,,,,,,,,,,,,,,,,,,,,,,,,,,,,,,,,,,,,,,,,,,,,,,,,,,,,,,,,,,,,,,,,,,,,,,,,,,,,,,,,,,,,,,,,,,,,,,,,,,,,,,,,,,,,,,,,,,,,,,,,,,,,,,,,,,,,,,,,,,,,,,,,,,,,,,,,,,,,,,,,,,,,,,,,,,,,,,,,,,,,,,,,,,,,,,,,,,,,,,,,,-0.039,-0.125,0.06,-0.016,0.183,-0.003,-0.003,0.107,0.119,-0.06,-0.073,-0.064,0.13,-0.016,,,,,,,,,,,,,,,,0.147,-0.113,0.001,-0.007,0.104,0.172,0.181,-0.045,0.221,0.001,0.004,-0.17,0.004,0.075,-0.002,0.234,0,-0.019,-0.002,-0.006,0,0.002,0.098,0.004,,,,,,,,,,0.019,-0.045,0.119,0.13,0.107,0,0.281,0.233,0.045,0.018,0.04,,,,,,,,,,,,,,,,,,,,,,,,,,,,,,,,,,,,,,,,,,,,,,,,,,,,,,,,,,,,,,,,,,,,,,,,,,,,,,,,,,,,,,,,,,,,,,,,,,,,,,,,,,,,,,,,,,,,,,,,,,,,,,,,,,,,,,,,,,,,,,,,,,,,,,,,,,,,,,,,,,,,,,,,,,,,,,,,,,,,,,,,,,,,,,,,,,,,,,,,,,,,,,,,,,,,,,,,,,,,,,,,,,,,,,,,,,,,,,,,,,,,,,,,,,,,,,,,,,,,,,,,,,,,,,,,,,,,,,,,,,,,,,,,,,,,,,,,,,,,,,,,,,,,,,,,,,,,,,,,,,,,,,,-0.216,-0.03,0.165,-0.228,-0.062,-0.05,-0.044,-0.15,0.143,0.146,0.014,0.038,0.08,-0.257,-0.017,-0.115,-0.228,-0.15,0.257,-0.053,-0.276,-0.141,0.165,-0.044,0.038,-0.115,0.014,-0.017,0.082,0.082,-0.03,-0.05,-0.005,-0.063,-0.022,-0.049,-0.216,-0.062,0.146,-0.257,0.143,0.08,0.017,0.52,0.017,0.52,0.01,0.007,0.027,0,0,0,0,0,0,0.001,-0.002,0.025,-0.151,0.004,0.001,0.039,0.025,-0.001,0.004,-0.024,0.039,,,,,,,,,,,,,,,,,,,,,,,,,,,,,,,,,0,0,0,0,0.159,0.123,0.066,-0.044,0.011,-0.032,-0.065,0.013,-0.029,0.013,0.031,0.01,-0.021,-0.009,0.013,-0.003,0.013,0.005,,,,,0.009,-0.119,-0.097,0.127,-0.119,-0.119,-0.087,0,0,0,0,0,0,0,0,,,,,,,,,0.008,-0.043,0.008,-0.043,0,0,0,0,0,0,0,0,,,,,,,,,,,,,,,,,,,,,,,,,,,,,,,,,,,,,,,,,,,,,,,,,,,,,,,,,,,,,,,,,,,,,,,,,,,,,,,,,,,,,,0
169,0.108,0.168,0.312,0.312,-0.187,-0.339,0,-0.072,0.066,0.093,0.198,0.198,0.016,-0.041,-0.013,-0.18,-0.092,0.174,0.003,0,0.01,-0.214,0.049,,,,,,,,,,0.027,0.013,,,,,,-0.164,0.034,-0.004,-0.157,0,0.001,,,,,,,,,,,,,,,,,,,,,,,,,0.041,0.112,0.02,0.027,-0.212,-0.108,-0.075,-0.058,0.362,-0.031,-0.145,0.372,,,,,,,,,,,,,,,,,,,,,,,,,,,,,,,,,,,,,,,,,,,,,,,,,,,,,,,,,,,,,,,,,,,,,,,,,,,,,,,,,,,,,,,,,,,,,,,,,,,,,,,,,,,,,,,,,,,,,,,,,,,,,,,,,,,,,,,,,,,,,,,,,,,,,,,,,,,,,,,,,,,,,,,,,,,,,,,,,,,,,,,,,,,,,,,,,,,,,,,,,,,,,,,,,,,,,,,,,,,,,,,,,,,,,,,,,,,,,,,,,,,,,,,,,,,,,,,,,,,,,,,,,,,,,,,,,,,,,,,,,,,,,,,,,,,,,,,,,,,,,,,,,,,,,,,,,,,,,,,,,,,,,,,,,,,,,,,,,,,,,,,,,,,,,,,,,,,,,,,,,,,,,,,,,,,,,,,,,,,,,,,,,,,,,,,,,,,,,,,,,,,,,,,,,,,,,,,,,,,,,,,,,,,,,,,,,,,,,,,,,,,,,,,,,,,,,,,,,,,,,,,,,,,,,,,,,,,,,,,,,,,,,,,,,,,,,,,,,,,,,,,,,,,,,,,,,,,,,,,,,,,,,,,,,,,,,,,,,,,,,,,,,,,,,,,,,,,,,,,,,,,,,,,,,,,,,,,,,,,,,,,,,,,,,,,,,,,,,,,,,,,,,,,,,,,,,,,,,,,,,,,,,,,,,,,,,,,,,,,,,,,-0.147,0.242,-0.201,0.078,-0.077,-0.063,0,0.038,0.053,0.008,0.068,0.014,-0.191,-0.2,-0.083,-0.115,0.078,0.038,-0.218,-0.002,0.163,0.041,-0.201,0,0.014,-0.115,0.068,-0.083,0.101,0.101,0.242,-0.063,0.015,-0.079,0.072,-0.063,-0.147,-0.077,0.008,-0.2,0.053,-0.191,-0.04,0.52,-0.04,0.52,0.039,0.027,0.09,0,0,0,0,0.012,0.012,0.003,0.005,-0.002,-0.204,-0.001,0.003,-0.121,-0.002,-0.02,-0.001,-0.166,-0.121,0.003,-0.011,0.099,0.013,0,-0.105,0,0,-0.028,-0.095,0,0,-0.009,-0.121,-0.005,-0.078,-0.005,-0.078,0,0,0.006,-0.187,0.005,-0.187,-0.02,-0.161,0,0,-0.083,-0.013,0,0,0,0,0,0,0.114,0.05,-0.021,-0.14,0.01,-0.007,0.033,0.013,0.015,0.013,0.011,0.009,-0.004,0.041,0.013,0.019,0.013,-0.043,,,,,,-0.119,-0.089,0.199,-0.119,-0.119,-0.022,0,0,0,0,0,0,0,0,0,-0.027,0.03,-0.068,0,0,0.001,0,,,,,,,,,0,0,0,0,,,,,,,,,,,,,,,,,,,,,,,,,,,,,,,,,,,,,,,,,,,,,,,,,,,,,,,,,,,,,,,,,,,,,,,,,,,,,,,,,,,,,,0
174,-0.003,-0.049,0.003,-0.016,0.031,0.025,0,0.048,0.143,0.131,-0.169,-0.169,-0.043,-0.058,,,,,,,,,,0.109,-0.254,0.049,0.466,0.004,0,0.019,0.225,-0.024,,,0.055,0.052,,,,0.336,-0.418,0.063,-0.157,0,0.001,0.011,0.056,0.035,-0.011,0,-0.01,0.004,-0.003,-0.055,0.011,0,0.001,,,,,,,,,,,,,,,,,,,,,,,,,,,,,,,,,,,,,,,,,,,,,,,,,,,,,,,,,,,,,,,,,,,,,,,,,,,,,,,,,,,,,,,,,,,,,,,,,,,,,,,,,,,,,,,,,,,,,,,,,,,,,,,,,,,,,,,,,,,,,,,,,,,,,,,,,,,,,,,,,,,,,,,,,,,,,,,,,,,,,,,,,,,,,,,,,,,,,,,,,,,,,,,,,,,,,,,,,,,,,,,,,,,,,,,,,,,,,,,,,,,,,,,,,,,,,,,,,,,,,,,,,,,,,,,,,,,,,,,,,,,,,,,,,,,,,,,,,,,,,,,,,,,,,,,,,,,,,,,,,,,,,,,,,,,,,,,,,,,,,,,,,,,,,,,,,,,,,,,,,,,,,,,,,,,,,,,,,,,,,,,,,,,,,,,,,,,,,,,,,,,,,,,,,,,,,,,,,,,,,,,,,,,,,,,,,,,,,,,,,,,,,,,,,,,,,,,,,,,,,,,,,,,,,,,,,,,,,,,,,,,,,,,,,,,,,,,,,,,,,,,,,,,,,,,,,,,,,,,,,,,,,,,,,,,,,,,,,,,,,,,,,,,,,,,,,,,,,,,,,,,,,,,,,,,,,,,,,,,,,,,,,,,,,,,,,,,,,,,,,,,,,,,,,,,,,,,,,,,,,,,,,,,,,,,,,,,,,,,,,,,,,,,,,,,,,,,,,,,,,,,,,,,-0.097,0.283,-0.227,-0.066,-0.044,-0.028,0.032,0.044,-0.274,-0.286,0.029,0.034,0.068,-0.257,0.117,0.218,-0.066,0.044,0.026,0.023,-0.18,0.054,-0.227,0.032,0.034,0.218,0.029,0.117,0.015,0.015,0.283,-0.028,0.029,-0.045,0.086,-0.028,-0.097,-0.044,-0.286,-0.257,-0.274,0.068,-0.354,0.52,-0.354,0.52,0.067,0.046,0.141,-0.001,0,0,0,0.003,0.003,0,-0.001,-0.002,0.112,0.007,0,-0.001,-0.002,0.031,0.007,0.013,-0.001,,,,,,,,,,,,,,,,,,,,,,,,,,,,,,,,,0,0,0,0,-0.057,-0.157,0.086,-0.066,0.007,-0.035,0.062,0.013,0.025,0.013,0.044,0.013,-0.002,-0.025,0.013,-0.019,0.013,0.005,,,,,,-0.119,-0.116,-0.092,-0.119,-0.119,0.222,0,0,0,0,0,0,0,0,,,,,,,,,0.008,-0.128,0.008,-0.128,0,0,0,0,0,0,0,0,,,,,,,,,,,,,,,,,,,,,,,,,,,,,,,,,,,,,,,,,,,,,,,,,,,,,,,,,,,,,,,,,,,,,,,,,,,,,,,,,,,,,,0
175,-0.055,-0.056,-0.179,-0.216,0.118,-0.021,0,0.008,-0.169,-0.104,0.339,0.339,-0.043,0.1,-0.013,-0.11,0.008,-0.059,0.003,0,0.01,-0.185,0.006,,,,,,,,,,-0.102,-0.006,,,,,,-0.164,-0.044,0.016,-0.157,0,0.001,,,,,,,,,,,,,,,,,,,,,,,,,-0.148,-0.117,-0.028,0.211,-0.112,-0.071,-0.04,0.041,-0.113,-0.03,-0.026,-0.039,,,,,,,,,,,,,,,,,,,,,,,,,,,,,,,,,,,,,,,,,,,,,,,,,,,,,,,,,,,,,,,,,,,,,,,,,,,,,,,,,,,,,,,,,,,,,,,,,,,,,,,,,,,,,,,,,,,,,,,,,,,,,,,,,,,,,,,,,,,,,,,,,,,,,,,,,,,,,,,,,,,,,,,,,,,,,,,,,,,,,,,,,,,,,,,,,,,,,,,,,,,,,,,,,,,,,,,,,,,,,,,,,,,,,,,,,,,,,,,,,,,,,,,,,,,,,,,,,,,,,,,,,,,,,,,,,,,,,,,,,,,,,,,,,,,,,,,,,,,,,,,,,,,,,,,,,,,,,,,,,,,,,,,,,,,,,,,,,,,,,,,,,,,,,,,,,,,,,,,,,,,,,,,,,,,,,,,,,,,,,,,,,,,,,,,,,,,,,,,,,,,,,,,,,,,,,,,,,,,,,,,,,,,,,,,,,,,,,,,,,,,,,,,,,,,,,,,,,,,,,,,,,,,,,,,,,,,,,,,,,,,,,,,,,,,,,,,,,,,,,,,,,,,,,,,,,,,,,,,,,,,,,,,,,,,,,,,,,,,,,,,,,,,,,,,,,,,,,,,,,,,,,,,,,,,,,,,,,,,,,,,,,,,,,,,,,,,,,,,,,,,,,,,,,,,,,,,,,,,,,,,,,,,,,,,,,,,,,,,,,,,-0.102,-0.046,-0.216,-0.054,0.027,-0.012,0.069,0.051,0.296,0.269,-0.094,-0.085,0.009,-0.257,-0.05,-0.115,-0.054,0.051,0.033,0.061,-0.172,0.06,-0.216,0.069,-0.085,-0.115,-0.094,-0.05,0.037,0.037,-0.046,-0.012,0.028,0.027,-0.027,-0.012,-0.102,0.027,0.269,-0.257,0.296,0.009,0.36,0.52,0.36,0.52,0.034,0.027,0.09,0,0,0,0,-0.001,-0.001,0.003,0.002,-0.083,0.007,-0.001,0.003,0.059,-0.083,0.009,-0.001,0.242,0.059,,,,,,,,,,,,,,,,,,,,,,,,,,,,,,,,,0,0,0,0,0.12,0.112,0.091,-0.04,0.014,0.019,-0.028,0.013,-0.011,0.013,0.025,0.01,-0.086,0.013,0.013,-0.003,0.013,0.192,,,,,,0.108,0.1,0.138,0.108,0.108,0.01,0,0,0,0,0,0,0,0,0,-0.02,-0.082,-0.051,0,0,0,0,,,,,,,,,0,0,0,0,,,,,,,,,,,,,,,,,,,,,,,,,,,,,,,,,,,,,,,,,,,,,,,,,,,,,,,,,,,,,,,,,,,,,,,,,,,,,,,,,,,,,,0
176,-0.055,-0.056,-0.179,-0.216,0.118,-0.021,0,0.008,-0.169,-0.104,0.339,0.339,-0.043,0.1,-0.013,-0.11,0.008,-0.059,0.003,0,0.01,-0.185,0.006,,,,,,,,,,-0.102,-0.006,,,,,,-0.164,-0.044,0.016,-0.157,0,0.001,,,,,,,,,,,,,,,,,,,,,,,,,-0.148,-0.117,-0.028,0.211,-0.112,-0.071,-0.04,0.041,-0.113,-0.03,-0.026,-0.039,,,,,,,,,,,,,,,,,,,,,,,,,,,,,,,,,,,,,,,,,,,,,,,,,,,,,,,,,,,,,,,,,,,,,,,,,,,,,,,,,,,,,,,,,,,,,,,,,,,,,,,,,,,,,,,,,,,,,,,,,,,,,,,,,,,,,,,,,,,,,,,,,,,,,,,,,,,,,,,,,,,,,,,,,,,,,,,,,,,,,,,,,,,,,,,,,,,,,,,,,,,,,,,,,,,,,,,,,,,,,,,,,,,,,,,,,,,,,,,,,,,,,,,,,,,,,,,,,,,,,,,,,,,,,,,,,,,,,,,,,,,,,,,,,,,,,,,,,,,,,,,,,,,,,,,,,,,,,,,,,,,,,,,,,,,,,,,,,,,,,,,,,,,,,,,,,,,,,,,,,,,,,,,,,,,,,,,,,,,,,,,,,,,,,,,,,,,,,,,,,,,,,,,,,,,,,,,,,,,,,,,,,,,,,,,,,,,,,,,,,,,,,,,,,,,,,,,,,,,,,,,,,,,,,,,,,,,,,,,,,,,,,,,,,,,,,,,,,,,,,,,,,,,,,,,,,,,,,,,,,,,,,,,,,,,,,,,,,,,,,,,,,,,,,,,,,,,,,,,,,,,,,,,,,,,,,,,,,,,,,,,,,,,,,,,,,,,,,,,,,,,,,,,,,,,,,,,,,,,,,,,,,,,,,,,,,,,,,,,,,,,-0.102,-0.046,-0.216,-0.054,0.027,-0.012,0.069,0.051,0.296,0.269,-0.094,-0.085,0.009,-0.257,-0.05,-0.115,-0.054,0.051,0.033,0.061,-0.172,0.06,-0.216,0.069,-0.085,-0.115,-0.094,-0.05,0.037,0.037,-0.046,-0.012,0.028,0.027,-0.027,-0.012,-0.102,0.027,0.269,-0.257,0.296,0.009,0.36,0.52,0.36,0.52,0.034,0.027,0.09,0,0,0,0,-0.001,-0.001,0.003,0.002,-0.083,0.007,-0.001,0.003,0.059,-0.083,0.009,-0.001,0.242,0.059,,,,,,,,,,,,,,,,,,,,,,,,,,,,,,,,,0,0,0,0,0.12,0.112,0.091,-0.04,0.014,0.019,-0.028,0.013,-0.011,0.013,0.025,0.01,-0.086,0.013,0.013,-0.003,0.013,0.192,,,,,,0.108,0.1,0.138,0.108,0.108,0.01,0,0,0,0,0,0,0,0,0,-0.02,-0.082,-0.051,0,0,0,0,,,,,,,,,0,0,0,0,,,,,,,,,,,,,,,,,,,,,,,,,,,,,,,,,,,,,,,,,,,,,,,,,,,,,,,,,,,,,,,,,,,,,,,,,,,,,,,,,,,,,,0
177,-0.055,-0.056,-0.179,-0.216,0.118,-0.021,0,0.008,-0.169,-0.104,0.339,0.339,-0.043,0.1,-0.013,-0.11,0.008,-0.059,0.003,0,0.01,-0.185,0.006,,,,,,,,,,-0.102,-0.006,,,,,,-0.164,-0.044,0.016,-0.157,0,0.001,,,,,,,,,,,,,,,,,,,,,,,,,-0.148,-0.117,-0.028,0.211,-0.112,-0.071,-0.04,0.041,-0.113,-0.03,-0.026,-0.039,,,,,,,,,,,,,,,,,,,,,,,,,,,,,,,,,,,,,,,,,,,,,,,,,,,,,,,,,,,,,,,,,,,,,,,,,,,,,,,,,,,,,,,,,,,,,,,,,,,,,,,,,,,,,,,,,,,,,,,,,,,,,,,,,,,,,,,,,,,,,,,,,,,,,,,,,,,,,,,,,,,,,,,,,,,,,,,,,,,,,,,,,,,,,,,,,,,,,,,,,,,,,,,,,,,,,,,,,,,,,,,,,,,,,,,,,,,,,,,,,,,,,,,,,,,,,,,,,,,,,,,,,,,,,,,,,,,,,,,,,,,,,,,,,,,,,,,,,,,,,,,,,,,,,,,,,,,,,,,,,,,,,,,,,,,,,,,,,,,,,,,,,,,,,,,,,,,,,,,,,,,,,,,,,,,,,,,,,,,,,,,,,,,,,,,,,,,,,,,,,,,,,,,,,,,,,,,,,,,,,,,,,,,,,,,,,,,,,,,,,,,,,,,,,,,,,,,,,,,,,,,,,,,,,,,,,,,,,,,,,,,,,,,,,,,,,,,,,,,,,,,,,,,,,,,,,,,,,,,,,,,,,,,,,,,,,,,,,,,,,,,,,,,,,,,,,,,,,,,,,,,,,,,,,,,,,,,,,,,,,,,,,,,,,,,,,,,,,,,,,,,,,,,,,,,,,,,,,,,,,,,,,,,,,,,,,,,,,,,,,,,-0.102,-0.046,-0.216,-0.054,0.027,-0.012,0.069,0.051,0.296,0.269,-0.094,-0.085,0.009,-0.257,-0.05,-0.115,-0.054,0.051,0.033,0.061,-0.172,0.06,-0.216,0.069,-0.085,-0.115,-0.094,-0.05,0.037,0.037,-0.046,-0.012,0.028,0.027,-0.027,-0.012,-0.102,0.027,0.269,-0.257,0.296,0.009,0.36,0.52,0.36,0.52,0.034,0.027,0.09,0,0,0,0,-0.001,-0.001,0.003,0.002,-0.083,0.007,-0.001,0.003,0.059,-0.083,0.009,-0.001,0.242,0.059,,,,,,,,,,,,,,,,,,,,,,,,,,,,,,,,,0,0,0,0,0.12,0.112,0.091,-0.04,0.014,0.019,-0.028,0.013,-0.011,0.013,0.025,0.01,-0.086,0.013,0.013,-0.003,0.013,0.192,,,,,,0.108,0.1,0.138,0.108,0.108,0.01,0,0,0,0,0,0,0,0,0,-0.02,-0.082,-0.051,0,0,0,0,,,,,,,,,0,0,0,0,-0.002,-0.088,-0.005,,,,,,,,,,,,,,,,,,,,,,,,,,,,,,,,,,,,,,,,,,,,,,,,,,,,,,,,,,,,,,,,,,,,,,,,,,,,,,,,,,,0
179,,,,,,,,,,,,,,,,,,,,,,,,,,,,,,,,,,,,,,,,,,,,,,,,,,,,,,,,,,,,,,,,,,,,,,,,,,,,,,,,,,-0.002,0.04,-0.065,-0.17,-0.053,-0.077,-0.006,-0.072,0.09,-0.044,0.279,0.279,-0.192,-0.051,0.033,-0.316,-0.034,0.139,-0.005,0,0.043,-0.293,-0.038,,,,,,,,,,,,0.024,0.033,,,,-0.044,-0.118,-0.011,-0.197,0,0,0.03,0.11,-0.011,-0.155,0.013,0.011,0.064,0.016,-0.222,0.029,-0.054,0.05,0,0.005,,,,,,,,,,,,,,,,,,,,,,,,,,,,,,,,,,,,,,,,,,,,,,,,,,,,,,,,,,,,,,,,,,,,,,,,,,,,,,,,,,,,,,,,,,,,,,,,,,,,,,,,,,,,,,,,,,,,,,,,,,,,,,,,,,,,,,,,,,,,,,,,,,,,,,,,,,,,,,,,,,,,,,,,,,,,,,,,,,,,,,,,,,,,,,,,,,,,,,,,,,,,,,,,,,,,,,,,,,,,,,,,,,,,,,,,,,,,,,,,,,,,,,,,,,,,,,,,,,,,,,,,,,,,,,,,,,,,,,,,,,,,,,,,,,,,,,,,,,,,,,,,,,,,,,,,,,,,,,,,,,,,,,,,,,,,,,,,,,,,,,,,,,,,,,,,,,,,,,,,,,,,,,,,,,,,,,,,,,,,,,,,,,,,,,,,,,,,,,,,,,,,,,,,,,,,,,,,,,,,,,,,,,,,,,,,,,,,,,,,,,,,,,,,,,,,,,,,,,,,,,,,,,,,,,,,,,,,,,,,,,,,,,,,,,,,,,,,,,,,,,,,,,,,,,,,,,,,,,,,,,,,,,,,,,,,,,,,,,,,,,,,,,,,,,,,,,,,,,,,,,,,,,,,,,,,,,,,,,,,,,,,-0.147,0.026,0.073,0.023,-0.052,-0.042,0.057,-0.001,0.053,0.033,-0.041,-0.034,-0.167,0.08,0.05,-0.115,0.023,-0.001,0.203,0.049,-0.127,0.008,0.073,0.057,-0.034,-0.115,-0.041,0.05,0.057,0.057,0.026,-0.042,-0.061,-0.053,-0.002,-0.041,-0.147,-0.052,0.033,0.08,0.053,-0.167,-0.04,0.52,-0.04,0.52,0.015,0.011,0.035,0,0,0,0,-0.009,-0.009,0.001,0.001,-0.083,-0.151,-0.004,0.001,-0.021,-0.083,-0.001,-0.004,-0.033,-0.021,0.001,-0.092,0.019,-0.108,-0.003,-0.005,0,0,0.007,-0.007,0,0,-0.002,-0.007,-0.009,-0.007,-0.009,-0.007,0,0,-0.004,-0.016,-0.005,-0.016,-0.002,-0.028,0,0,0.016,-0.005,0,0,0,0,0,0,0.118,-0.038,-0.161,-0.152,0.014,0.056,-0.009,0.013,-0.005,0.013,-0.015,0.014,0.066,0.023,0.013,0.011,0.013,-0.043,,,,,,0.108,0.107,-0.014,0.108,0.108,0.091,0,0,0,0,0,0,0,0,,,,,,,,,-0.092,0.009,-0.092,0.009,0,0,0,0,0,0,0,0,,,,,,,,,,,,,,,,,,,,,,,,,,,,,,,,,,,,,,,,,,,,,,,,,,,,,,,,,,,,,,,,,,,,,,,,,,,,,,,,,,,,,,0
181,-0.042,-0.034,0.348,0.312,-0.1,0.07,0.022,0.128,-0.021,-0.067,-0.301,-0.301,-0.045,0.232,-0.013,-0.2,-0.092,0.166,-0.004,0,-0.09,0.539,0.061,,,,,,,,,,,,0.107,-0.144,,,,-0.164,0.406,-0.018,0.343,0,0.001,,,,,,,,,,,,,-0.013,-0.007,0.001,-0.009,-0.02,-0.015,-0.019,-0.025,-0.127,-0.001,0,0.002,,,,,,,,,,,,,,,,,,,,,,,,,,,,,,,,,,,,,,,,,,,,,,,,,,,,,,,,,,,,,,,,,,,,,,,,,,,,,,,,,,,,,,,,,,,,,,,,,,,,,,,,,,,,,,,,,,,,,,,,,,,,,,,,,,,,,,,,,,,,,,,,,,,,,,,,,,,,,,,,,,,,,,,,,,,,,,,,,,,,,,,,,,,,,,,,,,,,,,,,,,,,,,,,,,,,,,,,,,,,,,,,,,,,,,,,,,,,,,,,,,,,,,,,,,,,,,,,,,,,,,,,,,,,,,,,,,,,,,,,,,,,,,,,,,,,,,,,,,,,,,,,,,,,,,,,,,,,,,,,,,,,,,,,,,,,,,,,,,,,,,,,,,,,,,,,,,,,,,,,,,,,,,,,,,,,,,,,,,,,,,,,,,,,,,,,,,,,,,,,,,,,,,,,,,,,,,,,,,,,,,,,,,,,,,,,,,,,,,,,,,,,,,,,,,,,,,,,,,,,,,,,,,,,,,,,,,,,,,,,,,,,,,,,,,,,,,,,,,,,,,,,,,,,,,,,,,,,,,,,,,,,,,,,,,,,,,,,,,,,,,,,,,,,,,,,,,,,,,,,,,,,,,,,,,,,,,,,,,,,,,,,,,,,,,,,,,,,,,,,,,,,,,,,,,,,,,,,,,,,,,,,,,,,,,,,,,,,,,,,,,,,,,,,,,,,,,,-0.084,-0.03,-0.21,0.07,0.104,0.133,0.013,0.032,-0.142,-0.182,-0.11,-0.1,0.172,-0.099,-0.017,-0.115,0.07,0.032,0.037,0.004,-0.099,0.041,-0.21,0.013,-0.1,-0.115,-0.11,-0.017,0.104,0.104,-0.03,0.133,0.033,0.105,-0.022,0.133,-0.084,0.104,-0.182,-0.099,-0.142,0.172,0.017,-0.48,0.017,-0.48,-0.028,-0.024,-0.071,0,0,0,0,0.001,0.001,0.001,0.002,-0.002,-0.072,-0.004,0.001,0.139,-0.002,0,-0.004,-0.042,0.139,0.001,-0.011,0.143,0.104,-0.003,0.155,0,0,0.007,-0.002,0,0,0.009,0.009,0.002,-0.025,0.002,-0.025,0,0,-0.003,-0.025,-0.004,-0.025,0,-0.037,0,0,0.14,-0.003,0,0,0,0,0,0,-0.243,0.314,-0.01,0.102,0.014,-0.012,-0.054,0.013,-0.025,0.013,-0.002,0.012,0.015,-0.02,0.013,-0.007,0.013,-0.024,,,,,,-0.029,-0.011,-0.037,-0.029,-0.029,0.148,0,0,0,0,0,0,0,0,,,,,,,,,0.108,-0.027,0.108,-0.027,0,0,0,0,0,0,0,0,,,,,,,,,,,,,,,,,,,,,,,,,,,,,,,,,,,,,,,,,,,,,,,,,,,,,,,,,,,,,,,,,,,,,,,,,,,,,,,,,,,,,,0
183,-0.167,-0.22,-0.052,0.003,-0.056,0.07,0.037,0.208,-0.199,-0.158,-0.245,-0.245,0.111,0.1,-0.013,-0.104,0.008,-0.246,0,0,0.01,-0.253,0.008,,,,,,,,,,,,-0.173,0.241,,,,0.336,-0.492,-0.025,0.343,0,0.001,,,,,,,,,,,,,,,,,,,,,,,,,-0.035,0.039,0.018,-0.044,0.188,0.154,0.03,0.093,-0.278,-0.028,0.212,-0.037,,,,,,,,,,,,,,,,,,,,,,,,,,,,,,,,,,,,,,,,,,,,,,,,,,,,,,,,,,,,,,,,,,,,,,,,,,,,,,,,,,,,,,,,,,,,,,,,,,,,,,,,,,,,,,,,,,,,,,,,,,,,,,,,,,,,,,,,,,,,,,,,,,,,,,,,,,,,,,,,,,,,,,,,,,,,,,,,,,,,,,,,,,,,,,,,,,,,,,,,,,,,,,,,,,,,,,,,,,,,,,,,,,,,,,,,,,,,,,,,,,,,,,,,,,,,,,,,,,,,,,,,,,,,,,,,,,,,,,,,,,,,,,,,,,,,,,,,,,,,,,,,,,,,,,,,,,,,,,,,,,,,,,,,,,,,,,,,,,,,,,,,,,,,,,,,,,,,,,,,,,,,,,,,,,,,,,,,,,,,,,,,,,,,,,,,,,,,,,,,,,,,,,,,,,,,,,,,,,,,,,,,,,,,,,,,,,,,,,,,,,,,,,,,,,,,,,,,,,,,,,,,,,,,,,,,,,,,,,,,,,,,,,,,,,,,,,,,,,,,,,,,,,,,,,,,,,,,,,,,,,,,,,,,,,,,,,,,,,,,,,,,,,,,,,,,,,,,,,,,,,,,,,,,,,,,,,,,,,,,,,,,,,,,,,,,,,,,,,,,,,,,,,,,,,,,,,,,,,,,,,,,,,,,,,,,,,,,,,,,,,,0.182,-0.03,-0.039,-0.097,-0.045,-0.045,0.038,-0.046,-0.012,0.02,-0.046,0.02,0.078,0.013,-0.05,0.218,-0.097,-0.046,0.137,0.03,-0.198,-0.037,-0.039,0.038,0.02,0.218,-0.046,-0.05,0.063,0.063,-0.03,-0.045,0.109,-0.046,-0.022,-0.045,0.182,-0.045,0.02,0.013,-0.012,0.078,0.017,-0.48,0.017,-0.48,-0.014,-0.013,-0.02,0,0,0,0,0.008,0.008,0,-0.003,0.025,-0.072,0.001,0,0.099,0.025,-0.012,0.001,-0.143,0.099,-0.001,0.016,0.146,0.043,0.002,0.115,0,0,-0.045,-0.067,0,0,-0.006,-0.018,-0.002,-0.022,-0.002,-0.022,0,0,-0.013,-0.134,-0.014,-0.134,-0.012,-0.138,0,0,-0.006,0.011,0,0,0,0,0,0,0.05,0.122,0.12,0.168,0.011,0.002,0.086,0.013,0.041,0.013,0.011,0.006,-0.1,0.047,0.013,0.021,0.013,0.063,,,,,,0.062,0.034,-0.205,0.062,0.062,0.124,0,0,0,0,0,0,0,0,0,0.021,0.03,0.053,0,0,0,0,,,,,,,,,0,0,0,0,,,,,,,,,,,,,,,,,,,,,,,,,,,,,,,,,,,,,,,,,,,,,,,,,,,,,,,,,,,,,,,,,,,,,,,,,,,,,,,,,,,,,,0
184,-0.167,-0.22,-0.052,0.003,-0.056,0.07,0.037,0.208,-0.199,-0.158,-0.245,-0.245,0.111,0.1,-0.013,-0.104,0.008,-0.246,0,0,0.01,-0.253,0.008,,,,,,,,,,,,-0.173,0.241,,,,0.336,-0.492,-0.025,0.343,0,0.001,,,,,,,,,,,,,,,,,,,,,,,,,-0.035,0.039,0.018,-0.044,0.188,0.154,0.03,0.093,-0.278,-0.028,0.212,-0.037,,,,,,,,,,,,,,,,,,,,,,,,,,,,,,,,,,,,,,,,,,,,,,,,,,,,,,,,,,,,,,,,,,,,,,,,,,,,,,,,,,,,,,,,,,,,,,,,,,,,,,,,,,,,,,,,,,,,,,,,,,,,,,,,,,,,,,,,,,,,,,,,,,,,,,,,,,,,,,,,,,,,,,,,,,,,,,,,,,,,,,,,,,,,,,,,,,,,,,,,,,,,,,,,,,,,,,,,,,,,,,,,,,,,,,,,,,,,,,,,,,,,,,,,,,,,,,,,,,,,,,,,,,,,,,,,,,,,,,,,,,,,,,,,,,,,,,,,,,,,,,,,,,,,,,,,,,,,,,,,,,,,,,,,,,,,,,,,,,,,,,,,,,,,,,,,,,,,,,,,,,,,,,,,,,,,,,,,,,,,,,,,,,,,,,,,,,,,,,,,,,,,,,,,,,,,,,,,,,,,,,,,,,,,,,,,,,,,,,,,,,,,,,,,,,,,,,,,,,,,,,,,,,,,,,,,,,,,,,,,,,,,,,,,,,,,,,,,,,,,,,,,,,,,,,,,,,,,,,,,,,,,,,,,,,,,,,,,,,,,,,,,,,,,,,,,,,,,,,,,,,,,,,,,,,,,,,,,,,,,,,,,,,,,,,,,,,,,,,,,,,,,,,,,,,,,,,,,,,,,,,,,,,,,,,,,,,,,,,,,,,,0.182,-0.03,-0.039,-0.097,-0.045,-0.045,0.038,-0.046,-0.012,0.02,-0.046,0.02,0.078,0.013,-0.05,0.218,-0.097,-0.046,0.137,0.03,-0.198,-0.037,-0.039,0.038,0.02,0.218,-0.046,-0.05,0.063,0.063,-0.03,-0.045,0.109,-0.046,-0.022,-0.045,0.182,-0.045,0.02,0.013,-0.012,0.078,0.017,-0.48,0.017,-0.48,-0.014,-0.013,-0.02,0,0,0,0,0.008,0.008,0,-0.003,0.025,-0.072,0.001,0,0.099,0.025,-0.012,0.001,-0.143,0.099,-0.001,0.016,0.146,0.043,0.002,0.115,0,0,-0.045,-0.067,0,0,-0.006,-0.018,-0.002,-0.022,-0.002,-0.022,0,0,-0.013,-0.134,-0.014,-0.134,-0.012,-0.138,0,0,-0.006,0.011,0,0,0,0,0,0,0.05,0.122,0.12,0.168,0.011,0.002,0.086,0.013,0.041,0.013,0.011,0.006,-0.1,0.047,0.013,0.021,0.013,0.063,,,,,,0.062,0.034,-0.205,0.062,0.062,0.124,0,0,0,0,0,0,0,0,0,0.021,0.03,0.053,0,0,0,0,,,,,,,,,0,0,0,0,0.002,0.025,-0.007,,,,,,,,,,,,,,,,,,,,,,,,,,,,,,,,,,,,,,,,,,,,,,,,,,,,,,,,,,,,,,,,,,,,,,,,,,,,,,,,,,,0
185,-0.023,-0.034,-0.215,-0.161,-0.143,-0.294,-0.007,-0.032,0.076,0.227,-0.207,-0.207,0.047,-0.035,,,,,,,,,,0.009,-0.251,-0.051,0.203,-0.004,0,-0.081,0.468,0.012,0.027,0.012,,,,,,-0.164,0.086,0.004,-0.157,0,0.001,0.065,-0.064,-0.022,0.013,0,-0.003,-0.028,-0.007,0.124,-0.021,0,0.003,,,,,,,,,,,,,,,,,,,,,,,,,,,,,,,,,,,,,,,,,,,,,,,,,,,,,,,,,,,,,,,,,,,,,,,,,,,,,,,,,,,,,,,,,,,,,,,,,,,,,,,,,,,,,,,,,,,,,,,,,,,,,,,,,,,,,,,,,,,,,,,,,,,,,,,,,,,,,,,,,,,,,,,,,,,,,,,,,,,,,,,,,,,,,,,,,,,,,,,,,,,,,,,,,,,,,,,,,,,,,,,,,,,,,,,,,,,,,,,,,,,,,,,,,,,,,,,,,,,,,,,,,,,,,,,,,,,,,,,,,,,,,,,,,,,,,,,,,,,,,,,,,,,,,,,,,,,,,,,,,,,,,,,,,,,,,,,,,,,,,,,,,,,,,,,,,,,,,,,,,,,,,,,,,,,,,,,,,,,,,,,,,,,,,,,,,,,,,,,,,,,,,,,,,,,,,,,,,,,,,,,,,,,,,,,,,,,,,,,,,,,,,,,,,,,,,,,,,,,,,,,,,,,,,,,,,,,,,,,,,,,,,,,,,,,,,,,,,,,,,,,,,,,,,,,,,,,,,,,,,,,,,,,,,,,,,,,,,,,,,,,,,,,,,,,,,,,,,,,,,,,,,,,,,,,,,,,,,,,,,,,,,,,,,,,,,,,,,,,,,,,,,,,,,,,,,,,,,,,,,,,,,,,,,,,,,,,,,,,,,,,,,,,,,,,,,,,,,,,,,,,,,,,-0.147,-0.082,-0.091,0.293,-0.093,-0.101,-0.151,-0.124,0.053,0.058,0.225,0.222,-0.132,-0.144,-0.117,0.218,0.293,-0.124,-0.088,-0.161,0.035,-0.115,-0.091,-0.151,0.222,0.218,0.225,-0.117,0.101,0.101,-0.082,-0.101,0.015,-0.095,-0.039,-0.101,-0.147,-0.093,0.058,-0.144,0.053,-0.132,-0.04,0.52,-0.04,0.52,0.058,0.034,0.071,0,0,0,0,-0.004,-0.004,-0.005,0,-0.029,-0.125,-0.006,-0.005,-0.081,-0.029,0.019,-0.006,-0.157,-0.081,-0.005,-0.038,-0.028,-0.139,-0.006,-0.065,0,0,-0.015,-0.093,0,0,0.005,-0.081,0.009,-0.066,0.009,-0.066,0,0,-0.012,-0.143,-0.013,-0.143,0.019,-0.152,0,0,-0.125,-0.012,0,0,0,0,0,0,0.138,0.031,0.075,-0.043,0.012,0.019,0.076,0.013,0.033,0.013,-0.039,0.02,0.219,0.015,0.013,0.009,0.013,-0.062,,,,,,-0.074,-0.067,0.061,-0.074,-0.074,-0.104,0,0,0,0,0,0,0,0,,,,,,,,,-0.092,-0.044,-0.092,-0.044,0,0,0,0,0,0,0,0,,,,,,,,,,,,,,,,,,,,,,,,,,,,,,,,,,,,,,,,,,,,,,,,,,,,,,,,,,,,,,,,,,,,,,,,,,,,,,,,,,,,,,0
187,,,,,,,,,,,,,,,,,,,,,,,,,,,,,,,,,,,,,,,,,,,,,,,,,,,,,,,,,,,,,,,,,,,,,,,,,,,,,,,,,,-0.026,-0.053,-0.072,-0.136,-0.109,-0.077,-0.006,-0.01,0.006,-0.094,-0.347,-0.346,0.08,0.257,0.033,-0.347,-0.034,0.316,0.001,0,-0.069,0.315,-0.065,,,,,,,,,,,,-0.081,0.192,-0.01,0.185,0.001,,,,-0.197,0,0,-0.033,0.05,0.034,0.003,0.013,0.015,0.072,0.053,-0.134,0.003,-0.09,0.05,0.005,0.002,,,,,,,,,,,,,,,,,,,,,,,,,,,,,,,,,,,,,,,,,,,,,,,,,,,,,,,,,,,,,,,,,,,,,,,,,,,,,,,,,,,,,,,,,,,,,,,,,,,,,,,,,,,,,,,,,,,,,,,,,,,,,,,,,,,,,,,,,,,,,,,,,,,,,,,,,,,,,,,,,,,,,,,,,,,,,,,,,,,,,,,,,,,,,,,,,,,,,,,,,,,,,,,,,,,,,,,,,,,,,,,,,,,,,,,,,,,,,,,,,,,,,,,,,,,,,,,,,,,,,,,,,,,,,,,,,,,,,,,,,,,,,,,,,,,,,,,,,,,,,,,,,,,,,,,,,,,,,,,,,,,,,,,,,,,,,,,,,,,,,,,,,,,,,,,,,,,,,,,,,,,,,,,,,,,,,,,,,,,,,,,,,,,,,,,,,,,,,,,,,,,,,,,,,,,,,,,,,,,,,,,,,,,,,,,,,,,,,,,,,,,,,,,,,,,,,,,,,,,,,,,,,,,,,,,,,,,,,,,,,,,,,,,,,,,,,,,,,,,,,,,,,,,,,,,,,,,,,,,,,,,,,,,,,,,,,,,,,,,,,,,,,,,,,,,,,,,,,,,,,,,,,,,,,,,,,,,,,,,,,,,,-0.165,-0.206,-0.104,0.056,-0.016,-0.02,-0.063,-0.033,-0.002,0.004,0.166,0.204,0.151,-0.144,0.083,0.218,0.056,-0.033,-0.231,-0.072,-0.107,-0.024,-0.104,-0.063,0.204,0.218,0.166,0.083,0.037,0.037,-0.206,-0.02,0.009,-0.017,-0.082,-0.02,-0.165,-0.016,0.004,-0.144,-0.002,0.151,0.303,0.52,0.303,0.52,-0.004,-0.001,-0.02,0,0,0,0,0.004,0.004,-0.001,0.001,0.052,-0.204,0.013,-0.001,0.099,0.052,-0.007,0.013,0.077,0.099,,,,,,,,,,,,,,,,,,,,,,,,,,,,,,,,,0,0,0,0,0.157,0.243,0.119,0.126,0.009,-0.021,0.031,0.013,0.015,0.013,0.011,0.012,0.01,0.033,0.013,0.015,0.013,-0.043,,,,,,-0.119,-0.106,0.088,-0.119,-0.119,0.01,0,0,0,0,0,0,0,0,0,-0.036,0.03,-0.092,0,0,0,0,,,,,,,,,0,0,0,0,,,,,,,,,,,,,,,,,,,,,,,,,,,,,,,,,,,,,,,,,,,,,,,,,,,,,,,,,,,,,,,,,,,,,,,,,,,,,,,,,,,,,,0
188,,,,,,,,,,,,,,,,,,,,,,,,,,,,,,,,,,,,,,,,,,,,,,,,,,,,,,,,,,,,,,,,,,,,,,,,,,,,,,,,,,,,,,,,,,,,,,,,,,,,,,,,,,,,,,,,,,,,,,,,,,,,,,,,,,,,,,,,,,,,,,,,,,,,,,,,,,,,,,,,,,,,,,,,,,,,,,,,,,,,,,,,,,,,,,,,,,,,,,,,,,,,,,,,,,,,,,,,,,,,,,,,,,,,,,,,,,,,,,,,,,,,,,,,,,,,,,,,,,,,,,,,,,,,,,,,,,,,,,,,,,,,,,,,,,,,,,,,,,,,,,,,,,,,,,,,,,,,,,,,,,,,,,,,,,,,,,,,,,,,,,,,,,,,,,,,,,,,,,,,,,,,,,,,,,,,,,,,,,,,,,,,,,,,,,,,,,,,,,-0.063,0.01,0.104,-0.124,0,-0.002,0.029,-0.021,0.067,0.062,0.112,-0.002,0.072,0,0,0.001,-0.003,0.125,-0.001,-0.002,-0.043,0,-0.059,-0.002,-0.074,-0.006,,,,,,,,,,,,,,,,,,,,,,,0.028,-0.034,-0.019,-0.107,-0.066,0.001,0.365,-0.013,-0.089,0.001,-0.28,-0.071,-0.044,0.003,0.087,0.364,0.32,0.01,-0.001,0.031,,,,,,,,,,,,,,,,,,,,,,,,,,,,,,,,,,,,,,,,,,,,,,,,,,,,,,,,,,,,,,,,,,,,,,,,,,,,,,,,,,,,,,,,,,,,,,,,,,,,,,,,,,,,,,,,,,,,,,,,,,,,,,,,,,,,,,,,,,,,,,,,,,,,,,,,,,,,,,,,,,,,,,,,,,,,,,,,,,,,,,,,,,,,,,,,,,,,,,,,,,,,,,,,,,,,,,,,,0.051,-0.042,-0.261,-0.142,-0.031,0.053,-0.231,0.019,-0.035,-0.197,-0.262,-0.183,-0.041,-0.034,,,,,,,,,,,,,,,,,,,,,,,,,,,,,,,,,,,,,,,,,,,,,,,,,,,,,,,,,,,,,,,,,,,,,,,,,,,,,,,,,,,,,,,,,,,,,,,,,,,,,,,,,,,,,,,,,,,,,,,,,,,,,,,,,,,,,,,,,,,,,,,,,,,,,,,,,,,,,,,,,,,,,,,,,,,,,,,,,,,,,,,,,,,,,,,,0,0,0,0,0.053,0.23,0.06,0.143,0,0,0,0,0,0,-0.001,0,0.05,-0.037,0.014,0.017,0.023,-0.011,0.072,-0.101,-0.039,-0.106,0,0,0,0,0.035,0.047,0.021,0.003,0,0,0,0,0.027,-0.092,0.09,-0.015,-0.081,0,0,0,0,-0.008,-0.004,0.003,-0.004,0.213,-0.038,0.003,0,0,0,0,-0.52,0.135,-0.047,0,0,0,,,,,,,,0.069,0.209,0,0,0,0,-0.25,0,0,0,0,0
190,,,,,,,,,,,,,,,,,,,,,,,,,,,,,,,,,,,,,,,,,,,,,,,,,,,,,,,,,,,,,,,,,,,,,,,,,,,,,,,,,,0.077,0.098,-0.05,-0.17,0.002,0,-0.01,-0.103,0.189,0.121,-0.312,-0.312,-0.143,0.168,-0.067,0.433,-0.034,-0.105,-0.004,0,-0.069,0.104,-0.039,,,,,,,,,,-0.181,-0.016,,,-0.01,-0.124,-0.016,,,,-0.197,0,0,,,,,,,,,,,,,,,,,,,,,,,,,,,,,-0.063,-0.003,-0.015,0.042,-0.239,-0.194,0.003,-0.007,-0.031,-0.019,-0.216,0.023,-0.09,0.036,,,,,,,,,,,,,,,,,,,,,,,,,,,,,,,,,,,,,,,,,,,,,,,,,,,,,,,,,,,,,,,,,,,,,,,,,,,,,,,,,,,,,,,,,,,,,,,,,,,,,,,,,,,,,,,,,,,,,,,,,,,,,,,,,,,,,,,,,,,,,,,,,,,,,,,,,,,,,,,,,,,,,,,,,,,,,,,,,,,,,,,,,,,,,,,,,,,,,,,,,,,,,,,,,,,,,,,,,,,,,,,,,,,,,,,,,,,,,,,,,,,,,,,,,,,,,,,,,,,,,,,,,,,,,,,,,,,,,,,,,,,,,,,,,,,,,,,,,,,,,,,,,,,,,,,,,,,,,,,,,,,,,,,,,,,,,,,,,,,,,,,,,,,,,,,,,,,,,,,,,,,,,,,,,,,,,,,,,,,,,,,,,,,,,,,,,,,,,,,,,,,,,,,,,,,,,,,,,,,,,,,,,,,,,,,,,,,,,,,,,,,,,,,,,,,,,,,,,,,,,,,,,,,,,,,,,,,,,,,,,,,,,,,,,,,,,,,,,,,,,,,,,,,,,,,,,,,,,,,,,,,,,,,,,,,,,,,,,,,,,,,,,,,,,,,,,,,,0.119,0.134,-0.091,0.293,-0.052,-0.036,-0.182,-0.157,0.079,0.033,0.205,0.184,-0.179,-0.2,-0.083,-0.115,0.293,-0.157,-0.088,-0.193,0.035,-0.148,-0.091,-0.182,0.184,-0.115,0.205,-0.083,0.101,0.101,0.134,-0.036,0.09,-0.053,0.035,-0.036,0.119,-0.052,0.033,-0.2,0.079,-0.179,-0.04,0.52,-0.04,0.52,0.01,0.007,0.031,0,0,0,0,-0.001,-0.001,-0.005,0.003,-0.11,0.164,0.002,-0.005,0.079,-0.11,-0.011,0.002,-0.083,0.079,-0.005,-0.119,0.146,0.013,0.002,0.095,0,0,-0.025,-0.108,0,0,-0.005,-0.117,-0.002,-0.094,-0.002,-0.093,0,0,-0.012,-0.082,-0.013,-0.082,-0.011,-0.078,0,0,0.057,-0.009,0,0,0,0,0,0,0.13,-0.034,-0.038,-0.143,0.013,0.053,0.08,0.013,0.039,0.013,-0.039,0.015,0.035,-0.078,0.013,-0.033,0.013,-0.036,,,,,,-0.029,-0.016,0.167,-0.029,-0.029,-0.039,0,0,0,0,0,0,0,0,0,0.053,-0.082,0.134,0,0,0,0,,,,,,,,,0,0,0,0,,,,,,,,,,,,,,,,,,,,,,,,,,,,,,,,,,,,,,,,,,,,,,,,,,,,,,,,,,,,,,,,,,,,,,,,,,,,,,,,,,,,,,0
191,,,,,,,,,,,,,,,,,,,,,,,,,,,,,,,,,,,,,,,,,,,,,,,,,,,,,,,,,,,,,,,,,,,,,,,,,,,,,,,,,,0.12,0.126,-0.116,-0.308,-0.109,-0.154,-0.022,-0.166,0.055,0.086,-0.313,-0.313,-0.134,-0.141,0.033,-0.347,-0.034,0.487,0.002,0,-0.069,0.225,-0.068,,,,,,,,,,-0.048,0.038,,,-0.01,-0.084,-0.027,,,,-0.197,0,0,,,,,,,,,,,,,,,-0.189,0.015,-0.167,-0.101,-0.028,-0.035,0.026,0.008,0.2,0.018,0.137,0.045,-0.014,0,,,,,,,,,,,,,,,,,,,,,,,,,,,,,,,,,,,,,,,,,,,,,,,,,,,,,,,,,,,,,,,,,,,,,,,,,,,,,,,,,,,,,,,,,,,,,,,,,,,,,,,,,,,,,,,,,,,,,,,,,,,,,,,,,,,,,,,,,,,,,,,,,,,,,,,,,,,,,,,,,,,,,,,,,,,,,,,,,,,,,,,,,,,,,,,,,,,,,,,,,,,,,,,,,,,,,,,,,,,,,,,,,,,,,,,,,,,,,,,,,,,,,,,,,,,,,,,,,,,,,,,,,,,,,,,,,,,,,,,,,,,,,,,,,,,,,,,,,,,,,,,,,,,,,,,,,,,,,,,,,,,,,,,,,,,,,,,,,,,,,,,,,,,,,,,,,,,,,,,,,,,,,,,,,,,,,,,,,,,,,,,,,,,,,,,,,,,,,,,,,,,,,,,,,,,,,,,,,,,,,,,,,,,,,,,,,,,,,,,,,,,,,,,,,,,,,,,,,,,,,,,,,,,,,,,,,,,,,,,,,,,,,,,,,,,,,,,,,,,,,,,,,,,,,,,,,,,,,,,,,,,,,,,,,,,,,,,,,,,,,,,,,,,,,,,,,,,,,,,,,,,,,,,,,,-0.103,0.17,0.22,-0.18,-0.098,-0.077,-0.038,-0.059,0.062,0.067,0.049,0.072,-0.073,-0.257,0.217,-0.115,-0.18,-0.059,0.289,-0.047,-0.247,-0.05,0.22,-0.038,0.072,-0.115,0.049,0.217,-0.702,-0.702,0.17,-0.077,0.027,-0.1,0.047,-0.076,-0.103,-0.098,0.067,-0.257,0.062,-0.073,-0.24,0.52,-0.24,0.52,0.043,0.038,0.157,0,0,0,0,0.003,0.003,-0.003,0,-0.083,0.164,0.002,-0.003,-0.101,-0.083,-0.019,0.002,0.141,-0.101,,,,,,,,,,,,,,,,,,,,,,,,,,,,,,,,,0,0,0.001,0,-0.195,-0.161,0.043,-0.033,0.011,-0.029,0.025,0.013,0.013,0.013,0.031,0.014,0.018,-0.005,0.013,-0.001,0.013,0.005,0,0,-0.034,0,,0.062,0.042,-0.037,0.062,0.062,0.075,0,0,0,0,0,0,0,0,0,-0.07,0.141,-0.177,0,0,0,0,,,,,,,,,0,0,0,0,,,,,,,,,,,,,,,,,,,,,,,,,,,,,,,,,,,,,,,,,,,,,,,,,,,,,,,,,,,,,,,,,,,,,,,,,,,,,,,,,,,,,,0
192,0.069,0.131,0.33,0.275,-0.056,-0.203,0,0.008,-0.005,-0.046,-0.121,-0.121,0.078,-0.061,-0.013,0.575,0.108,-0.25,0.002,0,0.01,0.174,0.056,,,,,,,,,,0.014,0.011,,,0.164,-0.253,0.088,,,,-0.157,0,0.001,,,,,,,,,,,,,0.012,0.006,-0.007,0.012,0.038,0.032,0.06,-0.013,-0.137,0.006,0,0.002,,,,,,,,,,,,,,,,,,,,,,,,,,,,,,,,,,,,,,,,,,,,,,,,,,,,,,,,,,,,,,,,,,,,,,,,,,,,,,,,,,,,,,,,,,,,,,,,,,,,,,,,,,,,,,,,,,,,,,,,,,,,,,,,,,,,,,,,,,,,,,,,,,,,,,,,,,,,,,,,,,,,,,,,,,,,,,,,,,,,,,,,,,,,,,,,,,,,,,,,,,,,,,,,,,,,,,,,,,,,,,,,,,,,,,,,,,,,,,,,,,,,,,,,,,,,,,,,,,,,,,,,,,,,,,,,,,,,,,,,,,,,,,,,,,,,,,,,,,,,,,,,,,,,,,,,,,,,,,,,,,,,,,,,,,,,,,,,,,,,,,,,,,,,,,,,,,,,,,,,,,,,,,,,,,,,,,,,,,,,,,,,,,,,,,,,,,,,,,,,,,,,,,,,,,,,,,,,,,,,,,,,,,,,,,,,,,,,,,,,,,,,,,,,,,,,,,,,,,,,,,,,,,,,,,,,,,,,,,,,,,,,,,,,,,,,,,,,,,,,,,,,,,,,,,,,,,,,,,,,,,,,,,,,,,,,,,,,,,,,,,,,,,,,,,,,,,,,,,,,,,,,,,,,,,,,,,,,,,,,,,,,,,,,,,,,,,,,,,,,,,,,,,,,,,,,,,,,,,,,,,,,,,,,,,,,,,,,,,,,,,,,,,,,,,,,,,,-0.014,0.134,-0.091,-0.029,-0.013,-0.017,0.113,0.096,0.157,0.134,-0.07,-0.1,-0.226,0.193,-0.017,-0.115,-0.029,0.096,0.107,0.106,-0.158,0.105,-0.091,0.113,-0.1,-0.115,-0.07,-0.017,0.101,0.101,0.134,-0.017,0.053,-0.014,0.035,-0.017,-0.014,-0.013,0.134,0.193,0.157,-0.226,-0.04,0.52,-0.04,0.52,0.015,0.011,0.02,0,0,0,0,0.023,0.023,0,-0.003,-0.11,-0.151,0.002,0,0.059,-0.11,-0.011,0.002,-0.005,0.059,0,-0.119,0.146,-0.018,0.002,0.075,0,0,-0.025,-0.002,0,0,-0.005,0.021,-0.002,0.046,-0.002,0.046,0,0,-0.012,-0.042,-0.013,-0.042,-0.011,0,0,0,-0.004,-0.005,0,0,0,0,0,0,0.083,-0.037,0.017,-0.117,0.014,0.03,-0.012,0.013,-0.005,0.013,-0.032,0.011,-0.016,-0.05,0.013,-0.023,0.013,-0.024,,,,,,0.153,0.141,0.129,0.153,0.153,-0.12,0,0,0,0,0,0,0,0,,,,,,,,,-0.092,-0.023,-0.092,-0.023,0,0,0,0,0,0,0,0,,,,,,,,,,,,,,,,,,,,,,,,,,,,,,,,,,,,,,,,,,,,,,,,,,,,,,,,,,,,,,,,,,,,,,,,,,,,,,,,,,,,,,0
197,,,,,,,,,,,,,,,,,,,,,,,,,,,,,,,,,,,,,,,,,,,,,,,,,,,,,,,,,,,,,,,,,,,,,,,,,,,,,,,,,,-0.087,-0.068,0.081,0.157,0.002,0,0.014,0.084,-0.083,-0.084,0.299,0.299,-0.009,0.019,0.033,-0.357,-0.034,0.017,0.008,0,0.043,-0.341,-0.002,,,,,,,,,,,,0.169,0.084,-0.01,-0.013,0.027,,,,-0.197,0,0,,,,,,,,,,,,,,,,,,,,,,,,,,,,,0.01,-0.016,0.015,0.024,0.033,0.071,-0.215,-0.007,0.197,0.007,0.182,-0.226,0.083,0.133,,,,,,,,,,,,,,,,,,,,,,,,,,,,,,,,,,,,,,,,,,,,,,,,,,,,,,,,,,,,,,,,,,,,,,,,,,,,,,,,,,,,,,,,,,,,,,,,,,,,,,,,,,,,,,,,,,,,,,,,,,,,,,,,,,,,,,,,,,,,,,,,,,,,,,,,,,,,,,,,,,,,,,,,,,,,,,,,,,,,,,,,,,,,,,,,,,,,,,,,,,,,,,,,,,,,,,,,,,,,,,,,,,,,,,,,,,,,,,,,,,,,,,,,,,,,,,,,,,,,,,,,,,,,,,,,,,,,,,,,,,,,,,,,,,,,,,,,,,,,,,,,,,,,,,,,,,,,,,,,,,,,,,,,,,,,,,,,,,,,,,,,,,,,,,,,,,,,,,,,,,,,,,,,,,,,,,,,,,,,,,,,,,,,,,,,,,,,,,,,,,,,,,,,,,,,,,,,,,,,,,,,,,,,,,,,,,,,,,,,,,,,,,,,,,,,,,,,,,,,,,,,,,,,,,,,,,,,,,,,,,,,,,,,,,,,,,,,,,,,,,,,,,,,,,,,,,,,,,,,,,,,,,,,0.063,-0.009,-0.218,0.057,-0.03,-0.022,-0.045,0.128,-0.035,-0.056,-0.136,0.066,0.039,-0.038,,,,,,,,,,,,,,,-0.216,0.185,0.072,-0.097,-0.055,-0.042,0.069,0.044,-0.038,-0.005,-0.106,-0.076,0.101,-0.156,-0.017,0.218,-0.097,0.044,0.203,0.061,-0.198,0.054,0.072,0.069,-0.076,0.218,-0.106,-0.017,0.063,0.063,0.185,-0.042,-0.005,-0.056,0.053,-0.042,-0.216,-0.055,-0.005,-0.156,-0.038,0.101,0.017,-0.48,0.017,-0.48,-0.023,-0.017,-0.047,0,0,0,0,0.003,0.003,0.001,-0.001,-0.029,-0.046,0.004,0.001,-0.161,-0.029,0,0.004,0.073,-0.161,0.001,-0.038,-0.195,-0.078,0.005,-0.145,0,0,0.075,0.131,0,0,-0.002,-0.054,0.002,0.006,0.002,0.006,0,0,-0.003,0.098,-0.004,0.098,0,0.078,0,0,0.201,-0.001,0,0,0,0,0,0,0.106,0.047,0.006,-0.062,0.011,0.002,-0.038,0.013,-0.017,0.013,-0.009,0.016,0.075,0.011,0.013,-0.001,0.013,-0.03,,,,,,0.108,0.107,0.177,0.108,0.108,-0.03,0,0,0,0,0,0,0,0,,,,,,,,,-0.092,-0.115,-0.092,-0.115,0,0,0,0,0,0,0,0,,,,,,,,,,,,,,,,,,,,,,,,,,,,,,,,,,,,,,,,,,,,,,,,,,,,,,,,,,,,,,,,,,,,,,,,,,,,,,,,,,,,,,0
200,-0.036,-0.026,-0.161,-0.161,-0.056,0.116,-0.007,-0.032,0.076,0.024,-0.175,-0.175,-0.053,0.144,0.087,-0.198,0.108,-0.238,0.002,0,0.01,0.181,0.029,,,,,,,,,,0.009,0.015,,,0.164,-0.21,0.096,,,,-0.157,0,0.001,,,,,,,,,,,,,,,,,,,,,,,,,-0.067,0.003,-0.008,-0.077,-0.012,-0.048,0.021,0.028,0.095,0.027,-0.026,0.059,,,,,,,,,,,,,,,,,,,,,,,,,,,,,,,,,,,,,,,,,,,,,,,,,,,,,,,,,,,,,,,,,,,,,,,,,,,,,,,,,,,,,,,,,,,,,,,,,,,,,,,,,,,,,,,,,,,,,,,,,,,,,,,,,,,,,,,,,,,,,,,,,,,,,,,,,,,,,,,,,,,,,,,,,,,,,,,,,,,,,,,,,,,,,,,,,,,,,,,,,,,,,,,,,,,,,,,,,,,,,,,,,,,,,,,,,,,,,,,,,,,,,,,,,,,,,,,,,,,,,,,,,,,,,,,,,,,,,,,,,,,,,,,,,,,,,,,,,,,,,,,,,,,,,,,,,,,,,,,,,,,,,,,,,,,,,,,,,,,,,,,,,,,,,,,,,,,,,,,,,,,,,,,,,,,,,,,,,,,,,,,,,,,,,,,,,,,,,,,,,,,,,,,,,,,,,,,,,,,,,,,,,,,,,,,,,,,,,,,,,,,,,,,,,,,,,,,,,,,,,,,,,,,,,,,,,,,,,,,,,,,,,,,,,,,,,,,,,,,,,,,,,,,,,,,,,,,,,,,,,,,,,,,,,,,,,,,,,,,,,,,,,,,,,,,,,,,,,,,,,,,,,,,,,,,,,,,,,,,,,,,,,,,,,,,,,,,,,,,,,,,,,,,,,,,,,,,,,,,,,,,,,,,,,,,,,,,,,,,,,,,-0.171,-0.21,-0.171,0.101,-0.075,-0.058,0.025,0.012,-0.107,-0.123,0.034,0.096,-0.214,-0.032,-0.017,0.218,0.101,0.012,0.059,0.017,-0.08,0.021,-0.171,0.025,0.096,0.218,0.034,-0.017,0.082,0.082,-0.21,-0.058,-0.258,-0.076,-0.083,-0.058,-0.171,-0.075,-0.123,-0.032,-0.107,-0.214,0.417,0.52,0.417,0.52,0.005,0.003,-0.016,0,0,0,0,-0.007,-0.007,0,-0.002,-0.002,0.059,-0.006,0,0.059,-0.002,-0.011,-0.006,-0.019,0.059,0,-0.011,0.141,-0.018,-0.006,0.075,0,0,-0.015,0.084,0,0,-0.005,0.049,-0.002,0.074,-0.002,0.074,0,0,-0.012,0.006,-0.013,0.006,-0.011,-0.014,0,0,-0.003,0.02,0,0,0,0,0,0,-0.447,-0.127,0.078,0.052,0.009,0.002,0.079,0.013,0.037,0.013,-0.009,0.011,-0.024,0.006,0.013,0.003,0.013,-0.036,,,,,,-0.074,-0.053,0.211,-0.074,-0.074,0.181,0,0,0,0,0,0,0,0,0,-0.03,0.03,-0.077,0,0,0,0,,,,,,,,,0,0,0,0,,,,,,,,,,,,,,,,,,,,,,,,,,,,,,,,,,,,,,,,,,,,,,,,,,,,,,,,,,,,,,,,,,,,,,,,,,,,,,,,,,,,,,0
201,0.03,0.056,0.312,0.33,-0.056,0.025,0.015,0.048,-0.016,0.024,-0.071,-0.071,-0.063,0.009,-0.013,-0.054,0.008,0.101,0.005,0,0.01,-0.134,-0.076,,,,,,,,,,0.027,-0.014,,,0.164,-0.244,-0.071,,,,0.343,0,0.001,,,,,,,,,,,,,,,,,,,,,,,,,-0.1,-0.031,-0.015,0.004,-0.212,-0.164,-0.1,-0.111,0.017,-0.058,-0.135,-0.026,,,,,,,,,,,,,,,,,,,,,,,,,,,,,,,,,,,,,,,,,,,,,,,,,,,,,,,,,,,,,,,,,,,,,,,,,,,,,,,,,,,,,,,,,,,,,,,,,,,,,,,,,,,,,,,,,,,,,,,,,,,,,,,,,,,,,,,,,,,,,,,,,,,,,,,,,,,,,,,,,,,,,,,,,,,,,,,,,,,,,,,,,,,,,,,,,,,,,,,,,,,,,,,,,,,,,,,,,,,,,,,,,,,,,,,,,,,,,,,,,,,,,,,,,,,,,,,,,,,,,,,,,,,,,,,,,,,,,,,,,,,,,,,,,,,,,,,,,,,,,,,,,,,,,,,,,,,,,,,,,,,,,,,,,,,,,,,,,,,,,,,,,,,,,,,,,,,,,,,,,,,,,,,,,,,,,,,,,,,,,,,,,,,,,,,,,,,,,,,,,,,,,,,,,,,,,,,,,,,,,,,,,,,,,,,,,,,,,,,,,,,,,,,,,,,,,,,,,,,,,,,,,,,,,,,,,,,,,,,,,,,,,,,,,,,,,,,,,,,,,,,,,,,,,,,,,,,,,,,,,,,,,,,,,,,,,,,,,,,,,,,,,,,,,,,,,,,,,,,,,,,,,,,,,,,,,,,,,,,,,,,,,,,,,,,,,,,,,,,,,,,,,,,,,,,,,,,,,,,,,,,,,,,,,,,,,,,,,,,,,,,0.049,-0.139,0.296,-0.097,0.001,0.012,-0.012,-0.098,-0.142,-0.157,0.074,0.039,0.137,0.238,-0.083,-0.115,-0.097,-0.098,0.335,-0.021,-0.198,-0.089,0.296,-0.012,0.039,-0.115,0.074,-0.083,0.063,0.063,-0.139,0.012,0.071,0.001,-0.059,0.012,0.049,0.001,-0.157,0.238,-0.142,0.137,0.017,-0.48,0.017,-0.48,-0.023,-0.017,-0.051,0,0,0,0,0.001,0.001,0,0,0.025,-0.02,0.002,0,0.059,0.025,0.019,0.002,-0.093,0.059,0,0.016,0.059,0.073,0.002,0.075,0,0,-0.006,-0.059,0,0,-0.005,-0.093,-0.002,-0.072,-0.002,-0.072,0,0,0.013,-0.095,0.012,-0.095,0.019,-0.087,0,0,-0.004,0.001,0,0,0,0,0,0,-0.067,-0.143,0.037,0.076,0.007,-0.043,0.005,0.013,0.003,0.013,0.018,0.006,-0.084,0.019,0.013,0.009,0.013,0.063,,,,,,-0.165,-0.163,-0.071,-0.165,-0.165,0.091,0,0,0,0,0,0,0,0,0,-0.003,0.03,-0.007,0,0,0,0,,,,,,,,,0,0,0,0,,,,,,,,,,,,,,,,,,,,,,,,,,,,,,,,,,,,,,,,,,,,,,,,,,,,,,,,,,,,,,,,,,,,,,,,,,,,,,,,,,,,,,0
205,-0.108,-0.086,-0.179,-0.197,-0.23,-0.43,0.015,0.008,-0.194,-0.211,-0.155,-0.155,-0.069,-0.041,,,,,,,,,,-0.091,0.343,-0.051,-0.079,0.002,0,-0.081,0.384,0.111,,,-0.208,0.02,,,,-0.164,0.377,0.011,-0.157,0,0.001,-0.065,0.009,-0.006,-0.027,-0.002,-0.053,0.089,-0.019,0.204,0.091,-0.001,-0.004,,,,,,,,,,,,,,,,,,,,,,,,,,,,,,,,,,,,,,,,,,,,,,,,,,,,,,,,,,,,,,,,,,,,,,,,,,,,,,,,,,,,,,,,,,,,,,,,,,,,,,,,,,,,,,,,,,,,,,,,,,,,,,,,,,,,,,,,,,,,,,,,,,,,,,,,,,,,,,,,,,,,,,,,,,,,,,,,,,,,,,,,,,,,,,,,,,,,,,,,,,,,,,,,,,,,,,,,,,,,,,,,,,,,,,,,,,,,,,,,,,,,,,,,,,,,,,,,,,,,,,,,,,,,,,,,,,,,,,,,,,,,,,,,,,,,,,,,,,,,,,,,,,,,,,,,,,,,,,,,,,,,,,,,,,,,,,,,,,,,,,,,,,,,,,,,,,,,,,,,,,,,,,,,,,,,,,,,,,,,,,,,,,,,,,,,,,,,,,,,,,,,,,,,,,,,,,,,,,,,,,,,,,,,,,,,,,,,,,,,,,,,,,,,,,,,,,,,,,,,,,,,,,,,,,,,,,,,,,,,,,,,,,,,,,,,,,,,,,,,,,,,,,,,,,,,,,,,,,,,,,,,,,,,,,,,,,,,,,,,,,,,,,,,,,,,,,,,,,,,,,,,,,,,,,,,,,,,,,,,,,,,,,,,,,,,,,,,,,,,,,,,,,,,,,,,,,,,,,,,,,,,,,,,,,,,,,,,,,,,,,,,,,,,,,,,,,,,,,,,,,,,,,,-0.084,0.185,-0.099,-0.146,-0.098,-0.074,-0.012,0.064,-0.038,-0.106,0.068,0.052,0.113,-0.156,-0.05,-0.115,-0.146,0.064,-0.353,0.023,0.223,0.028,-0.099,-0.012,0.052,-0.115,0.068,-0.05,0.104,0.104,0.185,-0.074,0.033,-0.1,0.053,-0.074,-0.084,-0.098,-0.106,-0.156,-0.038,0.113,0.017,-0.48,0.017,-0.48,-0.023,-0.017,-0.055,0,0,0,0,0.009,0.009,0.004,0.003,0.106,0.059,-0.007,0.004,-0.081,0.106,-0.013,-0.007,-0.079,-0.081,0.004,0.097,-0.252,-0.078,-0.007,-0.065,0,0,0.022,-0.075,0,0,-0.006,-0.121,0.008,-0.103,0.008,-0.103,0,0,-0.014,-0.051,-0.015,-0.051,-0.013,-0.074,0,0,-0.069,0.022,0,0,0,0,0,0,-0.125,0.197,0.071,0.08,0.016,0.081,0.031,0.013,0.015,0.013,-0.045,0.015,0.041,-0.063,0.013,-0.027,0.013,-0.014,,,,,,0.108,0.084,-0.064,0.108,0.108,0.189,0,0,0,0,0,0,0,0,,,,,,,,,0.208,0.054,0.208,0.054,0,0,0,0,0,0,0,0,,,,,,,,,,,,,,,,,,,,,,,,,,,,,,,,,,,,,,,,,,,,,,,,,,,,,,,,,,,,,,,,,,,,,,,,,,,,,,,,,,,,,,0
206,0.128,0.108,-0.197,-0.161,0.161,0.025,-0.03,-0.152,0,0.008,0.126,0.126,-0.028,-0.087,,,,,,,,,,0.009,0.08,0.049,-0.321,0.004,0,0.019,-0.081,-0.027,,,-0.033,0.07,,,,0.336,-0.323,0.092,-0.157,0,0.001,,,,,,,,,,,,,,,,,,,,,,,,,-0.031,0.001,-0.015,0.074,0.188,0.136,0.099,0.067,-0.052,0.047,0.162,-0.074,,,,,,,,,,,,,,,,,,,,,,,,,,,,,,,,,,,,,,,,,,,,,,,,,,,,,,,,,,,,,,,,,,,,,,,,,,,,,,,,,,,,,,,,,,,,,,,,,,,,,,,,,,,,,,,,,,,,,,,,,,,,,,,,,,,,,,,,,,,,,,,,,,,,,,,,,,,,,,,,,,,,,,,,,,,,,,,,,,,,,,,,,,,,,,,,,,,,,,,,,,,,,,,,,,,,,,,,,,,,,,,,,,,,,,,,,,,,,,,,,,,,,,,,,,,,,,,,,,,,,,,,,,,,,,,,,,,,,,,,,,,,,,,,,,,,,,,,,,,,,,,,,,,,,,,,,,,,,,,,,,,,,,,,,,,,,,,,,,,,,,,,,,,,,,,,,,,,,,,,,,,,,,,,,,,,,,,,,,,,,,,,,,,,,,,,,,,,,,,,,,,,,,,,,,,,,,,,,,,,,,,,,,,,,,,,,,,,,,,,,,,,,,,,,,,,,,,,,,,,,,,,,,,,,,,,,,,,,,,,,,,,,,,,,,,,,,,,,,,,,,,,,,,,,,,,,,,,,,,,,,,,,,,,,,,,,,,,,,,,,,,,,,,,,,,,,,,,,,,,,,,,,,,,,,,,,,,,,,,,,,,,,,,,,,,,,,,,,,,,,,,,,,,,,,,,,,,,,,,,,,,,,,,,,,,,,,,,,,,,,,,0.03,-0.154,0.33,-0.072,-0.129,-0.12,-0.019,-0.027,0.01,0.067,-0.113,-0.063,-0.096,0.08,0.217,-0.115,-0.072,-0.027,0.355,-0.028,-0.183,-0.018,0.33,-0.019,-0.063,-0.115,-0.113,0.217,-0.752,-0.752,-0.154,-0.12,0.065,-0.131,-0.064,-0.12,0.03,-0.129,0.067,0.08,0.01,-0.096,-0.24,0.52,-0.24,0.52,,,,0,0,0,0,-0.006,-0.006,-0.003,-0.003,-0.056,-0.02,-0.006,-0.003,0.059,-0.056,-0.019,-0.006,-0.01,0.059,,,,,,,,,,,,,,,,,,,,,,,,,,,,,,,,,0,0,0,0,0.009,-0.152,0.023,-0.035,0.012,-0.001,0.011,0.013,0.005,0.013,0.005,0.013,-0.03,0.013,0.013,0.007,0.013,0.099,,,,,,-0.029,-0.018,-0.094,-0.029,-0.029,-0.12,0,0,0,0,0,0,0,0,,,,,,,,,0.008,0.146,0.008,0.146,0,0,0,0,0,0,0,0,,,,,,,,,,,,,,,,,,,,,,,,,,,,,,,,,,,,,,,,,,,,,,,,,,,,,,,,,,,,,,,,,,,,,,,,,,,,,,,,,,,,,,0
208,0.128,0.108,-0.197,-0.161,0.161,0.025,-0.03,-0.152,0,0.008,0.126,0.126,-0.028,-0.087,,,,,,,,,,0.009,0.08,0.049,-0.321,0.004,0,0.019,-0.081,-0.027,,,-0.033,0.07,,,,0.336,-0.323,0.092,-0.157,0,0.001,,,,,,,,,,,,,,,,,,,,,,,,,-0.031,0.001,-0.015,0.074,0.188,0.136,0.099,0.067,-0.052,0.047,0.162,-0.074,,,,,,,,,,,,,,,,,,,,,,,,,,,,,,,,,,,,,,,,,,,,,,,,,,,,,,,,,,,,,,,,,,,,,,,,,,,,,,,,,,,,,,,,,,,,,,,,,,,,,,,,,,,,,,,,,,,,,,,,,,,,,,,,,,,,,,,,,,,,,,,,,,,,,,,,,,,,,,,,,,,,,,,,,,,,,,,,,,,,,,,,,,,,,,,,,,,,,,,,,,,,,,,,,,,,,,,,,,,,,,,,,,,,,,,,,,,,,,,,,,,,,,,,,,,,,,,,,,,,,,,,,,,,,,,,,,,,,,,,,,,,,,,,,,,,,,,,,,,,,,,,,,,,,,,,,,,,,,,,,,,,,,,,,,,,,,,,,,,,,,,,,,,,,,,,,,,,,,,,,,,,,,,,,,,,,,,,,,,,,,,,,,,,,,,,,,,,,,,,,,,,,,,,,,,,,,,,,,,,,,,,,,,,,,,,,,,,,,,,,,,,,,,,,,,,,,,,,,,,,,,,,,,,,,,,,,,,,,,,,,,,,,,,,,,,,,,,,,,,,,,,,,,,,,,,,,,,,,,,,,,,,,,,,,,,,,,,,,,,,,,,,,,,,,,,,,,,,,,,,,,,,,,,,,,,,,,,,,,,,,,,,,,,,,,,,,,,,,,,,,,,,,,,,,,,,,,,,,,,,,,,,,,,,,,,,,,,,,,,,,,0.03,-0.154,0.33,-0.072,-0.129,-0.12,-0.019,-0.027,0.01,0.067,-0.113,-0.063,-0.096,0.08,0.217,-0.115,-0.072,-0.027,0.355,-0.028,-0.183,-0.018,0.33,-0.019,-0.063,-0.115,-0.113,0.217,-0.752,-0.752,-0.154,-0.12,0.065,-0.131,-0.064,-0.12,0.03,-0.129,0.067,0.08,0.01,-0.096,-0.24,0.52,-0.24,0.52,,,,0,0,0,0,-0.006,-0.006,-0.003,-0.003,-0.056,-0.02,-0.006,-0.003,0.059,-0.056,-0.019,-0.006,-0.01,0.059,,,,,,,,,,,,,,,,,,,,,,,,,,,,,,,,,0,0,0,0,0.009,-0.152,0.023,-0.035,0.012,-0.001,0.011,0.013,0.005,0.013,0.005,0.013,-0.03,0.013,0.013,0.007,0.013,0.099,,,,,,-0.029,-0.018,-0.094,-0.029,-0.029,-0.12,0,0,0,0,0,0,0,0,,,,,,,,,0.008,0.146,0.008,0.146,0,0,0,0,0,0,0,0,-0.002,0.037,0.025,,,,,,,,,,,,,,,,,,,,,,,,,,,,,,,,,,,,,,,,,,,,,,,,,,,,,,,,,,,,,,,,,,,,,,,,,,,,,,,,,,,0
209,0.069,0.138,0.294,0.348,-0.143,-0.294,0.008,-0.032,-0.107,-0.142,-0.306,-0.306,0.101,0.097,-0.013,0.188,0.008,-0.211,0.004,0,0.01,0.091,0.059,,,,,,,,,,0.019,0.011,,,0.164,-0.25,0.088,,,,-0.157,0,0.001,,,,,,,,,,,,,-0.025,-0.035,0.025,0.013,-0.001,-0.003,0.039,-0.004,-0.016,0.006,0,0.001,,,,,,,,,,,,,,,,,,,,,,,,,,,,,,,,,,,,,,,,,,,,,,,,,,,,,,,,,,,,,,,,,,,,,,,,,,,,,,,,,,,,,,,,,,,,,,,,,,,,,,,,,,,,,,,,,,,,,,,,,,,,,,,,,,,,,,,,,,,,,,,,,,,,,,,,,,,,,,,,,,,,,,,,,,,,,,,,,,,,,,,,,,,,,,,,,,,,,,,,,,,,,,,,,,,,,,,,,,,,,,,,,,,,,,,,,,,,,,,,,,,,,,,,,,,,,,,,,,,,,,,,,,,,,,,,,,,,,,,,,,,,,,,,,,,,,,,,,,,,,,,,,,,,,,,,,,,,,,,,,,,,,,,,,,,,,,,,,,,,,,,,,,,,,,,,,,,,,,,,,,,,,,,,,,,,,,,,,,,,,,,,,,,,,,,,,,,,,,,,,,,,,,,,,,,,,,,,,,,,,,,,,,,,,,,,,,,,,,,,,,,,,,,,,,,,,,,,,,,,,,,,,,,,,,,,,,,,,,,,,,,,,,,,,,,,,,,,,,,,,,,,,,,,,,,,,,,,,,,,,,,,,,,,,,,,,,,,,,,,,,,,,,,,,,,,,,,,,,,,,,,,,,,,,,,,,,,,,,,,,,,,,,,,,,,,,,,,,,,,,,,,,,,,,,,,,,,,,,,,,,,,,,,,,,,,,,,,,,,,,,,,,,,,,,,,,,,-0.28,-0.19,0.073,-0.193,-0.036,-0.028,-0.044,-0.02,0.183,0.185,-0.159,-0.147,-0.214,-0.032,-0.05,-0.115,-0.193,-0.02,-0.122,-0.047,-0.255,-0.011,0.073,-0.044,-0.147,-0.115,-0.159,-0.05,0.057,0.057,-0.19,-0.028,-0.099,-0.037,-0.076,-0.028,-0.28,-0.036,0.185,-0.032,0.183,-0.214,-0.04,0.52,-0.04,0.52,0.01,0.007,0.031,0,0,0,0,-0.008,-0.008,-0.003,0.001,-0.056,-0.125,-0.004,-0.003,-0.001,-0.056,-0.001,-0.004,-0.148,-0.001,-0.003,-0.065,0.143,-0.108,-0.003,0.015,0,0,-0.061,-0.108,0,0,0.008,-0.026,0.002,-0.059,0.002,-0.059,0,0,-0.004,-0.161,-0.005,-0.161,-0.002,-0.142,0,0,0.016,0.004,0,0,0,0,0,0,0.072,-0.059,-0.082,-0.097,0.012,0.03,0.028,0.013,0.013,0.013,-0.045,0.014,0.035,0.026,0.013,0.013,0.013,-0.024,,,,,,0.244,0.207,-0.021,0.244,0.244,0.205,0,0,0,0,0,0,0,0,0,0.107,-0.082,0.271,0,0,0,0,,,,,,,,,0,0,0,0,,,,,,,,,,,,,,,,,,,,,,,,,,,,,,,,,,,,,,,,,,,,,,,,,,,,,,,,,,,,,,,,,,,,,,,,,,,,,,,,,,,,,,0
216,-0.095,-0.116,0.312,0.294,0.074,0.161,0.037,0.208,0.132,0.12,-0.334,-0.334,-0.028,-0.105,-0.013,-0.024,0.008,-0.163,-0.002,0,0.01,-0.161,0.056,,,,,,,,,,,,0.072,0.32,,,,0.336,-0.48,-0.019,0.343,0,0.001,-0.119,-0.029,-0.018,-0.089,-0.002,-0.044,-0.061,0.001,-0.154,-0.028,0,0,,,,,,,,,,,,,,,,,,,,,,,,,,,,,,,,,,,,,,,,,,,,,,,,,,,,,,,,,,,,,,,,,,,,,,,,,,,,,,,,,,,,,,,,,,,,,,,,,,,,,,,,,,,,,,,,,,,,,,,,,,,,,,,,,,,,,,,,,,,,,,,,,,,,,,,,,,,,,,,,,,,,,,,,,,,,,,,,,,,,,,,,,,,,,,,,,,,,,,,,,,,,,,,,,,,,,,,,,,,,,,,,,,,,,,,,,,,,,,,,,,,,,,,,,,,,,,,,,,,,,,,,,,,,,,,,,,,,,,,,,,,,,,,,,,,,,,,,,,,,,,,,,,,,,,,,,,,,,,,,,,,,,,,,,,,,,,,,,,,,,,,,,,,,,,,,,,,,,,,,,,,,,,,,,,,,,,,,,,,,,,,,,,,,,,,,,,,,,,,,,,,,,,,,,,,,,,,,,,,,,,,,,,,,,,,,,,,,,,,,,,,,,,,,,,,,,,,,,,,,,,,,,,,,,,,,,,,,,,,,,,,,,,,,,,,,,,,,,,,,,,,,,,,,,,,,,,,,,,,,,,,,,,,,,,,,,,,,,,,,,,,,,,,,,,,,,,,,,,,,,,,,,,,,,,,,,,,,,,,,,,,,,,,,,,,,,,,,,,,,,,,,,,,,,,,,,,,,,,,,,,,,,,,,,,,,,,,,,,,,,,,,,,,,,,,,,,,,,,,,,,,,,,,-0.216,0.077,-0.238,0.15,-0.004,0.001,-0.113,-0.059,-0.142,-0.132,0.141,0.122,0.113,0.069,-0.083,-0.115,0.15,-0.059,-0.175,-0.098,0.142,-0.076,-0.238,-0.113,0.122,-0.115,0.141,-0.083,0.082,0.082,0.077,0.001,-0.005,-0.004,0.015,0.001,-0.216,-0.004,-0.132,0.069,-0.142,0.113,0.017,-0.48,0.017,-0.48,0.005,0.003,0.039,0,0,0,0,-0.002,-0.002,0,0,0.025,0.164,0.002,0,-0.041,0.025,-0.011,0.002,0.027,-0.041,0,0.016,0.032,0.073,0.002,-0.025,0,0,-0.006,0.047,0,0,-0.005,0.056,0.008,0.074,0.009,0.074,0,0,-0.012,0.054,-0.013,0.054,-0.011,0.032,0,0,0.057,-0.009,0,0,0,0,0,0.021,0.058,-0.016,0.087,0.106,0.013,0.002,-0.013,0.013,-0.007,0.013,0.011,0.013,0.035,0.004,0.013,0.003,0.013,-0.03,,,,,,-0.029,-0.024,0.047,-0.029,-0.029,0.067,0,0,0,0,0,0,0,0,,,,,,,,,0.108,0.159,0.108,0.159,0,0,0,0,0,0,0,0,,,,,,,,,,,,,,,,,,,,,,,,,,,,,,,,,,,,,,,,,,,,,,,,,,,,,,,,,,,,,,,,,,,,,,,,,,,,,,,,,,,,,,0
221,,,,,,,,,,,,,,,,,,,,,,,,,,,,,,,,,,,,,,,,,,,,,,,,,,,,,,,,,,,,,,,,,,,,,,,,,,,,,,,,,,0.023,0.026,0.132,0.33,0.058,0.077,0.01,0.084,-0.103,-0.069,-0.087,-0.087,-0.155,0.123,,,,,,,,,,0.012,-0.218,-0.052,0.049,0,0,0.013,-0.191,-0.024,,,0.009,0.095,-0.01,-0.068,-0.014,,,,-0.197,0,0,,,,,,,,,,,,,,,,,,,,,,,,,,,,,-0.031,-0.017,-0.054,0.003,-0.148,-0.167,0.026,-0.007,0.027,-0.03,-0.115,0.073,-0.202,0.051,,,,,,,,,,,,,,,,,,,,,,,,,,,,,,,,,,,,,,,,,,,,,,,,,,,,,,,,,,,,,,,,,,,,,,,,,,,,,,,,,,,,,,,,,,,,,,,,,,,,,,,,,,,,,,,,,,,,,,,,,,,,,,,,,,,,,,,,,,,,,,,,,,,,,,,,,,,,,,,,,,,,,,,,,,,,,,,,,,,,,,,,,,,,,,,,,,,,,,,,,,,,,,,,,,,,,,,,,,,,,,,,,,,,,,,,,,,,,,,,,,,,,,,,,,,,,,,,,,,,,,,,,,,,,,,,,,,,,,,,,,,,,,,,,,,,,,,,,,,,,,,,,,,,,,,,,,,,,,,,,,,,,,,,,,,,,,,,,,,,,,,,,,,,,,,,,,,,,,,,,,,,,,,,,,,,,,,,,,,,,,,,,,,,,,,,,,,,,,,,,,,,,,,,,,,,,,,,,,,,,,,,,,,,,,,,,,,,,,,,,,,,,,,,,,,,,,,,,,,,,,,,,,,,,,,,,,,,,,,,,,,,,,,,,,,,,,,,,,,,,,,,,,,,,,,,,,,,,,,,,,,,,,,,,,,,,,,,,,,,,,,,,,,,,,,,,,,,0.252,-0.19,-0.201,-0.137,-0.072,-0.063,-0.214,-0.196,0.105,0.084,0.166,0.184,-0.191,-0.144,-0.083,0.218,-0.137,-0.196,0.042,-0.225,0.035,-0.2,-0.201,-0.214,0.184,0.218,0.166,-0.083,0.101,0.101,-0.19,-0.063,0.129,-0.074,-0.076,-0.063,0.252,-0.072,0.084,-0.144,0.105,-0.191,-0.04,0.52,-0.04,0.52,0.01,0.007,0,-0.001,0,0.002,0,-0.001,-0.001,0,0,0.052,-0.072,-0.006,0,-0.061,0.052,-0.011,-0.006,-0.042,-0.061,0,0.043,0.091,0.073,-0.006,-0.045,0,0,-0.006,-0.007,0,0,0.005,-0.042,0.008,-0.016,0.009,-0.016,0,0,-0.012,-0.038,-0.013,-0.038,-0.011,-0.037,0,0,0.057,-0.008,0,0,0,0,0,0,0.139,0.035,-0.005,-0.099,0.009,0.013,0.085,0.013,0.039,0.013,-0.045,0.012,0.021,-0.059,0.013,-0.025,0.013,-0.036,,,,,,0.017,0.038,0.217,0.017,0.017,0.01,0,0,0,0,0,0,0,0,,,,,,,,,-0.092,0.051,-0.092,0.051,0,0,0,0,0,0,0,0,,,,,,,,,,,,,,,,,,,,,,,,,,,,,,,,,,,,,,,,,,,,,,,,,,,,,,,,,,,,,,,,,,,,,,,,,,,,,,,,,,,,,,0
223,0.154,0.116,-0.052,-0.034,0.031,0.116,-0.03,-0.112,-0.026,0.002,-0.27,-0.27,0.083,0.126,-0.013,0.352,0.008,-0.067,0.005,0,0.01,0.155,0.083,,,,,,,,,,-0.024,0.004,,,0.164,-0.246,-0.119,,,,0.343,0,0.001,,,,,,,,,,,,,,,,,,,,,,,,,0.032,0.086,0.006,-0.077,-0.312,-0.242,-0.101,-0.229,0.127,-0.004,-0.333,0.101,,,,,,,,,,,,,,,,,,,,,,,,,,,,,,,,,,,,,,,,,,,,,,,,,,,,,,,,,,,,,,,,,,,,,,,,,,,,,,,,,,,,,,,,,,,,,,,,,,,,,,,,,,,,,,,,,,,,,,,,,,,,,,,,,,,,,,,,,,,,,,,,,,,,,,,,,,,,,,,,,,,,,,,,,,,,,,,,,,,,,,,,,,,,,,,,,,,,,,,,,,,,,,,,,,,,,,,,,,,,,,,,,,,,,,,,,,,,,,,,,,,,,,,,,,,,,,,,,,,,,,,,,,,,,,,,,,,,,,,,,,,,,,,,,,,,,,,,,,,,,,,,,,,,,,,,,,,,,,,,,,,,,,,,,,,,,,,,,,,,,,,,,,,,,,,,,,,,,,,,,,,,,,,,,,,,,,,,,,,,,,,,,,,,,,,,,,,,,,,,,,,,,,,,,,,,,,,,,,,,,,,,,,,,,,,,,,,,,,,,,,,,,,,,,,,,,,,,,,,,,,,,,,,,,,,,,,,,,,,,,,,,,,,,,,,,,,,,,,,,,,,,,,,,,,,,,,,,,,,,,,,,,,,,,,,,,,,,,,,,,,,,,,,,,,,,,,,,,,,,,,,,,,,,,,,,,,,,,,,,,,,,,,,,,,,,,,,,,,,,,,,,,,,,,,,,,,,,,,,,,,,,,,,,,,,,,,,,,,,,,,,0.049,-0.03,-0.039,0.121,-0.024,-0.018,-0.044,0.025,-0.038,-0.005,0.094,0.115,0.101,-0.043,-0.05,-0.115,0.121,0.025,-0.192,-0.015,0.258,-0.005,-0.039,-0.044,0.115,-0.115,0.094,-0.05,0.063,0.063,-0.03,-0.018,-0.119,-0.025,-0.022,-0.018,0.049,-0.024,-0.005,-0.043,-0.038,0.101,0.017,-0.48,0.017,-0.48,-0.023,-0.017,-0.039,-0.001,0,0,0,-0.002,-0.002,-0.001,0,0.106,-0.072,0.001,-0.001,0.039,0.106,0.017,0.001,-0.074,0.039,-0.001,0.097,0.136,-0.048,0.001,0.055,0,0,-0.016,-0.002,0,0,0.004,-0.007,-0.003,-0.01,-0.003,-0.01,0,0,-0.014,-0.055,-0.015,-0.055,0.016,-0.069,0,0,-0.191,-0.004,0,0,0,0,0,0,0.082,-0.042,0.111,0.136,0.013,0.005,0.059,0.013,0.027,0.013,-0.002,0.016,0.044,-0.046,0.013,-0.019,0.013,-0.024,,,,,,-0.119,-0.096,0.165,-0.119,-0.119,0.157,0,0,0,0,0,0,0,0,0,0.001,0.03,0.003,0,0,0,0,,,,,,,,,0,0,0,0,,,,,,,,,,,,,,,,,,,,,,,,,,,,,,,,,,,,,,,,,,,,,,,,,,,,,,,,,,,,,,,,,,,,,,,,,,,,,,,,,,,,,,0
226,-0.003,-0.034,-0.215,-0.161,0.118,0.025,-0.007,-0.032,0.01,-0.072,-0.292,-0.292,-0.033,0.058,,,,,,,,,,0.009,-0.189,-0.051,0.224,0.006,0,0.019,-0.233,-0.005,-0.033,-0.039,,,,,,0.336,-0.472,0.053,-0.157,0,0.001,,,,,,,,,,,,,,,,,,,,,,,,,0.09,-0.058,0.015,-0.002,0.088,0.085,0.08,-0.025,0.176,0.06,0.053,-0.002,,,,,,,,,,,,,,,,,,,,,,,,,,,,,,,,,,,,,,,,,,,,,,,,,,,,,,,,,,,,,,,,,,,,,,,,,,,,,,,,,,,,,,,,,,,,,,,,,,,,,,,,,,,,,,,,,,,,,,,,,,,,,,,,,,,,,,,,,,,,,,,,,,,,,,,,,,,,,,,,,,,,,,,,,,,,,,,,,,,,,,,,,,,,,,,,,,,,,,,,,,,,,,,,,,,,,,,,,,,,,,,,,,,,,,,,,,,,,,,,,,,,,,,,,,,,,,,,,,,,,,,,,,,,,,,,,,,,,,,,,,,,,,,,,,,,,,,,,,,,,,,,,,,,,,,,,,,,,,,,,,,,,,,,,,,,,,,,,,,,,,,,,,,,,,,,,,,,,,,,,,,,,,,,,,,,,,,,,,,,,,,,,,,,,,,,,,,,,,,,,,,,,,,,,,,,,,,,,,,,,,,,,,,,,,,,,,,,,,,,,,,,,,,,,,,,,,,,,,,,,,,,,,,,,,,,,,,,,,,,,,,,,,,,,,,,,,,,,,,,,,,,,,,,,,,,,,,,,,,,,,,,,,,,,,,,,,,,,,,,,,,,,,,,,,,,,,,,,,,,,,,,,,,,,,,,,,,,,,,,,,,,,,,,,,,,,,,,,,,,,,,,,,,,,,,,,,,,,,,,,,,,,,,,,,,,,,,,,,,,,,,0.296,-0.047,-0.007,0.148,-0.139,-0.125,-0.107,-0.066,0.088,0.092,-0.072,-0.025,-0.073,-0.2,0.183,-0.115,0.148,-0.066,-0.176,-0.104,0.276,-0.07,-0.007,-0.107,-0.025,-0.115,-0.072,0.183,-0.752,-0.752,-0.047,-0.125,0.141,-0.141,-0.027,-0.125,0.296,-0.139,0.092,-0.2,0.088,-0.073,-0.24,0.52,-0.24,0.52,-0.023,-0.02,-0.078,-0.001,0,0,0,0.007,0.007,0.006,-0.003,-0.002,0.164,0.002,0.006,-0.021,-0.002,-0.019,0.002,-0.074,-0.021,,,,,,,,,,,,,,,,,,,,,,,,,,,,,,,,,0,0,0,0,-0.066,-0.17,0.078,0.222,0.013,-0.001,-0.098,0.013,-0.043,0.013,0.038,0.008,-0.075,-0.018,0.013,-0.007,0.013,0.105,0,0,0.028,0,,-0.119,-0.106,0.065,-0.119,-0.119,-0.071,0,0,0,0,0,0,0,0,0,-0.049,0.03,-0.123,0,0,0,0,,,,,,,,,0,0,0,0,,,,,,,,,,,,,,,,,,,,,,,,,,,,,,,,,,,,,,,,,,,,,,,,,,,,,,,,,,,,,,,,,,,,,,,,,,,,,,,,,,,,,,0
229,,,,,,,,,,,,,,,,,,,,,,,,,,,,,,,,,,,,,,,,,,,,,,,,,,,,,,,,,,,,,,,,,,,,,,,,,,,,,,,,,,0.059,0.047,0.074,0.175,-0.109,-0.154,-0.002,0.022,-0.128,-0.064,-0.037,-0.037,0.019,-0.245,,,,,,,,,,0.012,-0.194,0.048,-0.346,-0.006,0,0.013,-0.215,0.005,,,0.154,0.069,,,,-0.044,0.021,0.172,0.803,0,0,,,,,,,,,,,,,,,0.032,-0.085,0.067,0.057,0.03,0.032,0.071,0.036,0.16,-0.01,0.004,0.05,0.012,0.003,,,,,,,,,,,,,,,,,,,,,,,,,,,,,,,,,,,,,,,,,,,,,,,,,,,,,,,,,,,,,,,,,,,,,,,,,,,,,,,,,,,,,,,,,,,,,,,,,,,,,,,,,,,,,,,,,,,,,,,,,,,,,,,,,,,,,,,,,,,,,,,,,,,,,,,,,,,,,,,,,,,,,,,,,,,,,,,,,,,,,,,,,,,,,,,,,,,,,,,,,,,,,,,,,,,,,,,,,,,,,,,,,,,,,,,,,,,,,,,,,,,,,,,,,,,,,,,,,,,,,,,,,,,,,,,,,,,,,,,,,,,,,,,,,,,,,,,,,,,,,,,,,,,,,,,,,,,,,,,,,,,,,,,,,,,,,,,,,,,,,,,,,,,,,,,,,,,,,,,,,,,,,,,,,,,,,,,,,,,,,,,,,,,,,,,,,,,,,,,,,,,,,,,,,,,,,,,,,,,,,,,,,,,,,,,,,,,,,,,,,,,,,,,,,,,,,,,,,,,,,,,,,,,,,,,,,,,,,,,,,,,,,,,,,,,,,,,,,,,,,,,,,,,,,,,,,,,,,,,,,,,,,,,,,,,,,,,,,,,,,,,,,,,,,,,,,,,,,,,,,,,,,,,,,,-0.084,-0.03,-0.127,-0.174,0.139,0.12,-0.031,-0.066,-0.116,-0.106,0.122,0.103,0.125,0.181,-0.083,-0.115,-0.174,-0.066,0.085,-0.04,-0.244,-0.057,-0.127,-0.031,0.103,-0.115,0.122,-0.083,0.082,0.082,-0.03,0.12,0.033,0.141,-0.022,0.12,-0.084,0.139,-0.106,0.181,-0.116,0.125,0.017,-0.48,0.017,-0.48,-0.033,-0.024,-0.063,0,0,0,0,0.012,0.012,0,-0.003,0.16,0.033,0.002,0,-0.061,0.16,-0.011,0.002,0.068,-0.061,0,0.151,0.077,-0.018,0.002,-0.045,0,0,0.004,0.097,0,0,0.005,0.115,-0.002,0.087,-0.002,0.087,0,0,0.013,0.05,0.012,0.05,-0.011,0.073,0,0,-0.004,-0.003,0,0,0,0,0,0,0.078,-0.049,0.02,-0.029,0.01,-0.032,0.099,0.013,0.045,0.013,-0.015,0.017,0.089,-0.029,0.013,-0.011,0.013,-0.03,,,,,,-0.029,-0.019,0.052,-0.029,-0.029,-0.014,0,0,0,0,0,0,0,0,0,0.002,0.03,0.004,0,0,0,0,,,,,,,,,0,0,0,0,,,,,,,,,,,,,,,,,,,,,,,,,,,,,,,,,,,,,,,,,,,,,,,,,,,,,,,,,,,,,,,,,,,,,,,,,,,,,,,,,,,,,,0
232,,,,,,,,,,,,,,,,,,,,,,,,,,,,,,,,,,,,,,,,,,,,,,,,,,,,,,,,,,,,,,,,,,,,,,,,,,,,,,,,,,,,,,,,,,,,,,,,,,,,,,,,,,,,,,,,,,,,,,,,,,,,,,,,,,,,,,,,,,,,,,,,,,,,,,,,,,,,,,,,,,,,,,,,,,,,,,,,,,,,,,,,,,,,,,,,,,,,,,,,,,,,,,,,,,,,,,,,,,,,,,,,,,,,,,,,,,,,,,,,,,,,,,,,,,,,,,,,,,,,,,,,,,,,,,,,,,,,,,,,,,,,,,,,,,,,,,,,,,,,,,,,,,,,,,,,,,,,,,,,,,,,,-0.026,0.087,0.026,-0.037,-0.062,0.008,-0.011,0.021,-0.076,0.071,0.083,0.09,-0.052,-0.063,0.016,0.001,-0.001,-0.008,0.108,0.005,0.004,-0.052,0.081,-0.001,0.003,-0.168,0.004,-0.059,-0.017,,,,,,,,,,,,,,,,,,,,,,,,,0.086,0,0.012,-0.014,-0.307,-0.088,-0.194,0.05,0.024,-0.014,0.101,-0.076,-0.052,0.021,0,0.323,0.327,-0.193,-0.016,-0.202,,,,,,,,,,,,,,,,,,,,,,,,,,,,,,,,,,,,,,,,,,,,,,,,,,,,,,,,,,,,,,,,,,,,,,,,,,,,,,,,,,,,,,,,,,,,,,,,,,,,,,,,,,,,,,,,,,,,,,,,,,,,,,,,,,,,,,,,,,,,,,,,,,,,,,,,,,,,,,,,,,,,,,,,,,,,,,,,,,,,,,,,,,,,,,,,,,,,,,,,,,,,,,,,,,,,,,,,,,,,,,,,,,,,,,,,,,,,,,,,,,,,,,,,,,,,,,,,,,,,,,,,,,,,,,,,,,,,,,,,,,,,,-0.072,0.066,-0.106,0.143,-0.031,0.033,-0.224,0.289,-0.035,0.08,-0.031,0.139,0.113,-0.034,,,,,,,,,,,,,,,,,,,,,,,,,,,,,-0.28,0.242,0.183,0.023,0.061,0.082,0.05,0.019,0.157,0.185,-0.061,-0.034,-0.202,-0.032,-0.05,-0.115,0.023,0.019,0.268,0.042,-0.127,0.028,0.183,0.05,-0.034,-0.115,-0.061,-0.05,0.057,0.057,0.242,0.082,-0.023,0.061,0.072,0.083,-0.28,0.061,0.185,-0.032,0.157,-0.202,-0.04,0.52,-0.04,0.52,-0.004,-0.005,-0.012,0,0,0,0,0.026,0.026,0.004,0.003,0.052,-0.02,0.001,0.004,-0.061,0.052,-0.013,0.001,-0.116,-0.061,0.004,0.043,-0.037,-0.199,0.002,-0.045,0,0,-0.094,-0.153,0,0,-0.006,-0.066,-0.002,-0.081,-0.003,-0.081,0,0,0.012,-0.134,0.011,-0.134,-0.013,-0.11,0,0,-0.251,-0.004,0,0,0,0,0,0,0.174,0.002,0.054,-0.027,0.014,-0.004,-0.118,0.013,-0.051,0.013,-0.009,0.014,0.052,0.132,0.013,0.057,0.013,-0.007,,,,,,-0.029,-0.031,0.183,-0.029,-0.029,0.035,0,0,0,0,0,0,0,0,,,,,,,,,0.008,0.007,0.008,0.007,0,0,0,0,0,0,0,0,,,,,,,,,,,,,,,,,,,,,,,,,,,,,,,,,,,,,,,,,,,,,,,,,,,,,,,,,,,,,,,,,,,,,,,,,,,,,,,,,,,,,,0
235,,,,,,,,,,,,,,,,,,,,,,,,,,,,,,,,,,,,,,,,,,,,,,,,,,,,,,,,,,,,,,,,,,,,,,,,,,,,,,,,,,0.096,0.09,-0.072,-0.136,0.113,0.154,-0.018,-0.103,0.03,0.011,0.312,0.312,0.046,-0.087,0.133,-0.25,0.066,-0.276,0.005,0,0.154,-0.127,-0.004,,,,,,,,,,,,0.161,-0.007,-0.01,0.342,-0.038,,,,-0.197,0,0,,,,,,,,,,,,,,,0.083,-0.002,0.021,-0.027,0.011,0.015,0.045,-0.02,-0.301,0.027,-0.164,0.027,0.012,0.002,,,,,,,,,,,,,,,,,,,,,,,,,,,,,,,,,,,,,,,,,,,,,,,,,,,,,,,,,,,,,,,,,,,,,,,,,,,,,,,,,,,,,,,,,,,,,,,,,,,,,,,,,,,,,,,,,,,,,,,,,,,,,,,,,,,,,,,,,,,,,,,,,,,,,,,,,,,,,,,,,,,,,,,,,,,,,,,,,,,,,,,,,,,,,,,,,,,,,,,,,,,,,,,,,,,,,,,,,,,,,,,,,,,,,,,,,,,,,,,,,,,,,,,,,,,,,,,,,,,,,,,,,,,,,,,,,,,,,,,,,,,,,,,,,,,,,,,,,,,,,,,,,,,,,,,,,,,,,,,,,,,,,,,,,,,,,,,,,,,,,,,,,,,,,,,,,,,,,,,,,,,,,,,,,,,,,,,,,,,,,,,,,,,,,,,,,,,,,,,,,,,,,,,,,,,,,,,,,,,,,,,,,,,,,,,,,,,,,,,,,,,,,,,,,,,,,,,,,,,,,,,,,,,,,,,,,,,,,,,,,,,,,,,,,,,,,,,,,,,,,,,,,,,,,,,,,,,,,,,,,,,,,,,,,,,,,,,,,,,,,,,,,,,,,,,,,,,,,,,,,,,,,,,,,,0.182,-0.03,0.093,0.366,-0.047,-0.05,-0.075,-0.04,-0.116,-0.081,0.004,0.047,0.137,0.013,-0.017,-0.115,0.366,-0.04,-0.045,-0.079,0.335,-0.037,0.093,-0.075,0.047,-0.115,0.004,-0.017,0.082,0.082,-0.03,-0.05,0.109,-0.048,-0.022,-0.05,0.182,-0.047,-0.081,0.013,-0.116,0.137,0.017,-0.48,0.017,-0.48,-0.023,-0.02,-0.075,0,0,0,0,-0.01,-0.01,-0.003,-0.001,0.052,-0.072,-0.004,-0.003,-0.041,0.052,0,-0.004,-0.038,-0.041,-0.003,0.043,0.029,-0.018,-0.003,-0.025,0,0,-0.002,-0.085,0,0,0.009,-0.058,0.002,-0.075,0.002,-0.075,0,0,-0.003,-0.038,-0.004,-0.038,0,-0.032,0,0,0.201,-0.001,0,0,0,0,0,0,-0.017,-0.049,0.087,0.185,0.012,-0.024,-0.006,0.013,-0.001,0.013,0.018,0.014,0.013,-0.057,0.013,-0.025,0.013,-0.036,,,,,,-0.119,-0.116,-0.246,-0.119,-0.119,0.026,0,0,0,0,0,0,0,0,,,,,,,,,0.108,-0.072,0.108,-0.072,0,0,0,0,0,0,0,0,,,,,,,,,,,,,,,,,,,,,,,,,,,,,,,,,,,,,,,,,,,,,,,,,,,,,,,,,,,,,,,,,,,,,,,,,,,,,,,,,,,,,,0
237,-0.108,-0.116,-0.179,-0.179,-0.013,0.161,0.015,0.048,0.097,-0.04,-0.086,-0.086,0.18,-0.113,-0.013,-0.099,-0.092,0.446,0.002,0,0.01,-0.217,-0.002,,,,,,,,,,0.063,0.004,,,,,,-0.164,0.303,-0.018,-0.157,0,0.001,,,,,,,,,,,,,-0.017,0.011,0.004,-0.005,0.018,0.013,-0.011,-0.026,-0.012,-0.001,0,0.002,,,,,,,,,,,,,,,,,,,,,,,,,,,,,,,,,,,,,,,,,,,,,,,,,,,,,,,,,,,,,,,,,,,,,,,,,,,,,,,,,,,,,,,,,,,,,,,,,,,,,,,,,,,,,,,,,,,,,,,,,,,,,,,,,,,,,,,,,,,,,,,,,,,,,,,,,,,,,,,,,,,,,,,,,,,,,,,,,,,,,,,,,,,,,,,,,,,,,,,,,,,,,,,,,,,,,,,,,,,,,,,,,,,,,,,,,,,,,,,,,,,,,,,,,,,,,,,,,,,,,,,,,,,,,,,,,,,,,,,,,,,,,,,,,,,,,,,,,,,,,,,,,,,,,,,,,,,,,,,,,,,,,,,,,,,,,,,,,,,,,,,,,,,,,,,,,,,,,,,,,,,,,,,,,,,,,,,,,,,,,,,,,,,,,,,,,,,,,,,,,,,,,,,,,,,,,,,,,,,,,,,,,,,,,,,,,,,,,,,,,,,,,,,,,,,,,,,,,,,,,,,,,,,,,,,,,,,,,,,,,,,,,,,,,,,,,,,,,,,,,,,,,,,,,,,,,,,,,,,,,,,,,,,,,,,,,,,,,,,,,,,,,,,,,,,,,,,,,,,,,,,,,,,,,,,,,,,,,,,,,,,,,,,,,,,,,,,,,,,,,,,,,,,,,,,,,,,,,,,,,,,,,,,,,,,,,,,,,,,,,,,,,,,,,,,,,,,0.182,0.077,0.184,-0.097,0.004,-0.007,0.082,0.032,-0.116,-0.132,-0.026,-0.076,0.066,0.181,-0.05,0.218,-0.097,0.032,0.269,0.074,-0.198,0.041,0.184,0.082,-0.076,0.218,-0.026,-0.05,0.063,0.063,0.077,-0.007,0.109,0.004,0.015,-0.007,0.182,0.004,-0.132,0.181,-0.116,0.066,0.017,-0.48,0.017,-0.48,-0.019,-0.013,-0.027,0,0,0,0,-0.015,-0.015,0,-0.002,0.025,-0.23,0.002,0,-0.021,0.025,-0.011,0.002,0.004,-0.021,0,0.016,0.119,-0.018,0.002,-0.005,0,0,0.004,0.042,0,0,0.005,-0.01,-0.002,-0.007,-0.002,-0.007,0,0,-0.012,0.05,-0.013,0.05,-0.011,0.009,0,0,0.119,-0.001,0,0,0,0,0,0,0.143,0.118,-0.019,-0.083,0.014,0.033,0.065,0.013,0.031,0.013,-0.009,0.015,0.027,0.025,0.013,0.011,0.013,-0.024,,,,,,-0.029,-0.015,0.111,-0.029,-0.029,0.01,0,0,0,0,0,0,0,0,0,-0.058,0.03,-0.148,0,0,0,0,,,,,,,,,0,0,0,0,,,,,,,,,,,,,,,,,,,,,,,,,,,,,,,,,,,,,,,,,,,,,,,,,,,,,,,,,,,,,,,,,,,,,,,,,,,,,,,,,,,,,,0
240,,,,,,,,,,,,,,,,,,,,,,,,,,,,,,,,,,,,,,,,,,,,,,,,,,,,,,,,,,,,,,,,,,,,,,,,,,,,,,,,,,0.023,0.011,-0.05,-0.153,0.002,-0.077,-0.006,-0.041,-0.158,-0.134,-0.066,-0.066,0.04,-0.251,,,,,,,,,,0.012,-0.141,-0.052,0.452,0.008,0,0.013,-0.031,-0.323,0.199,0.004,,,,,,-0.044,0.099,0.202,0.803,0,0,,,,,,,,,,,,,,,0.048,-0.023,-0.016,-0.082,0.03,0.032,0.054,0.036,0.01,0.01,0.085,0.035,0.012,-0.001,,,,,,,,,,,,,,,,,,,,,,,,,,,,,,,,,,,,,,,,,,,,,,,,,,,,,,,,,,,,,,,,,,,,,,,,,,,,,,,,,,,,,,,,,,,,,,,,,,,,,,,,,,,,,,,,,,,,,,,,,,,,,,,,,,,,,,,,,,,,,,,,,,,,,,,,,,,,,,,,,,,,,,,,,,,,,,,,,,,,,,,,,,,,,,,,,,,,,,,,,,,,,,,,,,,,,,,,,,,,,,,,,,,,,,,,,,,,,,,,,,,,,,,,,,,,,,,,,,,,,,,,,,,,,,,,,,,,,,,,,,,,,,,,,,,,,,,,,,,,,,,,,,,,,,,,,,,,,,,,,,,,,,,,,,,,,,,,,,,,,,,,,,,,,,,,,,,,,,,,,,,,,,,,,,,,,,,,,,,,,,,,,,,,,,,,,,,,,,,,,,,,,,,,,,,,,,,,,,,,,,,,,,,,,,,,,,,,,,,,,,,,,,,,,,,,,,,,,,,,,,,,,,,,,,,,,,,,,,,,,,,,,,,,,,,,,,,,,,,,,,,,,,,,,,,,,,,,,,,,,,,,,,,,,,,,,,,,,,,,,,,,,,,,,,,,,,,,,,,,,,,,,,,,,,0.093,-0.103,0.181,-0.108,-0.116,-0.085,0.095,0.051,-0.237,-0.199,-0.039,0.008,-0.061,-0.088,0.183,0.218,-0.108,0.051,0.267,0.087,-0.204,0.06,0.181,0.095,0.008,0.218,-0.039,0.183,-0.029,-0.029,-0.103,-0.085,-0.599,-0.115,-0.047,-0.084,0.093,-0.116,-0.199,-0.088,-0.237,-0.061,-0.183,0.52,-0.183,0.52,0.029,0.011,0.035,0,0,0,0,0.005,0.005,0,-0.001,0.133,-0.125,0,0,-0.061,0.133,0.032,0,-0.079,-0.061,,,,,,,,,,,,,,,,,,,,,,,,,,,,,,,,,0,0,0,0,-0.147,-0.166,0.061,-0.021,0.009,-0.021,0.065,0.013,0.031,0.013,0.005,0.016,0.027,-0.011,0.013,-0.007,0.013,-0.001,,,,,,0.108,0.105,-0.16,0.108,0.108,-0.144,0,0,0,0,0,0,0,0,,,,,,,,,0.108,-0.173,0.108,-0.173,0,0,0,0,0,0,0,0,,,,,,,,,,,,,,,,,,,,,,,,,,,,,,,,,,,,,,,,,,,,,,,,,,,,,,,,,,,,,,,,,,,,,,,,,,,,,,,,,,,,,,0
242,0.075,0.078,0.33,0.312,-0.056,-0.021,0.008,0.048,0.071,0.093,0.119,0.119,-0.022,-0.068,-0.013,-0.019,0.008,-0.268,-0.002,0,0.01,-0.101,0.055,,,,,,,,,,,,-0.019,0.191,0.164,-0.277,-0.118,,,,0.343,0,0.001,-0.09,0.015,-0.025,0.049,-0.001,-0.03,-0.04,-0.009,-0.168,-0.017,0,-0.001,,,,,,,,,,,,,,,,,,,,,,,,,,,,,,,,,,,,,,,,,,,,,,,,,,,,,,,,,,,,,,,,,,,,,,,,,,,,,,,,,,,,,,,,,,,,,,,,,,,,,,,,,,,,,,,,,,,,,,,,,,,,,,,,,,,,,,,,,,,,,,,,,,,,,,,,,,,,,,,,,,,,,,,,,,,,,,,,,,,,,,,,,,,,,,,,,,,,,,,,,,,,,,,,,,,,,,,,,,,,,,,,,,,,,,,,,,,,,,,,,,,,,,,,,,,,,,,,,,,,,,,,,,,,,,,,,,,,,,,,,,,,,,,,,,,,,,,,,,,,,,,,,,,,,,,,,,,,,,,,,,,,,,,,,,,,,,,,,,,,,,,,,,,,,,,,,,,,,,,,,,,,,,,,,,,,,,,,,,,,,,,,,,,,,,,,,,,,,,,,,,,,,,,,,,,,,,,,,,,,,,,,,,,,,,,,,,,,,,,,,,,,,,,,,,,,,,,,,,,,,,,,,,,,,,,,,,,,,,,,,,,,,,,,,,,,,,,,,,,,,,,,,,,,,,,,,,,,,,,,,,,,,,,,,,,,,,,,,,,,,,,,,,,,,,,,,,,,,,,,,,,,,,,,,,,,,,,,,,,,,,,,,,,,,,,,,,,,,,,,,,,,,,,,,,,,,,,,,,,,,,,,,,,,,,,,,,,,,,,,,,,,,,,,,,,,,,,,,,,,,,,,,,,0.049,-0.03,-0.039,-0.097,0.065,0.047,-0.044,-0.007,-0.116,-0.106,-0.026,0,0.231,0.181,-0.017,-0.115,-0.097,-0.007,-0.324,-0.047,0.258,-0.005,-0.039,-0.044,0,-0.115,-0.026,-0.017,0.063,0.063,-0.03,0.047,0.071,0.066,-0.022,0.047,0.049,0.065,-0.106,0.181,-0.116,0.231,0.017,-0.48,0.017,-0.48,-0.047,-0.024,-0.059,0,0,0,0,-0.003,-0.003,0.004,0,0.052,-0.072,0.002,0.004,0.079,0.052,-0.011,0.002,-0.038,0.079,0.004,0.043,0.068,0.255,0.002,0.095,0,0,-0.025,0.045,0,0,0.005,0.1,-0.002,0.077,-0.002,0.077,0,0,-0.012,0.006,-0.013,0.006,-0.011,-0.032,0,0,-0.004,-0.004,0,0,0,0,0,0,-0.085,-0.093,0.078,0.277,0.009,-0.029,0.03,0.013,0.015,0.013,-0.002,0.015,0.08,0.008,0.013,0.001,0.013,-0.024,,,,,,-0.074,-0.086,-0.126,-0.074,-0.074,0.108,0,0,0,0,0,0,0,0,0,-0.016,0.141,-0.041,0,0,0,0,,,,,,,,,0,0,0,0,,,,,,,,,,,,,,,,,,,,,,,,,,,,,,,,,,,,,,,,,,,,,,,,,,,,,,,,,,,,,,,,,,,,,,,,,,,,,,,,,,,,,,0
244,,,,,,,,,,,,,,,,,,,,,,,,,,,,,,,,,,,,,,,,,,,,,,,,,,,,,,,,,,,,,,,,,,,,,,,,,,,,,,,,,,,,,,,,,,,,,,,,,,,,,,,,,,,,,,,,,,,,,,,,,,,,,,,,,,,,,,,,,,,,,,,,,,,,,,,,,,,,,,,,,,,,,,,,,,,,,,,,,,,,,,,,,,,,,,,,,,,,,,,,,,,,,,,,,,,,,,,,,,,,,,,,,,,,,,,,,,,,,,,,,,,,,,,,,,,,,,,,,,,,,,,,,,,,,,,,,,,,,,,,,,,,,,,,,,,,,,,,,,,,,,,,,,,,,,,,,,,,,,,,,,,,,0,0.083,0.126,-0.051,0.102,0.012,-0.009,-0.049,0.143,-0.147,-0.16,-0.141,0.134,0.034,0.027,0,0.001,-0.008,-0.007,0.006,0.006,0.018,0.195,0,0.004,-0.184,0.004,-0.042,-0.023,,,,,,,,,,,,,,,,,,,,,,,,,0.183,0,0.256,0.128,0.022,-0.066,0.055,-0.017,-0.154,0.001,0.162,0.143,0.134,-0.049,0,-0.004,-0.02,-0.097,-0.001,0.047,,,,,,,,,,,,,,,,,,,,,,,,,,,,,,,,,,,,,,,,,,,,,,,,,,,,,,,,,,,,,,,,,,,,,,,,,,,,,,,,,,,,,,,,,,,,,,,,,,,,,,,,,,,,,,,,,,,,,,,,,,,,,,,,,,,,,,,,,,,,,,,,,,,,,,,,,,,,,,,,,,,,,,,,,,,,,,,,,,,,,,,,,,,,,,,,,,,,,,,,,,,,,,,,,,,,,,,,,,,,,,,,,,,,,,,,,,,,,,,,,,,,,,,,,,,,,,,,,,,,,,,,,,,,,,,,,,,,,,,,,,,,,-0.075,0.078,0.223,-0.036,-0.031,0.055,-0.208,0.074,-0.035,0.035,0.175,0.017,-0.031,-0.034,,,,,,,,,,,,,,,,,,,,,,,,,,,,,-0.28,-0.19,-0.037,0.131,-0.059,-0.05,-0.038,0.019,0.157,0.16,0.077,0.023,-0.226,0.08,-0.083,-0.115,0.131,0.019,-0.186,-0.021,0.259,0.002,-0.037,-0.038,0.023,-0.115,0.077,-0.083,0.057,0.057,-0.19,-0.05,-0.023,-0.061,-0.076,-0.049,-0.28,-0.059,0.16,0.08,0.157,-0.226,-0.04,0.52,-0.04,0.52,-0.014,-0.009,-0.02,-0.001,0,0,0,-0.001,-0.001,0.004,0,-0.002,0.059,0.001,0.004,-0.081,-0.002,-0.013,0.001,-0.152,-0.081,0.004,-0.011,-0.165,-0.199,0.002,-0.065,0,0,-0.055,-0.049,0,0,0.004,-0.003,0.008,0.006,0.008,0.006,0,0,0.012,-0.165,0.011,-0.165,-0.013,-0.147,0,0,-0.251,-0.003,0,0,0,0,0,0,0.061,-0.139,-0.006,-0.07,0.017,0.098,-0.035,0.013,-0.017,0.013,-0.045,0.015,0.077,0.09,0.013,0.033,0.013,-0.062,,,,,,-0.029,-0.036,0.024,-0.029,-0.029,-0.185,0,0,0,0,0,0,0,0,0,0.015,-0.082,0.039,0,0,0,0,,,,,,,,,0,0,0,0,,,,,,,,,,,,,,,,,,,,,,,,,,,,,,,,,,,,,,,,,,,,,,,,,,,,,,,,,,,,,,,,,,,,,,,,,,,,,,,,,,,,,,0
245,,,,,,,,,,,,,,,,,,,,,,,,,,,,,,,,,,,,,,,,,,,,,,,,,,,,,,,,,,,,,,,,,,,,,,,,,,,,,,,,,,-0.008,-0.025,0.074,0.14,-0.053,-0.077,0.01,0.053,0.134,0.066,-0.083,-0.083,-0.003,0.007,0.033,-0.199,-0.034,0.461,-0.006,0,0.043,-0.131,0.072,,,,,,,,,,0.056,-0.028,,,,,,-0.044,-0.154,-0.011,0.803,0,0,-0.002,0.046,-0.002,-0.038,-0.007,-0.008,0.006,0.016,0.186,-0.014,0.021,0.008,-0.003,-0.001,,,,,,,,,,,,,,,,,,,,,,,,,,,,,,,,,,,,,,,,,,,,,,,,,,,,,,,,,,,,,,,,,,,,,,,,,,,,,,,,,,,,,,,,,,,,,,,,,,,,,,,,,,,,,,,,,,,,,,,,,,,,,,,,,,,,,,,,,,,,,,,,,,,,,,,,,,,,,,,,,,,,,,,,,,,,,,,,,,,,,,,,,,,,,,,,,,,,,,,,,,,,,,,,,,,,,,,,,,,,,,,,,,,,,,,,,,,,,,,,,,,,,,,,,,,,,,,,,,,,,,,,,,,,,,,,,,,,,,,,,,,,,,,,,,,,,,,,,,,,,,,,,,,,,,,,,,,,,,,,,,,,,,,,,,,,,,,,,,,,,,,,,,,,,,,,,,,,,,,,,,,,,,,,,,,,,,,,,,,,,,,,,,,,,,,,,,,,,,,,,,,,,,,,,,,,,,,,,,,,,,,,,,,,,,,,,,,,,,,,,,,,,,,,,,,,,,,,,,,,,,,,,,,,,,,,,,,,,,,,,,,,,,,,,,,,,,,,,,,,,,,,,,,,,,,,,,,,,,,,,,,,,,,,,,,,,,,,,,,,,,,,,,,,,,,,,,,,,,,,,,,,,,,,,,,,,,,,,,,,,,,,-0.084,0.077,-0.238,0.042,0.047,0.052,0.019,0.032,-0.064,-0.106,-0.056,-0.029,0.16,0.069,-0.05,-0.115,0.042,0.032,0.02,0.011,-0.115,0.041,-0.238,0.019,-0.029,-0.115,-0.056,-0.05,0.082,0.082,0.077,0.052,0.033,0.048,0.015,0.052,-0.084,0.047,-0.106,0.069,-0.064,0.16,0.017,-0.48,0.017,-0.48,-0.028,-0.024,-0.078,0,0,0,0,0.001,0.001,0,0,0.133,0.428,0.01,0,0.179,0.133,-0.011,0.01,-0.001,0.179,0,0.124,0,0.346,0.01,0.195,0,0,0.004,0.037,0,0,-0.005,0.009,0.009,0.046,0.009,0.046,0,0,0.013,0.019,0.012,0.019,-0.011,0.004,0,0,0.119,-0.005,0,0,0,0,0,0,0.08,0.142,-0.05,-0.079,0.014,-0.029,-0.088,0.013,-0.039,0.013,0.025,0.014,0.027,-0.009,0.013,-0.005,0.013,0.018,,,,,,0.062,0.044,-0.408,0.062,0.062,0.026,0,0,0,0,0,0,0,0,0,0.001,0.141,0.002,0,0,0,0,,,,,,,,,0,0,0,0,,,,,,,,,,,,,,,,,,,,,,,,,,,,,,,,,,,,,,,,,,,,,,,,,,,,,,,,,,,,,,,,,,,,,,,,,,,,,,,,,,,,,,0
246,-0.036,-0.078,-0.033,0.003,0.074,-0.066,0.008,0.088,-0.158,-0.094,0.03,0.03,-0.04,0.134,-0.013,0.131,0.008,-0.137,0.007,0,0.01,-0.088,-0.032,,,,,,,,,,,,0.041,0.057,,,,-0.164,0.207,0.005,-0.157,0,0.001,0.079,0.013,0.035,0.063,0.002,0.048,0.065,0.01,0.041,0.028,0,0.007,,,,,,,,,,,,,,,,,,,,,,,,,,,,,,,,,,,,,,,,,,,,,,,,,,,,,,,,,,,,,,,,,,,,,,,,,,,,,,,,,,,,,,,,,,,,,,,,,,,,,,,,,,,,,,,,,,,,,,,,,,,,,,,,,,,,,,,,,,,,,,,,,,,,,,,,,,,,,,,,,,,,,,,,,,,,,,,,,,,,,,,,,,,,,,,,,,,,,,,,,,,,,,,,,,,,,,,,,,,,,,,,,,,,,,,,,,,,,,,,,,,,,,,,,,,,,,,,,,,,,,,,,,,,,,,,,,,,,,,,,,,,,,,,,,,,,,,,,,,,,,,,,,,,,,,,,,,,,,,,,,,,,,,,,,,,,,,,,,,,,,,,,,,,,,,,,,,,,,,,,,,,,,,,,,,,,,,,,,,,,,,,,,,,,,,,,,,,,,,,,,,,,,,,,,,,,,,,,,,,,,,,,,,,,,,,,,,,,,,,,,,,,,,,,,,,,,,,,,,,,,,,,,,,,,,,,,,,,,,,,,,,,,,,,,,,,,,,,,,,,,,,,,,,,,,,,,,,,,,,,,,,,,,,,,,,,,,,,,,,,,,,,,,,,,,,,,,,,,,,,,,,,,,,,,,,,,,,,,,,,,,,,,,,,,,,,,,,,,,,,,,,,,,,,,,,,,,,,,,,,,,,,,,,,,,,,,,,,,,,,,,,,,,,,,,,,,,,,,,,,,,,,,,0.101,0.011,-0.216,-0.054,-0.065,-0.066,0.044,0.019,0.076,0.055,0.046,0.031,0.045,0.08,0.117,0.218,-0.054,0.019,0.033,0.036,-0.172,0.028,-0.216,0.044,0.031,0.218,0.046,0.117,0.037,0.037,0.011,-0.066,0.085,-0.066,-0.007,-0.066,0.101,-0.065,0.055,0.08,0.076,0.045,0.303,0.52,0.303,0.52,0.048,0.031,0.078,0,0,0,0,-0.003,-0.003,-0.004,-0.001,0.133,-0.257,0.008,-0.004,0.159,0.133,0.033,0.008,0.105,0.159,,,,,,,,,,,,,,,,,,,,,,,,,,,,,,,,,0,0,0,0,0.159,0.183,0.103,0.142,0.012,-0.012,0.073,0.013,0.035,0.013,0.051,0.018,0.089,0.046,0.013,0.021,0.013,-0.049,,,,,,0.062,0.036,-0.117,0.062,0.062,0.1,0,0,0,0,0,0,0,0,0,-0.014,0.03,-0.036,0,0,0,0,,,,,,,,,0,0,0,0,,,,,,,,,,,,,,,,,,,,,,,,,,,,,,,,,,,,,,,,,,,,,,,,,,,,,,,,,,,,,,,,,,,,,,,,,,,,,,,,,,,,,,0
247,0.016,0.033,0.294,0.33,0.031,0.116,0.022,0.088,0.234,0.061,0.242,0.242,0.111,0.325,-0.013,-0.043,-0.092,0.459,0.004,0,0.01,-0.174,-0.002,,,,,,,,,,,,-0.185,0.009,0.164,-0.195,0.13,,,,-0.657,0,0.001,0.138,-0.037,-0.011,0.039,-0.001,-0.025,-0.092,-0.008,0.088,-0.058,0,-0.001,,,,,,,,,,,,,,,,,,,,,,,,,,,,,,,,,,,,,,,,,,,,,,,,,,,,,,,,,,,,,,,,,,,,,,,,,,,,,,,,,,,,,,,,,,,,,,,,,,,,,,,,,,,,,,,,,,,,,,,,,,,,,,,,,,,,,,,,,,,,,,,,,,,,,,,,,,,,,,,,,,,,,,,,,,,,,,,,,,,,,,,,,,,,,,,,,,,,,,,,,,,,,,,,,,,,,,,,,,,,,,,,,,,,,,,,,,,,,,,,,,,,,,,,,,,,,,,,,,,,,,,,,,,,,,,,,,,,,,,,,,,,,,,,,,,,,,,,,,,,,,,,,,,,,,,,,,,,,,,,,,,,,,,,,,,,,,,,,,,,,,,,,,,,,,,,,,,,,,,,,,,,,,,,,,,,,,,,,,,,,,,,,,,,,,,,,,,,,,,,,,,,,,,,,,,,,,,,,,,,,,,,,,,,,,,,,,,,,,,,,,,,,,,,,,,,,,,,,,,,,,,,,,,,,,,,,,,,,,,,,,,,,,,,,,,,,,,,,,,,,,,,,,,,,,,,,,,,,,,,,,,,,,,,,,,,,,,,,,,,,,,,,,,,,,,,,,,,,,,,,,,,,,,,,,,,,,,,,,,,,,,,,,,,,,,,,,,,,,,,,,,,,,,,,,,,,,,,,,,,,,,,,-0.048,0.147,0.138,0.122,-0.031,0.135,0.252,0.016,-0.035,-0.049,0.109,0.01,-0.027,0.893,,,,,,,,,,,,,,,,,,,,,,,,,,,,,-0.216,-0.139,-0.039,-0.097,0.132,0.106,0.006,-0.053,-0.012,-0.005,-0.185,-0.172,0.089,0.181,-0.017,-0.115,-0.097,-0.053,0.137,-0.002,-0.198,-0.044,-0.039,0.006,-0.172,-0.115,-0.185,-0.017,0.063,0.063,-0.139,0.106,-0.005,0.133,-0.059,0.106,-0.216,0.132,-0.005,0.181,-0.012,0.089,0.017,-0.48,0.017,-0.48,-0.023,-0.013,-0.031,0,0,0,0,0.018,0.018,0.001,-0.002,-0.002,0.086,0.004,0.001,-0.081,-0.002,-0.002,0.004,0.036,-0.081,0.001,-0.011,-0.054,-0.139,0.004,-0.065,0,0,-0.022,-0.067,0,0,0.008,-0.03,0.001,-0.056,0.001,-0.056,0,0,-0.004,0.024,-0.005,0.023,-0.002,0.041,0,0,0.076,0.004,0,0,0,0,0,0,0.15,0.113,0.077,-0.024,0.007,-0.032,0.16,0.013,0.073,0.013,0.025,0.012,0.027,0.085,0.013,0.039,0.013,0.005,,,,,,0.062,0.049,0.183,0.062,0.062,-0.047,0,0,0,0,0,0,0,0,,,,,,,,,0.008,0.065,0.008,0.065,0,0,0,0,0,0,0,0,,,,,,,,,,,,,,,,,,,,,,,,,,,,,,,,,,,,,,,,,,,,,,,,,,,,,,,,,,,,,,,,,,,,,,,,,,,,,,,,,,,,,,0
248,-0.023,-0.071,-0.179,-0.161,0.031,-0.157,-0.007,0.008,-0.194,-0.131,-0.071,-0.071,-0.161,-0.025,-0.013,-0.152,-0.092,0.502,-0.001,0,-0.09,0.538,0.015,,,,,,,,,,-0.035,0.002,,,0.164,-0.223,0.096,,,,-0.157,0,0.001,0.042,-0.3,-0.017,0.334,0.002,0.022,0.012,0.005,0.095,0.002,0,-0.007,,,,,,,,,,,,,,,,,,,,,,,,,,,,,,,,,,,,,,,,,,,,,,,,,,,,,,,,,,,,,,,,,,,,,,,,,,,,,,,,,,,,,,,,,,,,,,,,,,,,,,,,,,,,,,,,,,,,,,,,,,,,,,,,,,,,,,,,,,,,,,,,,,,,,,,,,,,,,,,,,,,,,,,,,,,,,,,,,,,,,,,,,,,,,,,,,,,,,,,,,,,,,,,,,,,,,,,,,,,,,,,,,,,,,,,,,,,,,,,,,,,,,,,,,,,,,,,,,,,,,,,,,,,,,,,,,,,,,,,,,,,,,,,,,,,,,,,,,,,,,,,,,,,,,,,,,,,,,,,,,,,,,,,,,,,,,,,,,,,,,,,,,,,,,,,,,,,,,,,,,,,,,,,,,,,,,,,,,,,,,,,,,,,,,,,,,,,,,,,,,,,,,,,,,,,,,,,,,,,,,,,,,,,,,,,,,,,,,,,,,,,,,,,,,,,,,,,,,,,,,,,,,,,,,,,,,,,,,,,,,,,,,,,,,,,,,,,,,,,,,,,,,,,,,,,,,,,,,,,,,,,,,,,,,,,,,,,,,,,,,,,,,,,,,,,,,,,,,,,,,,,,,,,,,,,,,,,,,,,,,,,,,,,,,,,,,,,,,,,,,,,,,,,,,,,,,,,,,,,,,,,,,,,,,,,,,,,,,,,,,,,,,,,,,,,,,,,,,,,,,,,,,,,0.233,0.227,-0.104,0.056,0.038,0.026,0.069,0.09,-0.184,-0.173,-0.154,-0.085,0.045,0.024,0.017,-0.115,0.056,0.09,0.099,0.061,-0.107,0.099,-0.104,0.069,-0.085,-0.115,-0.154,0.017,0.037,0.037,0.227,0.026,0.123,0.038,0.067,0.026,0.233,0.038,-0.173,0.024,-0.184,0.045,0.303,0.52,0.303,0.52,0.062,0.046,0.141,0,0,0,0,-0.002,-0.002,-0.003,0.002,-0.029,0.033,-0.003,-0.003,0.199,-0.029,0.031,-0.003,0.279,0.199,,,,,,,,,,,,,,,,,,,,,,,,,,,,,,,,,0,0,0,0,0.168,0.274,-0.074,-0.119,0.012,0.008,-0.012,0.013,-0.005,0.013,0.051,0.01,-0.064,0.026,0.013,0.009,0.013,0.144,,,,,,-0.165,-0.165,-0.258,-0.165,-0.165,-0.014,0,0,0,0,0,0,0,0,0,0.019,-0.082,0.049,0,0,0,0,,,,,,,,,0,0,0,0,,,,,,,,,,,,,,,,,,,,,,,,,,,,,,,,,,,,,,,,,,,,,,,,,,,,,,,,,,,,,,,,,,,,,,,,,,,,,,,,,,,,,,0
249,,,,,,,,,,,,,,,,,,,,,,,,,,,,,,,,,,,,,,,,,,,,,,,,,,,,,,,,,,,,,,,,,,,,,,,,,,,,,,,,,,,,,,,,,,,,,,,,,,,,,,,,,,,,,,,,,,,,,,,,,,,,,,,,,,,,,,,,,,,,,,,,,,,,,,,,,,,,,,,,,,,,,,,,,,,,,,,,,,,,,,,,,,,,,,,,,,,,,,,,,,,,,,,,,,,,,,,,,,,,,,,,,,,,,,,,,,,,,,,,,,,,,,,,,,,,-0.052,0.135,0.026,-0.017,0.058,0.095,-0.078,0,-0.023,0.001,0.023,0.034,-0.043,0.051,,,,,,,,,,,,,,,,0.075,-0.001,0.005,0.034,0.097,-0.001,0,-0.107,0.464,0.003,0.002,0.208,-0.001,0.054,0.089,,,,,,,,,,0.464,-0.014,0.017,-0.025,0.003,0.001,-0.002,-0.048,0.069,0.044,0.095,-0.029,-0.043,-0.008,0,0.25,0.232,-0.203,0.043,-0.069,,,,,,,,,,,,,,,,,,,,,,,,,,,,,,,,,,,,,,,,,,,,,,,,,,,,,,,,,,,,,,,,,,,,,,,,,,,,,,,,,,,,,,,,,,,,,,,,,,,,,,,,,,,,,,,,,,,,,,,,,,,,,,,,,,,,,,,,,,,,,,,,,,,,,,,,,,,,,,,,,,,,,,,,,,,,,,,,,,,,,,,,,,,,,,,,,,,,,,,,,,,,,,,,,,,,,,,,,,,,,,,,,,,,,,,,,,,,,,,,,,,,,,,,,,,,,,,,,,,,,,,,,,,,,,,,,,,,,,,,,,,,,,,,,,,,,,,,,,,,,,,,,,,,,,,,,,,,,,,,,,,,,,,,,,,,,,,,,,,,,,,,,,,,,,,,,,,,,,,,,,,,,,,,,,,,0.057,-0.01,-0.042,-0.125,-0.03,0.218,-0.127,-0.039,-0.035,0.063,-0.018,0.03,0.008,-0.038,,,,,,,,,,,,,,,0.252,0.134,-0.037,0.131,0.033,0.074,0,0.07,0.053,0.058,0.077,0.023,-0.179,0.024,-0.083,0.218,0.131,0.07,-0.186,0.03,0.259,0.041,-0.037,0,0.023,0.218,0.077,-0.083,0.057,0.057,0.134,0.074,-0.364,0.046,0.778,0.072,0.252,0.033,0.058,0.024,0.053,-0.179,-0.04,0.52,-0.04,0.52,-0.028,-0.013,-0.027,0,0,0,0,-0.002,-0.002,0.004,-0.003,-0.056,0.164,0.001,0.004,-0.101,-0.056,-0.013,0.001,-0.042,-0.101,0.004,-0.065,-0.032,-0.169,0.002,-0.085,0,0,-0.035,0.029,0,0,0.004,0.08,-0.002,0.043,-0.003,0.043,0,0,0.012,-0.055,0.011,-0.055,-0.013,-0.037,0,0,-0.251,-0.007,0,0,0,0,0,0,-0.048,-0.157,0.098,0.017,0.016,0.013,-0.124,0.013,-0.055,0.013,0.025,0.014,0.001,-0.102,0.013,-0.045,0.013,-0.014,,,,,,0.062,0.048,-0.101,0.062,0.062,-0.095,0,0,0,0,0,0,0,0,,,,,,,,,-0.092,-0.118,-0.092,-0.118,0,0,0,0,0,0,0,0,,,,,,,,,,,,,,,,,,,,,,,,,,,,,,,,,,,,,,,,,,,,,,,,,,,,,,,,,,,,,,,,,,,,,,,,,,,,,,,,,,,,,,0
250,,,,,,,,,,,,,,,,,,,,,,,,,,,,,,,,,,,,,,,,,,,,,,,,,,,,,,,,,,,,,,,,,,,,,,,,,,,,,,,,,,-0.008,0.026,-0.072,-0.153,0.002,0,-0.006,-0.041,-0.009,-0.034,0.028,0.028,-0.012,-0.004,,,,,,,,,,0.012,-0.118,0.048,-0.294,0.001,0,0.013,-0.136,-0.063,0.009,-0.046,,,,,,-0.044,0.219,-0.073,-0.197,0,0,,,,,,,,,,,,,,,,,,,,,,,,,,,,,0.055,0.149,0.019,-0.019,0.033,0.011,0.087,0.018,0.076,-0.006,0.111,0.082,0.012,-0.091,,,,,,,,,,,,,,,,,,,,,,,,,,,,,,,,,,,,,,,,,,,,,,,,,,,,,,,,,,,,,,,,,,,,,,,,,,,,,,,,,,,,,,,,,,,,,,,,,,,,,,,,,,,,,,,,,,,,,,,,,,,,,,,,,,,,,,,,,,,,,,,,,,,,,,,,,,,,,,,,,,,,,,,,,,,,,,,,,,,,,,,,,,,,,,,,,,,,,,,,,,,,,,,,,,,,,,,,,,,,,,,,,,,,,,,,,,,,,,,,,,,,,,,,,,,,,,,,,,,,,,,,,,,,,,,,,,,,,,,,,,,,,,,,,,,,,,,,,,,,,,,,,,,,,,,,,,,,,,,,,,,,,,,,,,,,,,,,,,,,,,,,,,,,,,,,,,,,,,,,,,,,,,,,,,,,,,,,,,,,,,,,,,,,,,,,,,,,,,,,,,,,,,,,,,,,,,,,,,,,,,,,,,,,,,,,,,,,,,,,,,,,,,,,,,,,,,,,,,,,,,,,,,,,,,,,,,,,,,,,,,,,,,,,,,,,,,,,,,,,,,,,,,,,,,,,,,,,,,,,,,,,,,,,,,,,,,,,,,,,,,,,,,,,,,,,,,,,0.03,-0.047,-0.21,-0.05,-0.08,-0.055,-0.119,-0.118,-0.042,-0.034,0.213,0.211,-0.132,-0.088,0.183,-0.115,-0.05,-0.118,0.037,-0.13,-0.17,-0.109,-0.21,-0.119,0.211,-0.115,0.213,0.183,-0.68,-0.68,-0.047,-0.055,0.065,-0.082,-0.027,-0.055,0.03,-0.08,-0.034,-0.088,-0.042,-0.132,-0.24,0.52,-0.24,0.52,,,,0,0,0,0,0.006,0.006,0.006,-0.003,-0.029,0.191,0.002,0.006,-0.041,-0.029,-0.019,0.002,-0.134,-0.041,,,,,,,,,,,,,,,,,,,,,,,,,,,,,,,,,0,0,0,0,0.043,-0.165,0.104,-0.025,0.012,0.002,0.047,0.013,0.023,0.013,0.011,0.013,0.001,-0.026,0.013,-0.011,0.013,0.031,,,,,,0.153,0.141,0.061,0.153,0.153,0.035,0,0,0,0,0,0,0,0,,,,,,,,,0.008,-0.191,0.008,-0.191,0,0,0,0,0,0,0,0,,,,,,,,,,,,,,,,,,,,,,,,,,,,,,,,,,,,,,,,,,,,,,,,,,,,,,,,,,,,,,,,,,,,,,,,,,,,,,,,,,,,,,0
254,0.075,0.056,-0.052,0.003,0.031,0.116,-0.015,-0.072,0.036,-0.051,-0.309,-0.309,0.116,0.037,,,,,,,,,,0.009,-0.018,0.049,-0.186,0.004,0,0.019,-0.049,-0.069,-0.02,0.004,,,,,,0.336,-0.493,-0.024,0.343,0,0.001,,,,,,,,,,,,,0.005,-0.086,0.008,0.004,-0.058,-0.055,-0.035,-0.066,0.108,0.001,-0.001,0.002,,,,,,,,,,,,,,,,,,,,,,,,,,,,,,,,,,,,,,,,,,,,,,,,,,,,,,,,,,,,,,,,,,,,,,,,,,,,,,,,,,,,,,,,,,,,,,,,,,,,,,,,,,,,,,,,,,,,,,,,,,,,,,,,,,,,,,,,,,,,,,,,,,,,,,,,,,,,,,,,,,,,,,,,,,,,,,,,,,,,,,,,,,,,,,,,,,,,,,,,,,,,,,,,,,,,,,,,,,,,,,,,,,,,,,,,,,,,,,,,,,,,,,,,,,,,,,,,,,,,,,,,,,,,,,,,,,,,,,,,,,,,,,,,,,,,,,,,,,,,,,,,,,,,,,,,,,,,,,,,,,,,,,,,,,,,,,,,,,,,,,,,,,,,,,,,,,,,,,,,,,,,,,,,,,,,,,,,,,,,,,,,,,,,,,,,,,,,,,,,,,,,,,,,,,,,,,,,,,,,,,,,,,,,,,,,,,,,,,,,,,,,,,,,,,,,,,,,,,,,,,,,,,,,,,,,,,,,,,,,,,,,,,,,,,,,,,,,,,,,,,,,,,,,,,,,,,,,,,,,,,,,,,,,,,,,,,,,,,,,,,,,,,,,,,,,,,,,,,,,,,,,,,,,,,,,,,,,,,,,,,,,,,,,,,,,,,,,,,,,,,,,,,,,,,,,,,,,,,,,,,,,,,,,,,,,,,,,,,,,,,,,,,,,,,,,,,,0.182,-0.03,0.072,0.23,0.063,0.044,-0.056,0.006,-0.012,-0.005,0.154,0.154,0.125,0.013,-0.05,-0.115,0.23,0.006,-0.126,-0.034,0.323,-0.018,0.072,-0.056,0.154,-0.115,0.154,-0.05,0.063,0.063,-0.03,0.044,0.109,0.063,-0.022,0.044,0.182,0.063,-0.005,0.013,-0.012,0.125,0.017,-0.48,0.017,-0.48,-0.023,-0.017,-0.039,0,0,0,0,-0.002,-0.002,-0.001,-0.003,0.052,0.033,0.001,-0.001,0.039,0.052,-0.014,0.001,0.086,0.039,-0.001,0.043,0.146,-0.048,0.001,0.055,0,0,-0.026,0.175,0,0,-0.006,0.21,0.008,0.22,0.008,0.22,0,0,-0.014,0.107,-0.015,0.107,-0.014,0.091,0,0,-0.191,0,0,0,0,0,0,0,0.078,-0.003,0.11,0.068,0.014,0.042,0.049,0.013,0.023,0.013,-0.009,0.011,-0.044,-0.013,0.013,-0.005,0.013,0.057,,,,,,-0.029,-0.012,0.111,-0.029,-0.029,-0.006,0,0,0,0,0,0,0,0,,,,,,,,,-0.092,-0.029,-0.092,-0.029,0,0,0,0,0,0,0,0,,,,,,,,,,,,,,,,,,,,,,,,,,,,,,,,,,,,,,,,,,,,,,,,,,,,,,,,,,,,,,,,,,,,,,,,,,,,,,,,,,,,,,0
255,,,,,,,,,,,,,,,,,,,,,,,,,,,,,,,,,,,,,,,,,,,,,,,,,,,,,,,,,,,,,,,,,,,,,,,,,,,,,,,,,,,,,,,,,,,,,,,,,,,,,,,,,,,,,,,,,,,,,,,,,,,,,,,,,,,,,,,,,,,,,,,,,,,,,,,,,,,,,,,,,,,,,,,,,,,,,,,,,,,,,,,,,,,,,,,,,,,,,,,,,,,,,,,,,,,,,,,,,,,,,,,,,,,,,,,,,,,,,,,,,,,,,,,,,,,,0.1,0.187,0.021,0.013,-0.1,0.403,-0.037,0.004,0.082,-0.045,-0.059,0.008,0.083,0.046,-0.047,0.132,-0.002,0.026,0.081,0.357,0.308,-0.067,0.113,-0.001,0.004,0.171,0.006,0.172,0.107,,,,,,,,,,,,,,,,0.117,0,0.003,0.17,0.002,-0.022,-0.003,-0.183,0.002,,,,,,,,,,-0.027,0.403,0.102,0.083,0.081,0,0.259,0.307,-0.131,-0.029,-0.098,,,,,,,,,,,,,,,,,,,,,,,,,,,,,,,,,,,,,,,,,,,,,,,,,,,,,,,,,,,,,,,,,,,,,,,,,,,,,,,,,,,,,,,,,,,,,,,,,,,,,,,,,,,,,,,,,,,,,,,,,,,,,,,,,,,,,,,,,,,,,,,,,,,,,,,,,,,,,,,,,,,,,,,,,,,,,,,,,,,,,,,,,,,,,,,,,,,,,,,,,,,,,,,,,,,,,,,,,,,,,,,,,,,,,,,,,,,,,,,,,,,,,,,,,,,,,,,,,,,,,,,,,,,,,,,,,,,,,,,,,,,,,,,,,,,,,,,,,,,,,,,,,,,,,,,,,,,,,,,,,,,,,,,,,,,,,,,,,,,,,,,,,,,,,,,,,,,,,,,,,,,,,,,,,,,,,,,,,,,,,,,,,,,,,,,,,,,,,,,,0.049,-0.03,-0.171,-0.118,-0.026,-0.031,-0.012,0.006,0.014,0.02,-0.066,-0.058,-0.096,-0.257,-0.017,0.218,-0.118,0.006,0.059,-0.021,-0.211,0.015,-0.171,-0.012,-0.058,0.218,-0.066,-0.017,0.082,0.082,-0.03,-0.031,0.071,-0.027,-0.022,-0.031,0.049,-0.026,0.02,-0.257,0.014,-0.096,0.017,0.52,0.017,0.52,0.024,0.015,0.024,0,0,0,0,-0.001,-0.001,-0.003,-0.002,-0.002,-0.072,0.004,-0.003,0.039,-0.002,-0.001,0.004,-0.019,0.039,,,,,,,,,,,,,,,,,,,,,,,,,,,,,,,,,0,0,0,0,0.01,-0.136,-0.028,-0.104,0.012,0.002,-0.076,0.013,-0.035,0.013,-0.002,0.011,0.015,0.009,0.013,0.001,0.013,-0.014,,,,,,-0.029,-0.028,0.081,-0.029,-0.029,-0.014,0,0,0,0,0,0,0,0,,,,,,,,,-0.092,0.172,-0.092,0.172,0,0,0,0,0,0,0,0,,,,,,,,,,,,,,,,,,,,,,,,,,,,,,,,,,,,,,,,,,,,,,,,,,,,,,,,,,,,,,,,,,,,,,,,,,,,,,,,,,,,,,0
256,-0.036,-0.108,0.294,0.294,-0.056,0.07,0.022,0.208,-0.046,-0.094,-0.009,-0.009,0.144,-0.102,,,,,,,,,,0.009,-0.023,0.049,-0.321,0.001,0,0.019,0.011,0.02,-0.031,-0.005,,,,,,0.336,-0.505,-0.018,0.343,0.011,-0.472,0.02,-0.046,-0.013,-0.09,-0.002,-0.049,-0.082,-0.02,0.026,-0.033,-0.001,-0.001,,,,,,,,,,,,,,,,,,,,,,,,,,,,,,,,,,,,,,,,,,,,,,,,,,,,,,,,,,,,,,,,,,,,,,,,,,,,,,,,,,,,,,,,,,,,,,,,,,,,,,,,,,,,,,,,,,,,,,,,,,,,,,,,,,,,,,,,,,,,,,,,,,,,,,,,,,,,,,,,,,,,,,,,,,,,,,,,,,,,,,,,,,,,,,,,,,,,,,,,,,,,,,,,,,,,,,,,,,,,,,,,,,,,,,,,,,,,,,,,,,,,,,,,,,,,,,,,,,,,,,,,,,,,,,,,,,,,,,,,,,,,,,,,,,,,,,,,,,,,,,,,,,,,,,,,,,,,,,,,,,,,,,,,,,,,,,,,,,,,,,,,,,,,,,,,,,,,,,,,,,,,,,,,,,,,,,,,,,,,,,,,,,,,,,,,,,,,,,,,,,,,,,,,,,,,,,,,,,,,,,,,,,,,,,,,,,,,,,,,,,,,,,,,,,,,,,,,,,,,,,,,,,,,,,,,,,,,,,,,,,,,,,,,,,,,,,,,,,,,,,,,,,,,,,,,,,,,,,,,,,,,,,,,,,,,,,,,,,,,,,,,,,,,,,,,,,,,,,,,,,,,,,,,,,,,,,,,,,,,,,,,,,,,,,,,,,,,,,,,,,,,,,,,,,,,,,,,,,,,,,,,,,,,,,,,,,,,,,,,,,,,,,,,,,,,,,,,,,,,,,,,,,,0.315,0.077,0.072,0.121,-0.029,-0.018,0.019,0.006,-0.064,-0.081,-0.106,-0.095,0.125,0.069,-0.05,-0.115,0.121,0.006,0.203,0.011,-0.068,0.015,0.072,0.019,-0.095,-0.115,-0.106,-0.05,0.063,0.063,0.077,-0.018,0.146,-0.03,0.015,-0.018,0.315,-0.029,-0.081,0.069,-0.064,0.125,0.017,-0.48,0.017,-0.48,-0.019,-0.02,-0.059,0,0,0,0,-0.001,-0.001,0,-0.003,0.052,-0.151,0.001,0,-0.021,0.052,0.018,0.001,-0.106,-0.021,-0.001,0.043,0.036,-0.108,0.002,-0.005,0,0,0.023,-0.043,0,0,0.004,-0.014,0.018,-0.041,0.02,-0.041,0,0,-0.013,-0.06,-0.014,-0.06,0.018,-0.101,0,0,0.055,0.001,0,0,0,0,0,0,0.163,0.397,0.108,0.114,0.01,0.01,0.058,0.013,0.027,0.013,0.051,0.012,0.001,0.008,0.013,-0.001,0.013,0.012,,,,,,-0.074,-0.082,-0.028,-0.074,-0.074,0.091,0,0,0,0,0,0,0,0,,,,,,,,,-0.092,-0.132,-0.092,-0.132,0,0,0,0,0,0,0,0,,,,,,,,,,,,,,,,,,,,,,,,,,,,,,,,,,,,,,,,,,,,,,,,,,,,,,,,,,,,,,,,,,,,,,,,,,,,,,,,,,,,,,0
257,0.049,0.116,-0.052,-0.034,0.031,0.116,-0.015,-0.112,-0.041,-0.024,0.113,0.113,0.062,-0.031,,,,,,,,,,0.009,-0.122,-0.051,0.529,0.004,0,0.019,-0.173,0.036,,,-0.229,0.025,0.164,-0.299,0.119,,,,-0.157,0,0.001,,,,,,,,,,,,,-0.006,0.02,0.037,-0.005,-0.039,-0.037,-0.027,-0.052,0.075,-0.001,0,0.001,,,,,,,,,,,,,,,,,,,,,,,,,,,,,,,,,,,,,,,,,,,,,,,,,,,,,,,,,,,,,,,,,,,,,,,,,,,,,,,,,,,,,,,,,,,,,,,,,,,,,,,,,,,,,,,,,,,,,,,,,,,,,,,,,,,,,,,,,,,,,,,,,,,,,,,,,,,,,,,,,,,,,,,,,,,,,,,,,,,,,,,,,,,,,,,,,,,,,,,,,,,,,,,,,,,,,,,,,,,,,,,,,,,,,,,,,,,,,,,,,,,,,,,,,,,,,,,,,,,,,,,,,,,,,,,,,,,,,,,,,,,,,,,,,,,,,,,,,,,,,,,,,,,,,,,,,,,,,,,,,,,,,,,,,,,,,,,,,,,,,,,,,,,,,,,,,,,,,,,,,,,,,,,,,,,,,,,,,,,,,,,,,,,,,,,,,,,,,,,,,,,,,,,,,,,,,,,,,,,,,,,,,,,,,,,,,,,,,,,,,,,,,,,,,,,,,,,,,,,,,,,,,,,,,,,,,,,,,,,,,,,,,,,,,,,,,,,,,,,,,,,,,,,,,,,,,,,,,,,,,,,,,,,,,,,,,,,,,,,,,,,,,,,,,,,,,,,,,,,,,,,,,,,,,,,,,,,,,,,,,,,,,,,,,,,,,,,,,,,,,,,,,,,,,,,,,-0.111,0.063,-0.103,0.035,-0.031,0.022,0.012,0.158,-0.035,-0.004,-0.073,0.01,-0.101,-0.034,,,,,,,,,,,,,,,,,,,,,,,,,,,,,-0.147,0.134,-0.147,0.131,-0.126,-0.101,0.025,0.064,0.027,0.033,-0.12,-0.072,-0.24,0.013,-0.017,-0.115,0.131,0.064,-0.186,0.023,0.195,0.067,-0.147,0.025,-0.072,-0.115,-0.12,-0.017,0.057,0.057,0.134,-0.101,-0.516,-0.126,0.035,-0.101,-0.147,-0.126,0.033,0.013,0.027,-0.24,-0.04,-0.48,-0.04,-0.48,-0.028,-0.013,-0.027,0,0,0,0,-0.002,-0.002,0,0,-0.11,0.086,0.001,0,-0.041,-0.11,-0.013,0.001,-0.116,-0.041,-0.001,-0.119,-0.238,-0.108,0.002,-0.025,0,0,-0.064,-0.077,0,0,-0.006,-0.014,0.008,-0.013,0.008,-0.013,0,0,-0.013,-0.139,-0.014,-0.139,-0.013,-0.11,0,0,-0.251,-0.004,0,0,0,0,0,0,0.15,0.156,-0.079,-0.133,0.016,0.053,0.066,0.013,0.027,0.013,-0.015,0.015,0.075,0.076,0.013,0.033,0.013,-0.024,,,,,,-0.029,-0.012,0.163,-0.029,-0.029,0.067,0,0,0,0,0,0,0,0,0,-0.06,0.03,-0.152,0,0,0,0,,,,,,,,,0,0,0,0,,,,,,,,,,,,,,,,,,,,,,,,,,,,,,,,,,,,,,,,,,,,,,,,,,,,,,,,,,,,,,,,,,,,,,,,,,,,,,,,,,,,,,0
258,,,,,,,,,,,,,,,,,,,,,,,,,,,,,,,,,,,,,,,,,,,,,,,,,,,,,,,,,,,,,,,,,,,,,,,,,,,,,,,,,,,,,,,,,,,,,,,,,,,,,,,,,,,,,,,,,,,,,,,,,,,,,,,,,,,,,,,,,,,,,,,,,,,,,,,,,,,,,,,,,,,,,,,,,,,,,,,,,,,,,,,,,,,,,,,,,,,,,,,,,,,,,,,,,,,,,,,,,,,,,,,,,,,,,,,,,,,,,,,,,,,,,,,,,,,,,,,,,,,,,,,,,,,,,,,,,,,,,,,,,,,,,,,,,,,,,,,,,,,,,,,,,,,,,,,,,,,,,,,,,,,,,,,,,,,,,,,,,,,,,,,,,,,,,,,,,,,,,,,,,,,,,,,,,,,,,,,,,,,,,,,,,,,,,,,,,,,,,,,,,,,,,,,,,,,,,,,,,,,,,,,,,,,,,,,,,,,,,,,,,,,,,,,,,,,,,,,,,,,,,,,,,,,,,,,,,,,,,,,,,,,,,,,,,,,,,,,,,,,,,,,,,,,,,,,,,,,,,,,,,,,,,,,,,,,,,,,,,,,,,,,,,,,,,,,,,,,,,,,,,,,,,,,,,,,,,,,,,,,,,,,,,,,,,,,,,,,,,,,,,,,,,,,,,,,,-0.178,0.059,0.016,0.016,0.101,0.107,0.016,0.194,-0.066,0.028,-0.173,0.063,-0.12,-0.44,-0.12,0.115,,,,,,,,,,,,,,,0.118,0.01,-0.022,0.049,-0.01,0.149,-0.256,-0.099,-0.024,0.046,-0.023,-0.084,0.048,-0.028,0.07,0.135,0.009,-0.146,0.114,-0.002,0.091,0.03,,,,,,,,,0.077,-0.154,0.063,0.115,-0.173,0.201,0.162,0.035,0.076,-0.057,-0.028,0.085,-0.129,-0.076,-0.031,0.04,-0.011,-0.171,-0.035,0.103,-0.081,0.046,0.244,-0.034,,,,,,,,,,,,,,,,,,,,,,,,,,,,,0.182,-0.139,-0.039,0.23,-0.042,-0.031,-0.025,0.038,-0.038,-0.056,-0.046,0,0.101,0.238,-0.017,0.218,0.23,0.038,-0.126,-0.002,0.258,0.015,-0.039,-0.025,0,0.218,-0.046,-0.017,0.063,0.063,-0.139,-0.031,-0.119,-0.043,-0.059,-0.031,0.182,-0.042,-0.056,0.238,-0.038,0.101,0.017,-0.48,0.017,-0.48,-0.033,-0.013,-0.004,0,0,0,0,-0.002,-0.002,-0.001,0,0.052,0.27,0.001,-0.001,-0.001,0.052,-0.013,0.001,-0.194,-0.001,-0.001,0.043,-0.188,0.013,0.001,0.015,0,0,-0.084,-0.121,0,0,0.004,-0.003,-0.002,-0.056,-0.003,-0.056,0,0,-0.014,-0.213,-0.015,-0.213,-0.013,-0.188,0,0,-0.069,0.01,0,0,0,0,0,0,0.147,0.144,-0.032,-0.063,0.017,0.078,0.095,0.013,0.045,0.013,-0.059,0.015,0.052,0.059,0.013,0.025,0.013,0.012,,,,,,0.108,0.101,0.088,0.108,0.108,-0.063,0,0,0,0,0,0,0,0,,,,,,,,,0.008,-0.022,0.008,-0.022,0,0,0,0,0,0,0,0,,,,,,,,,,,,,,,,,,,,,,,,,,,,,,,,,,,,,,,,,,,,,,,,,,,,,,,,,,,,,,,,,,,,,,,,,,,,,,,,,,,,,,0
259,,,,,,,,,,,,,,,,,,,,,,,,,,,,,,,,,,,,,,,,,,,,,,,,,,,,,,,,,,,,,,,,,,,,,,,,,,,,,,,,,,-0.014,-0.025,0.074,0.175,0.002,-0.077,0.01,0.053,0.05,0.066,0.215,0.215,0.147,-0.186,,,,,,,,,,-0.088,0.357,-0.052,-0.007,0.001,0,-0.087,0.412,-0.044,-0.146,0.013,,,-0.01,-0.204,-0.031,,,,-0.197,0,0,,,,,,,,,,,,,,,0.01,0.004,0.011,0.003,-0.028,-0.031,0.004,0.008,-0.171,0.029,-0.08,0.016,-0.009,-0.002,,,,,,,,,,,,,,,,,,,,,,,,,,,,,,,,,,,,,,,,,,,,,,,,,,,,,,,,,,,,,,,,,,,,,,,,,,,,,,,,,,,,,,,,,,,,,,,,,,,,,,,,,,,,,,,,,,,,,,,,,,,,,,,,,,,,,,,,,,,,,,,,,,,,,,,,,,,,,,,,,,,,,,,,,,,,,,,,,,,,,,,,,,,,,,,,,,,,,,,,,,,,,,,,,,,,,,,,,,,,,,,,,,,,,,,,,,,,,,,,,,,,,,,,,,,,,,,,,,,,,,,,,,,,,,,,,,,,,,,,,,,,,,,,,,,,,,,,,,,,,,,,,,,,,,,,,,,,,,,,,,,,,,,,,,,,,,,,,,,,,,,,,,,,,,,,,,,,,,,,,,,,,,,,,,,,,,,,,,,,,,,,,,,,,,,,,,,,,,,,,,,,,,,,,,,,,,,,,,,,,,,,,,,,,,,,,,,,,,,,,,,,,,,,,,,,,,,,,,,,,,,,,,,,,,,,,,,,,,,,,,,,,,,,,,,,,,,,,,,,,,,,,,,,,,,,,,,,,,,,,,,,,,,,,,,,,,,,,,,,,,,,,,,,,,,,,,,,,,,,,,,,,,,,,,-0.097,-0.149,0.111,-0.176,-0.098,-0.071,0.107,0.051,-0.3,-0.336,-0.051,-0.062,0.033,0.193,0.117,-0.115,-0.176,0.051,0.226,0.1,-0.245,0.06,0.111,0.107,-0.062,-0.115,-0.051,0.117,0.015,0.015,-0.149,-0.071,-0.388,-0.097,-0.063,-0.071,-0.097,-0.098,-0.336,0.193,-0.3,0.033,-0.354,0.52,-0.354,0.52,0.077,0.046,0.129,0,0,0,0,0.002,0.002,-0.003,-0.003,-0.002,0.217,0.01,-0.003,-0.121,-0.002,-0.019,0.01,-0.139,-0.121,,,,,,,,,,,,,,,,,,,,,,,,,,,,,,,,,0,0,0,0,-0.066,-0.175,-0.01,-0.109,0.01,-0.007,0.041,0.013,0.021,0.013,0.031,0.004,-0.12,0.082,0.013,0.037,0.013,0.111,,,,,,0.017,-0.001,-0.071,0.017,0.017,0.01,0,0,0,0,0,0,0,0,,,,,,,,,0.008,0.026,0.008,0.026,0,0,0,0,0,0,0,0,,,,,,,,,,,,,,,,,,,,,,,,,,,,,,,,,,,,,,,,,,,,,,,,,,,,,,,,,,,,,,,,,,,,,,,,,,,,,,,,,,,,,,0
261,0.003,0.004,-0.197,-0.179,0.031,0.116,-0.015,-0.072,0.051,0.024,0.275,0.275,0.172,0.075,-0.013,0.353,0.008,-0.174,0,0,0.01,0.31,0.078,,,,,,,,,,,,-0.097,-0.091,0.164,-0.282,-0.01,,,,-0.157,0,0.001,-0.015,0.007,-0.011,-0.002,-0.001,-0.019,-0.034,-0.008,-0.087,-0.023,0,-0.002,,,,,,,,,,,,,,,,,,,,,,,,,,,,,,,,,,,,,,,,,,,,,,,,,,,,,,,,,,,,,,,,,,,,,,,,,,,,,,,,,,,,,,,,,,,,,,,,,,,,,,,,,,,,,,,,,,,,,,,,,,,,,,,,,,,,,,,,,,,,,,,,,,,,,,,,,,,,,,,,,,,,,,,,,,,,,,,,,,,,,,,,,,,,,,,,,,,,,,,,,,,,,,,,,,,,,,,,,,,,,,,,,,,,,,,,,,,,,,,,,,,,,,,,,,,,,,,,,,,,,,,,,,,,,,,,,,,,,,,,,,,,,,,,,,,,,,,,,,,,,,,,,,,,,,,,,,,,,,,,,,,,,,,,,,,,,,,,,,,,,,,,,,,,,,,,,,,,,,,,,,,,,,,,,,,,,,,,,,,,,,,,,,,,,,,,,,,,,,,,,,,,,,,,,,,,,,,,,,,,,,,,,,,,,,,,,,,,,,,,,,,,,,,,,,,,,,,,,,,,,,,,,,,,,,,,,,,,,,,,,,,,,,,,,,,,,,,,,,,,,,,,,,,,,,,,,,,,,,,,,,,,,,,,,,,,,,,,,,,,,,,,,,,,,,,,,,,,,,,,,,,,,,,,,,,,,,,,,,,,,,,,,,,,,,,,,,,,,,,,,,,,,,,,,,,,,,,,,,,,,,,,,,,,,,,,,,,,,,,,,,,,,,,,,,,,,,,,,,,,,,,,,,,-0.28,-0.19,-0.147,0.131,-0.006,-0.012,-0.069,-0.014,0.157,0.109,-0.041,-0.109,-0.299,0.013,-0.083,-0.115,0.131,-0.014,-0.186,-0.053,0.195,-0.031,-0.147,-0.069,-0.109,-0.115,-0.041,-0.083,0.057,0.057,-0.19,-0.012,-0.023,-0.007,-0.076,-0.012,-0.28,-0.006,0.109,0.013,0.157,-0.299,-0.04,-0.48,-0.04,-0.48,-0.028,-0.013,-0.031,0,0,0,0,0.007,0.007,0.003,-0.001,0.106,0.033,-0.002,0.003,-0.161,0.106,0.037,-0.002,0.036,-0.161,0.002,0.097,-0.276,-0.169,-0.001,-0.145,0,0,-0.029,-0.01,0,0,-0.009,0.001,-0.006,0.012,-0.006,0.012,0,0,0.003,-0.003,0.002,-0.003,0.037,0.041,0,0,-0.21,-0.004,0,0,0,0,0,0,0.127,-0.03,0.073,0.017,0.016,0.019,0.053,0.013,0.023,0.013,0.005,0.013,0.001,-0.002,0.013,-0.001,0.013,-0.014,,,,,,-0.074,-0.05,0.281,-0.074,-0.074,-0.047,0,0,0,0,0,0,0,0,,,,,,,,,0.208,-0.178,0.208,-0.178,0,0,0,0,0,0,0,0,,,,,,,,,,,,,,,,,,,,,,,,,,,,,,,,,,,,,,,,,,,,,,,,,,,,,,,,,,,,,,,,,,,,,,,,,,,,,,,,,,,,,,0
264,-0.029,-0.019,-0.015,-0.052,-0.056,-0.248,0.008,0.008,0.061,0.104,0.169,0.169,-0.069,0.21,-0.013,-0.046,0.008,-0.144,-0.003,0,0.01,-0.234,-0.08,,,,,,,,,,-0.008,-0.001,,,-0.336,0.609,-0.115,,,,0.343,0,0.001,,,,,,,,,,,,,,,,,,,,,,,,,-0.019,-0.026,-0.011,0.065,0.188,0.196,0.002,0.034,-0.078,-0.043,0.172,0.013,,,,,,,,,,,,,,,,,,,,,,,,,,,,,,,,,,,,,,,,,,,,,,,,,,,,,,,,,,,,,,,,,,,,,,,,,,,,,,,,,,,,,,,,,,,,,,,,,,,,,,,,,,,,,,,,,,,,,,,,,,,,,,,,,,,,,,,,,,,,,,,,,,,,,,,,,,,,,,,,,,,,,,,,,,,,,,,,,,,,,,,,,,,,,,,,,,,,,,,,,,,,,,,,,,,,,,,,,,,,,,,,,,,,,,,,,,,,,,,,,,,,,,,,,,,,,,,,,,,,,,,,,,,,,,,,,,,,,,,,,,,,,,,,,,,,,,,,,,,,,,,,,,,,,,,,,,,,,,,,,,,,,,,,,,,,,,,,,,,,,,,,,,,,,,,,,,,,,,,,,,,,,,,,,,,,,,,,,,,,,,,,,,,,,,,,,,,,,,,,,,,,,,,,,,,,,,,,,,,,,,,,,,,,,,,,,,,,,,,,,,,,,,,,,,,,,,,,,,,,,,,,,,,,,,,,,,,,,,,,,,,,,,,,,,,,,,,,,,,,,,,,,,,,,,,,,,,,,,,,,,,,,,,,,,,,,,,,,,,,,,,,,,,,,,,,,,,,,,,,,,,,,,,,,,,,,,,,,,,,,,,,,,,,,,,,,,,,,,,,,,,,,,,,,,,,,,,,,,,,,,,,,,,,,,,,,,,,,,,,,,,0.049,0.077,-0.21,-0.146,-0.034,-0.034,0.019,-0.02,0.04,-0.005,-0.031,-0.081,0.113,0.125,-0.05,0.218,-0.146,-0.02,0.037,0.011,-0.227,-0.011,-0.21,0.019,-0.081,0.218,-0.031,-0.05,0.104,0.104,0.077,-0.034,0.071,-0.035,0.015,-0.034,0.049,-0.034,-0.005,0.125,0.04,0.113,0.017,-0.48,0.017,-0.48,-0.028,-0.024,-0.075,0,0,0,0,-0.003,-0.003,-0.003,0.001,0.025,0.086,0.004,-0.003,-0.061,0.025,-0.002,0.004,-0.01,-0.061,-0.003,0.016,-0.122,-0.048,0.004,-0.045,0,0,0.045,-0.031,0,0,-0.002,-0.07,-0.009,-0.075,-0.01,-0.075,0,0,-0.004,0.015,-0.005,0.015,-0.002,-0.005,0,0,0.198,0.006,0,0,0,0,0,0,0.139,0.268,0.079,0.062,0.009,-0.001,0.056,0.013,0.027,0.013,-0.015,0.013,0.015,-0.042,0.013,-0.017,0.013,-0.049,,,,,,0.199,0.171,-0.217,0.199,0.199,0.026,0,0,0,0,0,0,0,0,0,-0.007,0.03,-0.017,0,0,0,0,,,,,,,,,0,0,0,0,-0.006,0.087,0.109,,,,,,,,,,,,,,,,,,,,,,,,,,,,,,,,,,,,,,,,,,,,,,,,,,,,,,,,,,,,,,,,,,,,,,,,,,,,,,,,,,,0
265,0.049,0.004,0.003,-0.016,-0.013,0.07,-0.015,0.008,0.122,0.184,-0.283,-0.283,-0.099,-0.06,-0.013,-0.144,0.008,-0.163,-0.001,0,-0.09,0.44,-0.074,,,,,,,,,,0.018,-0.008,,,,,,0.336,-0.507,-0.014,-0.157,0,0.001,,,,,,,,,,,,,0.001,-0.059,-0.01,0.001,-0.001,0.007,-0.016,-0.009,0.058,-0.003,0,0.001,,,,,,,,,,,,,,,,,,,,,,,,,,,,,,,,,,,,,,,,,,,,,,,,,,,,,,,,,,,,,,,,,,,,,,,,,,,,,,,,,,,,,,,,,,,,,,,,,,,,,,,,,,,,,,,,,,,,,,,,,,,,,,,,,,,,,,,,,,,,,,,,,,,,,,,,,,,,,,,,,,,,,,,,,,,,,,,,,,,,,,,,,,,,,,,,,,,,,,,,,,,,,,,,,,,,,,,,,,,,,,,,,,,,,,,,,,,,,,,,,,,,,,,,,,,,,,,,,,,,,,,,,,,,,,,,,,,,,,,,,,,,,,,,,,,,,,,,,,,,,,,,,,,,,,,,,,,,,,,,,,,,,,,,,,,,,,,,,,,,,,,,,,,,,,,,,,,,,,,,,,,,,,,,,,,,,,,,,,,,,,,,,,,,,,,,,,,,,,,,,,,,,,,,,,,,,,,,,,,,,,,,,,,,,,,,,,,,,,,,,,,,,,,,,,,,,,,,,,,,,,,,,,,,,,,,,,,,,,,,,,,,,,,,,,,,,,,,,,,,,,,,,,,,,,,,,,,,,,,,,,,,,,,,,,,,,,,,,,,,,,,,,,,,,,,,,,,,,,,,,,,,,,,,,,,,,,,,,,,,,,,,,,,,,,,,,,,,,,,,,,,,,,,,,,,,,,,,,,,,,,,,,,,,,,,,,,,,,,,,,,,,,,,,,,,,,,,-0.216,-0.139,-0.151,0.012,0.157,0.147,-0.056,0.006,-0.116,-0.106,0.014,0.058,0.195,-0.099,-0.05,0.218,0.012,0.006,-0.258,-0.034,0.193,-0.018,-0.151,-0.056,0.058,0.218,0.014,-0.05,0.063,0.063,-0.139,0.147,-0.005,0.159,-0.059,0.147,-0.216,0.157,-0.106,-0.099,-0.116,0.195,0.017,-0.48,0.017,-0.48,-0.023,-0.017,-0.063,0,0,0,0,0.017,0.017,0.001,-0.001,0.025,-0.125,0.004,0.001,-0.241,0.025,0,0.004,-0.047,-0.241,0.001,0.016,0.02,0.073,0.005,-0.225,0,0,0.017,-0.088,0,0,-0.002,-0.113,0.002,-0.097,0.002,-0.097,0,0,-0.003,-0.029,-0.004,-0.029,0,-0.042,0,0,0.201,0.001,0,0,0,0,0,0,-0.063,-0.134,0.106,0.175,0.01,-0.004,-0.003,0.013,-0.001,0.013,0.018,0.006,-0.084,0.028,0.013,0.015,0.013,0.031,,,,,,-0.029,-0.037,-0.055,-0.029,-0.029,0.083,0,0,0,0,0,0,0,0,0,0.052,-0.082,0.133,0,0,0,0,,,,,,,,,0,0,0,0,,,,,,,,,,,,,,,,,,,,,,,,,,,,,,,,,,,,,,,,,,,,,,,,,,,,,,,,,,,,,,,,,,,,,,,,,,,,,,,,,,,,,,0
268,,,,,,,,,,,,,,,,,,,,,,,,,,,,,,,,,,,,,,,,,,,,,,,,,,,,,,,,,,,,,,,,,,,,,,,,,,,,,,,,,,-0.087,-0.111,0.125,0.295,0.058,0.077,0.018,0.147,0.021,0.036,0.272,0.272,0.022,0.04,0.033,-0.15,-0.034,0.238,0.001,0,0.043,0.002,-0.017,,,,,,,,,,0.075,0.011,,,,,,-0.044,0.309,0.043,-0.197,0,0,0.025,0.124,0.016,0.021,-0.007,-0.013,-0.016,0.016,0.195,-0.033,0.149,-0.001,-0.009,0.001,,,,,,,,,,,,,,,,,,,,,,,,,,,,,,,,,,,,,,,,,,,,,,,,,,,,,,,,,,,,,,,,,,,,,,,,,,,,,,,,,,,,,,,,,,,,,,,,,,,,,,,,,,,,,,,,,,,,,,,,,,,,,,,,,,,,,,,,,,,,,,,,,,,,,,,,,,,,,,,,,,,,,,,,,,,,,,,,,,,,,,,,,,,,,,,,,,,,,,,,,,,,,,,,,,,,,,,,,,,,,,,,,,,,,,,,,,,,,,,,,,,,,,,,,,,,,,,,,,,,,,,,,,,,,,,,,,,,,,,,,,,,,,,,,,,,,,,,,,,,,,,,,,,,,,,,,,,,,,,,,,,,,,,,,,,,,,,,,,,,,,,,,,,,,,,,,,,,,,,,,,,,,,,,,,,,,,,,,,,,,,,,,,,,,,,,,,,,,,,,,,,,,,,,,,,,,,,,,,,,,,,,,,,,,,,,,,,,,,,,,,,,,,,,,,,,,,,,,,,,,,,,,,,,,,,,,,,,,,,,,,,,,,,,,,,,,,,,,,,,,,,,,,,,,,,,,,,,,,,,,,,,,,,,,,,,,,,,,,,,,,,,,,,,,,,,,,,,,,,,,,,,,,,,,,,,,,,,,,,,,,,,-0.171,-0.102,0.165,-0.009,-0.085,-0.079,-0.107,-0.066,-0.133,-0.123,0.174,0.25,-0.132,-0.088,-0.05,-0.115,-0.009,-0.066,-0.27,-0.104,0.116,-0.076,0.165,-0.107,0.25,-0.115,0.174,-0.05,0.082,0.082,-0.102,-0.079,0.008,-0.087,-0.046,-0.079,-0.171,-0.085,-0.123,-0.088,-0.133,-0.132,0.417,0.52,0.417,0.52,0.005,0.007,0.008,0,0,0,0,0.008,0.008,-0.005,-0.002,-0.029,0.033,-0.006,-0.005,0.179,-0.029,-0.011,-0.006,0.013,0.179,-0.005,-0.038,0.141,0.164,-0.006,0.195,0,0,-0.064,0.034,0,0,-0.005,0.088,-0.002,0.102,-0.002,0.102,0,0,-0.012,0.01,-0.013,0.01,-0.011,0.018,0,0,-0.003,0.003,0,0,0,0,0,0,-0.064,-0.142,-0.364,-0.125,0.009,-0.018,-0.006,0.013,-0.001,0.013,0.018,0.006,-0.064,0.018,0.013,0.009,0.013,0.038,,,,,,-0.029,-0.014,0.183,-0.029,-0.029,0.002,0,0,0,0,0,0,0,0,0,-0.06,0.141,-0.151,0,0,0,0,,,,,,,,,0,0,0,0,,,,,,,,,,,,,,,,,,,,,,,,,,,,,,,,,,,,,,,,,,,,,,,,,,,,,,,,,,,,,,,,,,,,,,,,,,,,,,,,,,,,,,0
269,,,,,,,,,,,,,,,,,,,,,,,,,,,,,,,,,,,,,,,,,,,,,,,,,,,,,,,,,,,,,,,,,,,,,,,,,,,,,,,,,,,,,,,,,,,,,,,,,,,,,,,,,,,,,,,,,,,,,,,,,,,,,,,,,,,,,,,,,,,,,,,,,,,,,,,,,,,,,,,,,,,,,,,,,,,,,,,,,,,,,,,,,,,,,,,,,,,,,,,,,,,,,,,,,,,,,,,,,,,,,,,,,,,,,,,,,,,,,,,,,,,,,,,,,,,,,,,,,,,,,,,,,,,,,,,,,,,,,,,,,,,,,,,,,,,,,,,,,,,,,,,,,,,,,,,,,,,,,,,,,,,,,,,,,,,,,,,,,,,,,,,,,,,,,,,,,,,,,,,,,,,,,,,,,,,,,,,,,,,,,,,,,,,,,,,,,,,,,,,,,,,,,,,,,,,,,,,,,,,,,,,,,,,,,,,,,,,,,,,,,,,,,,,,,,,,,,,,,,,,,,,,,,,,,,,,,,,,,,,,,,,,,,,,,,,,,,,,,,,,,,,,,,,,,,,,,,,,,,,,,,,,,,,,,,,,,,,,,,,,,,-0.218,-0.103,0.009,0.009,0.03,-0.025,0.001,0.227,,,,,,,,,,,,,,,,,,,,,,,,,,,,,,,,,,,,,,,,,,,,,,,,,,,,,,,,,,,,,,,,,,,,,,,0.105,-0.217,0.158,0.025,0.049,0.242,0.03,0.024,,,,,,,,,,,,,,,-0.163,0.039,0.263,-0.042,0.023,-0.239,-0.106,0.111,0.036,-0.041,-0.104,0.215,-0.073,0.064,-0.021,0.115,0,0.13,-0.074,-0.001,-0.01,-0.025,,,,,,,,,-0.066,-0.277,0.025,0.024,0.158,-0.188,-0.15,0.091,-0.068,-0.028,-0.034,0.07,0.138,-0.106,-0.031,0.088,-0.231,-0.188,-0.035,-0.062,0.1,-0.011,-0.017,-0.034,,,,,,,,,,,,,,,,,,,,,,,,,,,,,0.182,-0.03,-0.039,0.012,-0.037,-0.029,-0.05,0.006,-0.012,-0.005,0.094,0.154,0.101,-0.043,-0.017,-0.115,0.012,0.006,-0.258,-0.034,0.258,-0.011,-0.039,-0.05,0.154,-0.115,0.094,-0.017,0.063,0.063,-0.03,-0.029,0.109,-0.038,-0.022,-0.028,0.182,-0.037,-0.005,-0.043,-0.012,0.101,0.017,-0.48,0.017,-0.48,-0.014,-0.013,-0.027,0,0,0,0,0.002,0.002,0.004,-0.003,-0.029,-0.046,-0.007,0.004,0.059,-0.029,-0.013,-0.007,-0.051,0.059,0.004,-0.038,0.063,0.104,-0.006,0.075,0,0,-0.055,0.029,0,0,0.004,0.08,-0.002,0.077,-0.003,0.077,0,0,-0.013,-0.051,-0.014,-0.051,-0.013,-0.046,0,0,-0.007,-0.001,0,0,0,0,0,0,0.139,0.234,-0.042,-0.117,0.014,0.025,0.064,0.013,0.029,0.013,0.005,0.011,-0.03,0.003,0.013,0.003,0.013,0.044,,,,,,0.108,0.108,0.013,0.108,0.108,-0.161,0,0,0,0,0,0,0,0,0,-0.002,-0.082,-0.005,0,0,0,0,,,,,,,,,0,0,0,0,,,,,,,,,,,,,,,,,,,,,,,,,,,,,,,,,,,,,,,,,,,,,,,,,,,,,,,,,,,,,,,,,,,,,,,,,,,,,,,,,,,,,,0
277,-0.042,-0.064,-0.179,-0.216,0.031,-0.157,-0.007,0.008,-0.112,-0.019,0.191,0.191,0.029,-0.176,,,,,,,,,,-0.091,0.524,-0.051,0.055,-0.003,0,-0.081,0.207,-0.036,-0.009,0.043,,,-0.336,0.409,0.062,,,,-0.157,0,0.001,0.005,-0.053,-0.017,-0.008,0.001,0.009,-0.022,-0.004,0.15,-0.016,0,0.001,,,,,,,,,,,,,,,,,,,,,,,,,,,,,,,,,,,,,,,,,,,,,,,,,,,,,,,,,,,,,,,,,,,,,,,,,,,,,,,,,,,,,,,,,,,,,,,,,,,,,,,,,,,,,,,,,,,,,,,,,,,,,,,,,,,,,,,,,,,,,,,,,,,,,,,,,,,,,,,,,,,,,,,,,,,,,,,,,,,,,,,,,,,,,,,,,,,,,,,,,,,,,,,,,,,,,,,,,,,,,,,,,,,,,,,,,,,,,,,,,,,,,,,,,,,,,,,,,,,,,,,,,,,,,,,,,,,,,,,,,,,,,,,,,,,,,,,,,,,,,,,,,,,,,,,,,,,,,,,,,,,,,,,,,,,,,,,,,,,,,,,,,,,,,,,,,,,,,,,,,,,,,,,,,,,,,,,,,,,,,,,,,,,,,,,,,,,,,,,,,,,,,,,,,,,,,,,,,,,,,,,,,,,,,,,,,,,,,,,,,,,,,,,,,,,,,,,,,,,,,,,,,,,,,,,,,,,,,,,,,,,,,,,,,,,,,,,,,,,,,,,,,,,,,,,,,,,,,,,,,,,,,,,,,,,,,,,,,,,,,,,,,,,,,,,,,,,,,,,,,,,,,,,,,,,,,,,,,,,,,,,,,,,,,,,,,,,,,,,,,,,,,,,,,,,,,,,,,,,,,,,,,,,,,,,,,,,,,,,,,,,,,,,,,,,,,,,,,,,,,,,,,,,-0.096,-0.149,0.008,0.275,-0.024,-0.031,0,-0.001,-0.066,-0.058,-0.014,0.05,0.033,-0.032,-0.05,0.218,0.275,-0.001,0.165,-0.009,0.024,0.008,0.008,0,0.05,0.218,-0.014,-0.05,0.037,0.037,-0.149,-0.031,0.029,-0.024,-0.062,-0.031,-0.096,-0.024,-0.058,-0.032,-0.066,0.033,0.246,0.52,0.246,0.52,0.062,0.034,0.063,0,0,0,0,0.001,0.001,0.002,0.002,0.052,-0.046,0.005,0.002,0.239,0.052,0,0.005,0.251,0.239,,,,,,,,,,,,,,,,,,,,,,,,,,,,,,,,,0,0,0,0,0.113,0.067,-0.02,-0.072,0.013,0.005,0.023,0.013,0.009,0.013,0.031,0.009,-0.081,0.073,0.013,0.033,0.013,0.086,,,,,,0.017,-0.001,-0.11,0.017,0.017,0.132,0,0,0,0,0,0,0,0,,,,,,,,,-0.092,0.205,-0.092,0.205,0,0,0,0,0,0,0,0,,,,,,,,,,,,,,,,,,,,,,,,,,,,,,,,,,,,,,,,,,,,,,,,,,,,,,,,,,,,,,,,,,,,,,,,,,,,,,,,,,,,,,0
280,0.121,0.198,0.33,0.312,-0.1,0.07,-0.007,-0.072,0.087,-0.014,0.199,0.199,0.057,-0.024,-0.013,-0.115,-0.092,0.339,0.003,0,0.01,-0.124,0.046,,,,,,,,,,0.025,0.016,,,,,,-0.164,-0.005,-0.003,-0.157,0,0.001,0.014,-0.003,-0.007,-0.026,-0.002,-0.039,-0.049,-0.018,0.014,-0.018,0,-0.004,,,,,,,,,,,,,,,,,,,,,,,,,,,,,,,,,,,,,,,,,,,,,,,,,,,,,,,,,,,,,,,,,,,,,,,,,,,,,,,,,,,,,,,,,,,,,,,,,,,,,,,,,,,,,,,,,,,,,,,,,,,,,,,,,,,,,,,,,,,,,,,,,,,,,,,,,,,,,,,,,,,,,,,,,,,,,,,,,,,,,,,,,,,,,,,,,,,,,,,,,,,,,,,,,,,,,,,,,,,,,,,,,,,,,,,,,,,,,,,,,,,,,,,,,,,,,,,,,,,,,,,,,,,,,,,,,,,,,,,,,,,,,,,,,,,,,,,,,,,,,,,,,,,,,,,,,,,,,,,,,,,,,,,,,,,,,,,,,,,,,,,,,,,,,,,,,,,,,,,,,,,,,,,,,,,,,,,,,,,,,,,,,,,,,,,,,,,,,,,,,,,,,,,,,,,,,,,,,,,,,,,,,,,,,,,,,,,,,,,,,,,,,,,,,,,,,,,,,,,,,,,,,,,,,,,,,,,,,,,,,,,,,,,,,,,,,,,,,,,,,,,,,,,,,,,,,,,,,,,,,,,,,,,,,,,,,,,,,,,,,,,,,,,,,,,,,,,,,,,,,,,,,,,,,,,,,,,,,,,,,,,,,,,,,,,,,,,,,,,,,,,,,,,,,,,,,,,,,,,,,,,,,,,,,,,,,,,,,,,,,,,,,,,,,,,,,,,,,,,,,,,,,,,-0.147,-0.19,-0.201,-0.029,-0.075,-0.071,0,0.038,0.027,0.058,-0.109,-0.175,-0.143,0.137,-0.017,-0.115,-0.029,0.038,-0.283,-0.002,0.163,0.041,-0.201,0,-0.175,-0.115,-0.109,-0.017,0.101,0.101,-0.19,-0.071,0.015,-0.076,-0.076,-0.071,-0.147,-0.075,0.058,0.137,0.027,-0.143,-0.04,0.52,-0.04,0.52,0.02,0.023,0.11,0,0,0,0,0.007,0.007,0.001,-0.002,-0.029,0.007,0.004,0.001,-0.081,-0.029,0.029,0.004,-0.125,-0.081,0.001,-0.038,0.07,-0.108,0.004,-0.065,0,0,-0.012,-0.127,0,0,0.008,-0.062,0.002,-0.097,0.002,-0.097,0,0,-0.004,-0.139,-0.005,-0.139,0.029,-0.12,0,0,-0.228,0.003,0,0,0,0,0,0,0.075,-0.06,0.003,-0.022,0.012,0.005,0.017,0.013,0.009,0.013,-0.002,0.017,0.134,0.015,0.013,0.007,0.013,-0.056,,,,,,-0.074,-0.08,-0.028,-0.074,-0.074,0.018,0,0,0,0,0,0,0,0,0,-0.076,0.03,-0.192,0,0,0,0,,,,,,,,,0,0,0,0,,,,,,,,,,,,,,,,,,,,,,,,,,,,,,,,,,,,,,,,,,,,,,,,,,,,,,,,,,,,,,,,,,,,,,,,,,,,,,,,,,,,,,0
282,,,,,,,,,,,,,,,,,,,,,,,,,,,,,,,,,,,,,,,,,,,,,,,,,,,,,,,,,,,,,,,,,,,,,,,,,,,,,,,,,,,,,,,,,,,,,,,,,,,,,,,,,,,,,,,,,,,,,,,,,,,,,,,,,,,,,,,,,,,,,,,,,,,,,,,,,,,,,,,,,,,,,,,,,-0.048,-0.018,-0.05,0.148,0.111,-0.081,-0.004,-0.018,-0.166,0,-0.035,0,-0.316,-0.306,-0.316,-0.316,-0.019,-0.067,0.056,0.017,0.01,0.004,0.054,-0.005,0.087,0.033,-0.057,-0.011,-0.004,0.138,0.015,0.021,-0.014,0.569,-0.02,-0.025,0.007,-0.082,0.013,-0.026,,,,,,,,,,,,,,,,,,,,,,,,,0.573,0.039,-0.024,0.068,0.102,0.021,-0.003,0,0.037,-0.12,-0.007,0.018,-0.005,0.056,0.115,0.113,0.144,-0.122,-0.079,,,,,,,,,,,,,,,,,,,,,,,,,,,,,,,,,,,,,,,,,,,,,,,,,,,,,,,,,,,,,,,,,,,,,,,,,,,,,,,,,,,,,,,,,,,,,,,,,,,,,,,,,,,,,,,,,,,,,,,,,,,,,,,,,,,,,,,,,,,,,,,,,,,,,,,,,,,,,,,,,,,,,,,,,,,,,,,,,,,,,,,,,,,,,,,,,,,,,,,,,,,,,,,,,,,,,,,,,,,,,,,,,,,,,,,,,,,,,,,,,,,,,,,,,,,,,,,,,,,,,,,,,,,,,,,,,,,,,,,,,,,,,,,,,,,,,,,,,,,,,,,,,,,,,,,,,,,,,,,,,,,,,,,,,,,,,,,,,,,,,,,,,,,,,,,,,,,,,,,,,,,,,,,,,,,,,,,,,,,,,,,,,,,,,,,,,,,,,,,,,,,,,,,,,,,,,,,,,,,,,,,,,,,,,,,,,,,,,,,,,,,,,0.029,0.14,0.141,0.184,-0.03,0.108,-0.054,0.099,-0.035,0.026,0.079,-0.07,0.06,-0.038,,,,,,,,,,,,,,,0.182,-0.03,0.184,0.012,0.07,0.058,-0.082,-0.072,-0.168,-0.157,-0.086,-0.076,0.172,0.238,0.017,0.218,0.012,-0.072,0.005,-0.085,-0.133,-0.063,0.184,-0.082,-0.076,0.218,-0.086,0.017,0.063,0.063,-0.03,0.058,0.109,0.071,-0.022,0.058,0.182,0.07,-0.157,0.238,-0.168,0.172,0.017,-0.48,0.017,-0.48,-0.023,-0.017,-0.047,-0.001,0,0,0,-0.009,-0.009,0,-0.003,0.106,-0.02,0.001,0,0.099,0.106,0.017,0.001,0.316,0.099,-0.001,0.097,0.146,0.043,0.002,0.115,0,0,0.032,0.453,0,0,0.004,0.34,0.008,0.382,0.008,0.382,0,0,-0.013,0.427,-0.014,0.427,0.017,0.321,0,0,-0.007,-0.001,0,0,0,0,0,0,0.095,0.079,0.106,0.091,0.014,0.016,-0.029,0.013,-0.013,0.013,-0.002,0.013,-0.021,0.038,0.013,0.017,0.013,0.018,,,,,,-0.21,-0.179,0.227,-0.21,-0.21,-0.136,0,0,0,0,0,0,0,0,,,,,,,,,0.008,-0.136,0.008,-0.136,0,0,0,0,0,0,0,0,,,,,,,,,,,,,,,,,,,,,,,,,,,,,,,,,,,,,,,,,,,,,,,,,,,,,,,,,,,,,,,,,,,,,,,,,,,,,,,,,,,,,,0
284,,,,,,,,,,,,,,,,,,,,,,,,,,,,,,,,,,,,,,,,,,,,,,,,,,,,,,,,,,,,,,,,,,,,,,,,,,,,,,,,,,-0.063,-0.075,0.067,0.14,0.058,0.077,0.014,0.115,-0.148,-0.124,0.181,0.181,-0.021,-0.018,,,,,,,,,,0.012,-0.234,-0.052,0.088,-0.004,0,0.013,-0.234,0.002,0.027,0.008,,,-0.01,0.076,0.021,,,,-0.197,0,0,,,,,,,,,,,,,,,,,,,,,,,,,,,,,-0.007,-0.105,-0.041,-0.002,-0.057,-0.076,-0.245,0.018,-0.147,-0.01,-0.017,-0.235,-0.029,0.119,,,,,,,,,,,,,,,,,,,,,,,,,,,,,,,,,,,,,,,,,,,,,,,,,,,,,,,,,,,,,,,,,,,,,,,,,,,,,,,,,,,,,,,,,,,,,,,,,,,,,,,,,,,,,,,,,,,,,,,,,,,,,,,,,,,,,,,,,,,,,,,,,,,,,,,,,,,,,,,,,,,,,,,,,,,,,,,,,,,,,,,,,,,,,,,,,,,,,,,,,,,,,,,,,,,,,,,,,,,,,,,,,,,,,,,,,,,,,,,,,,,,,,,,,,,,,,,,,,,,,,,,,,,,,,,,,,,,,,,,,,,,,,,,,,,,,,,,,,,,,,,,,,,,,,,,,,,,,,,,,,,,,,,,,,,,,,,,,,,,,,,,,,,,,,,,,,,,,,,,,,,,,,,,,,,,,,,,,,,,,,,,,,,,,,,,,,,,,,,,,,,,,,,,,,,,,,,,,,,,,,,,,,,,,,,,,,,,,,,,,,,,,,,,,,,,,,,,,,,,,,,,,,,,,,,,,,,,,,,,,,,,,,,,,,,,,,,,,,,,,,,,,,,,,,,,,,,,,,,,,,,,,,,,,,,,,,,,,,,,,,,,,,,,,,,,,,,,-0.084,0.077,0.072,0.012,-0.114,-0.099,-0.107,-0.059,-0.038,-0.056,0.134,0.154,0.137,-0.156,-0.083,-0.115,0.012,-0.059,-0.258,-0.098,0.127,-0.076,0.072,-0.107,0.154,-0.115,0.134,-0.083,0.063,0.063,0.077,-0.099,-0.157,-0.116,0.015,-0.098,-0.084,-0.114,-0.056,-0.156,-0.038,0.137,0.017,-0.48,0.017,-0.48,-0.023,-0.017,-0.035,0,0,0,0,-0.015,-0.015,0.001,-0.001,-0.137,0.033,0.004,0.001,-0.121,-0.137,0,0.004,-0.074,-0.121,0.001,-0.146,0.001,0.043,0.005,-0.105,0,0,0.046,-0.046,0,0,-0.002,-0.093,0.002,-0.084,0.002,-0.084,0,0,-0.003,-0.06,-0.004,-0.06,0,-0.069,0,0,0.201,0.019,0,0,0,0,0,0,0.171,0.246,-0.078,-0.116,0.012,-0.007,-0.018,0.013,-0.007,0.013,0.011,0.011,-0.041,0.028,0.013,0.007,0.013,0.044,,,,,,0.017,0.007,0.006,0.017,0.017,0.01,0,0,0,0,0,0,0,0,0,0.035,-0.082,0.088,0,0,0,0,,,,,,,,,0,0,0,0,,,,,,,,,,,,,,,,,,,,,,,,,,,,,,,,,,,,,,,,,,,,,,,,,,,,,,,,,,,,,,,,,,,,,,,,,,,,,,,,,,,,,,0
285,,,,,,,,,,,,,,,,,,,,,,,,,,,,,,,,,,,,,,,,,,,,,,,,,,,,,,,,,,,,,,,,,,,,,,,,,,,,,,,,,,-0.026,-0.039,0.052,0.14,0.058,0.077,0.006,0.084,-0.128,0.031,-0.316,-0.316,0.019,0.103,0.033,-0.086,0.066,-0.333,-0.005,0,0.043,-0.062,0.063,,,,,,,,,,,,0.148,0.018,-0.01,0.161,-0.044,,,,-0.197,0,0,,,,,,,,,,,,,,,-0.002,-0.062,0.075,-0.05,0.011,0.01,0.013,0.008,-0.164,-0.016,-0.047,0.007,0.004,0.002,,,,,,,,,,,,,,,,,,,,,,,,,,,,,,,,,,,,,,,,,,,,,,,,,,,,,,,,,,,,,,,,,,,,,,,,,,,,,,,,,,,,,,,,,,,,,,,,,,,,,,,,,,,,,,,,,,,,,,,,,,,,,,,,,,,,,,,,,,,,,,,,,,,,,,,,,,,,,,,,,,,,,,,,,,,,,,,,,,,,,,,,,,,,,,,,,,,,,,,,,,,,,,,,,,,,,,,,,,,,,,,,,,,,,,,,,,,,,,,,,,,,,,,,,,,,,,,,,,,,,,,,,,,,,,,,,,,,,,,,,,,,,,,,,,,,,,,,,,,,,,,,,,,,,,,,,,,,,,,,,,,,,,,,,,,,,,,,,,,,,,,,,,,,,,,,,,,,,,,,,,,,,,,,,,,,,,,,,,,,,,,,,,,,,,,,,,,,,,,,,,,,,,,,,,,,,,,,,,,,,,,,,,,,,,,,,,,,,,,,,,,,,,,,,,,,,,,,,,,,,,,,,,,,,,,,,,,,,,,,,,,,,,,,,,,,,,,,,,,,,,,,,,,,,,,,,,,,,,,,,,,,,,,,,,,,,,,,,,,,,,,,,,,,,,,,,,,,,,,,,,,,,,,,,,-0.084,-0.03,-0.017,0.042,-0.001,-0.026,0,-0.014,-0.038,-0.031,0.161,0.16,0.137,0.35,-0.05,-0.115,0.042,-0.014,0.15,-0.009,-0.115,-0.005,-0.017,0,0.16,-0.115,0.161,-0.05,0.082,0.082,-0.03,-0.026,0.033,-0.002,-0.022,-0.026,-0.084,-0.001,-0.031,0.35,-0.038,0.137,0.017,-0.48,0.017,-0.48,-0.019,-0.017,-0.055,0,0,0,0,0.023,0.023,-0.005,0.003,-0.029,0.27,-0.006,-0.005,-0.121,-0.029,-0.011,-0.006,-0.024,-0.121,-0.005,-0.038,-0.009,0.225,-0.006,-0.105,0,0,-0.006,-0.031,0,0,-0.005,-0.058,0.008,-0.041,0.009,-0.041,0,0,-0.012,-0.016,-0.013,-0.016,-0.011,-0.019,0,0,-0.004,-0.003,0,0,0,0,0,0,0.042,-0.058,-0.087,0.035,0.017,0.05,-0.015,0.013,-0.005,0.013,-0.039,0.013,0.038,-0.033,0.013,-0.015,0.013,-0.049,,,,,,-0.029,-0.043,-0.067,-0.029,-0.029,-0.055,0,0,0,0,0,0,0,0,,,,,,,,,0.108,-0.048,0.108,-0.048,0,0,0,0,0,0,0,0,,,,,,,,,,,,,,,,,,,,,,,,,,,,,,,,,,,,,,,,,,,,,,,,,,,,,,,,,,,,,,,,,,,,,,,,,,,,,,,,,,,,,,0
286,,,,,,,,,,,,,,,,,,,,,,,,,,,,,,,,,,,,,,,,,,,,,,,,,,,,,,,,,,,,,,,,,,,,,,,,,,,,,,,,,,0.084,0.083,-0.05,-0.101,-0.109,-0.154,-0.014,-0.072,0.025,0.146,0.339,0.339,0.153,-0.159,,,,,,,,,,0.012,-0.155,0.048,-0.297,-0.006,0,0.013,-0.21,0.035,0.051,-0.01,,,,,,-0.044,-0.055,-0.035,0.803,0,0,-0.023,0.097,-0.031,-0.056,-0.026,-0.035,-0.027,0.016,0.191,-0.045,0.051,-0.007,-0.01,-0.005,,,,,,,,,,,,,,,,,,,,,,,,,,,,,,,,,,,,,,,,,,,,,,,,,,,,,,,,,,,,,,,,,,,,,,,,,,,,,,,,,,,,,,,,,,,,,,,,,,,,,,,,,,,,,,,,,,,,,,,,,,,,,,,,,,,,,,,,,,,,,,,,,,,,,,,,,,,,,,,,,,,,,,,,,,,,,,,,,,,,,,,,,,,,,,,,,,,,,,,,,,,,,,,,,,,,,,,,,,,,,,,,,,,,,,,,,,,,,,,,,,,,,,,,,,,,,,,,,,,,,,,,,,,,,,,,,,,,,,,,,,,,,,,,,,,,,,,,,,,,,,,,,,,,,,,,,,,,,,,,,,,,,,,,,,,,,,,,,,,,,,,,,,,,,,,,,,,,,,,,,,,,,,,,,,,,,,,,,,,,,,,,,,,,,,,,,,,,,,,,,,,,,,,,,,,,,,,,,,,,,,,,,,,,,,,,,,,,,,,,,,,,,,,,,,,,,,,,,,,,,,,,,,,,,,,,,,,,,,,,,,,,,,,,,,,,,,,,,,,,,,,,,,,,,,,,,,,,,,,,,,,,,,,,,,,,,,,,,,,,,,,,,,,,,,,,,,,,,,,,,,,,,,,,,,,,,,,,,,,,,,,,-0.084,-0.03,-0.017,0.15,0.116,0.106,-0.082,-0.033,-0.142,-0.106,-0.095,-0.048,0.219,-0.099,-0.017,-0.115,0.15,-0.033,-0.175,-0.072,0.271,-0.044,-0.017,-0.082,-0.048,-0.115,-0.095,-0.017,0.082,0.082,-0.03,0.106,0.033,0.118,-0.022,0.106,-0.084,0.116,-0.106,-0.099,-0.142,0.219,0.017,-0.48,0.017,-0.48,-0.014,-0.017,-0.067,0,0,0,0,-0.005,-0.005,0,0,0.025,0.033,0.002,0,0.079,0.025,0.019,0.002,0.334,0.079,0,0.016,0,0.073,0.002,0.095,0,0,0.004,0.055,0,0,-0.005,-0.026,-0.002,0.012,-0.002,0.012,0,0,-0.012,0.282,-0.013,0.282,0.019,0.339,0,0,0.058,0.007,0,0,0,0,0,0,0.045,-0.043,0.016,0.015,0.011,-0.024,0.065,0.013,0.031,0.013,0.081,0.008,-0.044,0.078,0.013,0.039,0.013,0.005,,,,,,-0.21,-0.196,0.027,-0.21,-0.21,0.026,0,0,0,0,0,0,0,0,,,,,,,,,0.008,0.201,0.008,0.201,0,0,0,0,0,0,0,0,,,,,,,,,,,,,,,,,,,,,,,,,,,,,,,,,,,,,,,,,,,,,,,,,,,,,,,,,,,,,,,,,,,,,,,,,,,,,,,,,,,,,,0
287,-0.114,-0.078,0.294,0.33,0.031,0.206,0.045,0.168,0.036,-0.094,0.205,0.205,0.06,-0.138,-0.113,0.039,-0.092,-0.202,-0.026,0,-0.09,-0.076,0.07,,,,,,,,,,0.071,0.004,,,,,,-0.164,0.027,-0.022,0.343,0,0.001,-0.035,-0.059,-0.02,-0.029,-0.001,-0.024,-0.18,0.036,-0.193,-0.118,0,-0.002,,,,,,,,,,,,,,,,,,,,,,,,,,,,,,,,,,,,,,,,,,,,,,,,,,,,,,,,,,,,,,,,,,,,,,,,,,,,,,,,,,,,,,,,,,,,,,,,,,,,,,,,,,,,,,,,,,,,,,,,,,,,,,,,,,,,,,,,,,,,,,,,,,,,,,,,,,,,,,,,,,,,,,,,,,,,,,,,,,,,,,,,,,,,,,,,,,,,,,,,,,,,,,,,,,,,,,,,,,,,,,,,,,,,,,,,,,,,,,,,,,,,,,,,,,,,,,,,,,,,,,,,,,,,,,,,,,,,,,,,,,,,,,,,,,,,,,,,,,,,,,,,,,,,,,,,,,,,,,,,,,,,,,,,,,,,,,,,,,,,,,,,,,,,,,,,,,,,,,,,,,,,,,,,,,,,,,,,,,,,,,,,,,,,,,,,,,,,,,,,,,,,,,,,,,,,,,,,,,,,,,,,,,,,,,,,,,,,,,,,,,,,,,,,,,,,,,,,,,,,,,,,,,,,,,,,,,,,,,,,,,,,,,,,,,,,,,,,,,,,,,,,,,,,,,,,,,,,,,,,,,,,,,,,,,,,,,,,,,,,,,,,,,,,,,,,,,,,,,,,,,,,,,,,,,,,,,,,,,,,,,,,,,,,,,,,,,,,,,,,,,,,,,,,,,,,,,,,,,,,,,,,,,,,,,,,,,,,,,,,,,,,,,,,,,,,,,,,,,,,,,,,,,,0.049,-0.139,-0.238,-0.174,0.076,0.058,-0.044,-0.085,0.014,0.07,0.082,0.141,0.101,0.238,-0.05,-0.115,-0.174,-0.085,0.02,-0.053,-0.244,-0.076,-0.238,-0.044,0.141,-0.115,0.082,-0.05,0.082,0.082,-0.139,0.058,0.071,0.076,-0.059,0.058,0.049,0.076,0.07,0.238,0.014,0.101,0.017,-0.48,0.017,-0.48,-0.019,-0.017,-0.071,0,0,0,0,0.003,0.003,-0.003,-0.001,0.133,0.059,-0.004,-0.003,0.079,0.133,0,-0.004,0.1,0.079,-0.003,0.124,0.038,0.013,-0.003,0.095,0,0,0.017,0.034,0,0,0.009,0.005,-0.008,-0.007,-0.009,-0.007,0,0,0.022,0.111,0.021,0.111,0,0.105,0,0,0.14,-0.001,0,0,0,0,0,0,-0.029,-0.104,-0.013,-0.003,0.012,-0.004,0.036,0.013,0.017,0.013,-0.002,0.013,0.015,0.036,0.013,0.017,0.013,-0.024,,,,,,0.062,0.049,-0.067,0.062,0.062,-0.055,0,0,0,0,0,0,0,0,,,,,,,,,0.108,-0.003,0.108,-0.003,0,0,0,0,0,0,0,0,,,,,,,,,,,,,,,,,,,,,,,,,,,,,,,,,,,,,,,,,,,,,,,,,,,,,,,,,,,,,,,,,,,,,,,,,,,,,,,,,,,,,,0
288,0.069,0.123,0.312,0.312,-0.143,0.025,0.008,-0.032,0.107,-0.088,0.302,0.302,0.003,-0.002,,,,,,,,,,0.109,-0.184,0.049,0.102,0.004,0,0.119,-0.135,0.097,,,0.055,0.234,,,,0.336,-0.503,-0.018,0.343,0,0.001,,,,,,,,,,,,,,,,,,,,,,,,,0.124,0.054,0.002,-0.033,0.188,0.172,0.045,0.008,-0.041,0.008,0.123,-0.039,,,,,,,,,,,,,,,,,,,,,,,,,,,,,,,,,,,,,,,,,,,,,,,,,,,,,,,,,,,,,,,,,,,,,,,,,,,,,,,,,,,,,,,,,,,,,,,,,,,,,,,,,,,,,,,,,,,,,,,,,,,,,,,,,,,,,,,,,,,,,,,,,,,,,,,,,,,,,,,,,,,,,,,,,,,,,,,,,,,,,,,,,,,,,,,,,,,,,,,,,,,,,,,,,,,,,,,,,,,,,,,,,,,,,,,,,,,,,,,,,,,,,,,,,,,,,,,,,,,,,,,,,,,,,,,,,,,,,,,,,,,,,,,,,,,,,,,,,,,,,,,,,,,,,,,,,,,,,,,,,,,,,,,,,,,,,,,,,,,,,,,,,,,,,,,,,,,,,,,,,,,,,,,,,,,,,,,,,,,,,,,,,,,,,,,,,,,,,,,,,,,,,,,,,,,,,,,,,,,,,,,,,,,,,,,,,,,,,,,,,,,,,,,,,,,,,,,,,,,,,,,,,,,,,,,,,,,,,,,,,,,,,,,,,,,,,,,,,,,,,,,,,,,,,,,,,,,,,,,,,,,,,,,,,,,,,,,,,,,,,,,,,,,,,,,,,,,,,,,,,,,,,,,,,,,,,,,,,,,,,,,,,,,,,,,,,,,,,,,,,,,,,,,,,,,,,,,,,,,,,,,,,,,,,,,,,,,,,,,,,,,0.315,0.077,-0.017,0.15,-0.06,-0.045,-0.025,-0.014,-0.09,-0.132,0.102,0.066,0.113,-0.043,-0.05,-0.115,0.15,-0.014,0.15,-0.034,-0.051,-0.005,-0.017,-0.025,0.066,-0.115,0.102,-0.05,0.082,0.082,0.077,-0.045,-0.043,-0.061,0.015,-0.045,0.315,-0.06,-0.132,-0.043,-0.09,0.113,0.017,-0.48,0.017,-0.48,-0.019,-0.02,-0.075,0,0,0,0,-0.011,-0.011,0.006,0.002,-0.11,0.138,0.012,0.006,-0.061,-0.11,0,0.012,0.091,-0.061,0.006,-0.119,0.024,0.073,0.013,-0.045,0,0,0.017,-0.031,0,0,-0.002,-0.089,-0.008,-0.081,-0.009,-0.081,0,0,-0.003,0.076,-0.004,0.076,0,0.096,0,0,0.14,-0.007,0,0,0,0,0,0,0.151,0.048,0.019,0.02,0.012,-0.024,0.002,0.013,0.001,0.013,0.025,0.014,0.013,-0.012,0.013,-0.005,0.013,-0.024,,,,,,-0.074,-0.072,0.017,-0.074,-0.074,0.108,0,0,0,0,0,0,0,0,,,,,,,,,0.108,0.215,0.108,0.215,0,0,0,0,0,0,0,0,,,,,,,,,,,,,,,,,,,,,,,,,,,,,,,,,,,,,,,,,,,,,,,,,,,,,,,,,,,,,,,,,,,,,,,,,,,,,,,,,,,,,,0
290,0.095,0.108,-0.215,-0.216,-0.056,0.07,-0.03,-0.152,0.25,0.093,0.032,0.032,-0.122,0.137,0.087,-0.102,0.108,-0.175,0.002,0,0.01,0.575,-0.007,,,,,,,,,,,,0.021,-0.099,0.164,-0.213,0.098,,,,-0.157,0,0.001,,,,,,,,,,,,,0.002,0.023,-0.009,-0.007,-0.001,-0.008,-0.014,-0.006,-0.171,0,0,0,,,,,,,,,,,,,,,,,,,,,,,,,,,,,,,,,,,,,,,,,,,,,,,,,,,,,,,,,,,,,,,,,,,,,,,,,,,,,,,,,,,,,,,,,,,,,,,,,,,,,,,,,,,,,,,,,,,,,,,,,,,,,,,,,,,,,,,,,,,,,,,,,,,,,,,,,,,,,,,,,,,,,,,,,,,,,,,,,,,,,,,,,,,,,,,,,,,,,,,,,,,,,,,,,,,,,,,,,,,,,,,,,,,,,,,,,,,,,,,,,,,,,,,,,,,,,,,,,,,,,,,,,,,,,,,,,,,,,,,,,,,,,,,,,,,,,,,,,,,,,,,,,,,,,,,,,,,,,,,,,,,,,,,,,,,,,,,,,,,,,,,,,,,,,,,,,,,,,,,,,,,,,,,,,,,,,,,,,,,,,,,,,,,,,,,,,,,,,,,,,,,,,,,,,,,,,,,,,,,,,,,,,,,,,,,,,,,,,,,,,,,,,,,,,,,,,,,,,,,,,,,,,,,,,,,,,,,,,,,,,,,,,,,,,,,,,,,,,,,,,,,,,,,,,,,,,,,,,,,,,,,,,,,,,,,,,,,,,,,,,,,,,,,,,,,,,,,,,,,,,,,,,,,,,,,,,,,,,,,,,,,,,,,,,,,,,,,,,,,,,,,,,,,,,,,,,,,,,,,,,,,,,,,,,,,,,,,,,,,,,,,,,,,,,,,,,,,-0.21,0.082,0.39,-0.118,-0.131,-0.114,0.151,0.2,-0.063,-0.03,0.354,0.346,-0.132,-0.088,-0.083,-0.115,-0.118,0.2,-0.007,0.17,0.508,0.196,0.39,0.151,0.346,-0.115,0.354,-0.083,0.082,0.082,0.082,-0.114,-0.003,-0.134,0.017,-0.114,-0.21,-0.131,-0.03,-0.088,-0.063,-0.132,-0.097,0.52,-0.097,0.52,-0.009,-0.001,0.012,0,0,0,0,0.006,0.006,-0.003,-0.002,-0.029,-0.046,-0.004,-0.003,0.079,-0.029,0.029,-0.004,-0.125,0.079,-0.003,-0.038,0.106,0.104,-0.003,0.095,0,0,-0.08,-0.142,0,0,0.008,-0.038,-0.009,-0.075,-0.009,-0.075,0,0,0.022,-0.165,0.02,-0.165,0.029,-0.12,0,0,0.017,0.003,0,0,0,0,0,0,-0.049,-0.158,-0.101,-0.096,0.011,0.022,0.141,0.013,0.053,0.013,-0.045,0.015,0.08,0.054,0.013,0.023,0.013,-0.036,,,,,,-0.029,-0.024,0.013,-0.029,-0.029,0.01,0,0,0,0,0,0,0,0,0,-0.03,0.03,-0.075,0,0,0,0,,,,,,,,,0,0,0,0,,,,,,,,,,,,,,,,,,,,,,,,,,,,,,,,,,,,,,,,,,,,,,,,,,,,,,,,,,,,,,,,,,,,,,,,,,,,,,,,,,,,,,0
292,,,,,,,,,,,,,,,,,,,,,,,,,,,,,,,,,,,,,,,,,,,,,,,,,,,,,,,,,,,,,,,,,,,,,,,,,,,,,,,,,,,,,,,,,,,,,,,,,,,,,,,,,,,,,,,,,,,,,,,,,,,,,,,,,,,,,,,,,,,,,,,,,,,,,,,,,,,,,,,,,,,,,,,,,,,,,,,,,,,,,,,,,,,,,,,,,,,,,,,,,,,,,,,,,,,,,,,,,,,,,,,,,,,,,,,,,,,,,,,,,,,,,,,,,,,,,,,,,,,,,,,,,,,,,,,,,,,,,,,,,,,,,,,,,,,,,,,,,,,,,,,,,,,,,,,,,,,,,,,,,,,,,0.039,-0.081,-0.05,0.008,-0.065,0.006,0.001,0.048,0.128,-0.103,-0.105,-0.115,0.12,0.03,,,,,,,,,,,,,,,,-0.024,-0.124,-0.002,-0.007,-0.011,0.153,0.165,0.001,-0.228,-0.002,0.002,0.182,0.004,-0.001,-0.02,,,,,,,,,,-0.221,0.069,-0.064,-0.007,-0.035,0.043,-0.034,0.097,-0.144,-0.012,0.084,0.128,0.12,0.048,0,-0.046,-0.029,0.122,-0.014,-0.042,,,,,,,,,,,,,,,,,,,,,,,,,,,,,,,,,,,,,,,,,,,,,,,,,,,,,,,,,,,,,,,,,,,,,,,,,,,,,,,,,,,,,,,,,,,,,,,,,,,,,,,,,,,,,,,,,,,,,,,,,,,,,,,,,,,,,,,,,,,,,,,,,,,,,,,,,,,,,,,,,,,,,,,,,,,,,,,,,,,,,,,,,,,,,,,,,,,,,,,,,,,,,,,,,,,,,,,,,,,,,,,,,,,,,,,,,,,,,,,,,,,,,,,,,,,,,,,,,,,,,,,,,,,,,,,,,,,,,,,,,,,,,0.319,0.058,-0.125,-0.123,-0.031,0.111,0.095,0.043,-0.035,0.063,-0.034,0.167,-0.048,0.884,,,,,,,,,,,,,,,,,,,,,,,,,,,,,-0.014,0.026,-0.037,0.131,-0.082,-0.058,0.006,0.025,0.079,0.058,-0.139,-0.185,-0.167,-0.2,-0.05,-0.115,0.131,0.025,0.138,-0.002,-0.062,0.034,-0.037,0.006,-0.185,-0.115,-0.139,-0.05,0.057,0.057,0.026,-0.058,-0.364,-0.084,-0.002,-0.058,-0.014,-0.082,0.058,-0.2,0.079,-0.167,-0.04,0.52,-0.04,0.52,0.005,0.011,0.043,0,0,0,0,0.009,0.009,0,-0.003,-0.083,0.033,0.002,0,0.339,-0.083,-0.011,0.002,-0.051,0.339,0,-0.092,0.146,0.407,0.002,0.355,0,0,-0.006,0.058,0,0,-0.005,0.033,-0.002,0.031,-0.002,0.031,0,0,-0.012,0.01,-0.013,0.01,-0.011,-0.046,0,0,0.118,-0.001,0,0,0,0,0,0,-0.196,-0.151,0.096,0.079,0.013,-0.004,-0.017,0.013,-0.007,0.013,-0.002,0.016,0.069,0.004,0.013,0.003,0.013,-0.043,,,,,,-0.21,-0.193,0.136,-0.21,-0.21,0.035,0,0,0,0,0,0,0,0,,,,,,,,,0.008,-0.149,0.008,-0.149,0,0,0,0,0,0,0,0,,,,,,,,,,,,,,,,,,,,,,,,,,,,,,,,,,,,,,,,,,,,,,,,,,,,,,,,,,,,,,,,,,,,,,,,,,,,,,,,,,,,,,0
293,0.003,-0.004,0.33,0.312,0.031,0.116,0.022,0.128,0.051,-0.003,-0.055,-0.055,0.006,-0.035,-0.013,-0.091,0.008,-0.166,0.006,0,0.01,-0.063,-0.077,,,,,,,,,,,,0.068,0.347,,,,0.336,-0.416,-0.012,-0.157,0,0.001,,,,,,,,,,,,,,,,,,,,,,,,,-0.033,-0.128,0.008,0.174,-0.312,-0.237,-0.046,-0.137,0.068,0.022,-0.234,0.148,,,,,,,,,,,,,,,,,,,,,,,,,,,,,,,,,,,,,,,,,,,,,,,,,,,,,,,,,,,,,,,,,,,,,,,,,,,,,,,,,,,,,,,,,,,,,,,,,,,,,,,,,,,,,,,,,,,,,,,,,,,,,,,,,,,,,,,,,,,,,,,,,,,,,,,,,,,,,,,,,,,,,,,,,,,,,,,,,,,,,,,,,,,,,,,,,,,,,,,,,,,,,,,,,,,,,,,,,,,,,,,,,,,,,,,,,,,,,,,,,,,,,,,,,,,,,,,,,,,,,,,,,,,,,,,,,,,,,,,,,,,,,,,,,,,,,,,,,,,,,,,,,,,,,,,,,,,,,,,,,,,,,,,,,,,,,,,,,,,,,,,,,,,,,,,,,,,,,,,,,,,,,,,,,,,,,,,,,,,,,,,,,,,,,,,,,,,,,,,,,,,,,,,,,,,,,,,,,,,,,,,,,,,,,,,,,,,,,,,,,,,,,,,,,,,,,,,,,,,,,,,,,,,,,,,,,,,,,,,,,,,,,,,,,,,,,,,,,,,,,,,,,,,,,,,,,,,,,,,,,,,,,,,,,,,,,,,,,,,,,,,,,,,,,,,,,,,,,,,,,,,,,,,,,,,,,,,,,,,,,,,,,,,,,,,,,,,,,,,,,,,,,,,,,,,,,,,,,,,,,,,,,,,,,,,,,,,,,,,,,,,-0.084,0.185,0.314,0.366,0.101,0.095,-0.1,-0.053,-0.116,-0.106,-0.075,-0.105,0.172,-0.156,-0.05,-0.115,0.366,-0.053,-0.045,-0.091,0.463,-0.063,0.314,-0.1,-0.105,-0.115,-0.075,-0.05,0.082,0.082,0.185,0.095,0.033,0.102,0.053,0.096,-0.084,0.101,-0.106,-0.156,-0.116,0.172,0.017,-0.48,0.017,-0.48,-0.019,-0.013,-0.035,0,0,0,0,-0.015,-0.015,0.004,0,0.052,-0.072,0.002,0.004,-0.121,0.052,-0.011,0.002,-0.083,-0.121,0.004,0.043,0.064,-0.108,0.002,-0.105,0,0,-0.006,-0.082,0,0,-0.005,-0.066,-0.002,-0.062,-0.002,-0.062,0,0,-0.012,-0.108,-0.013,-0.108,-0.011,-0.078,0,0,0.057,-0.004,0,0,0,0,0,0,-0.056,-0.13,0.118,0.165,0.016,0.005,-0.096,0.013,-0.041,0.013,-0.002,0.013,0.046,-0.042,0.013,-0.017,0.013,-0.056,,,,,0.006,0.017,0.002,-0.258,0.017,0.017,0.026,0,0,0,0,0,0,0,0,0,-0.07,0.03,-0.178,0,0,0,0,,,,,,,,,0,0,0,0,,,,,,,,,,,,,,,,,,,,,,,,,,,,,,,,,,,,,,,,,,,,,,,,,,,,,,,,,,,,,,,,,,,,,,,,,,,,,,,,,,,,,,0
295,-0.049,-0.071,-0.015,0.003,-0.013,0.116,0.008,0.088,-0.133,0.024,0.076,0.076,0.116,0.065,0.087,0.021,0.108,-0.08,-0.002,0,0.11,-0.14,0.048,,,,,,,,,,0.025,0.011,,,0.164,-0.274,0.107,,,,-0.157,0,0.001,,,,,,,,,,,,,-0.035,0.087,-0.018,0.018,0.018,0.024,0.066,0.024,-0.237,0.006,0,0,,,,,,,,,,,,,,,,,,,,,,,,,,,,,,,,,,,,,,,,,,,,,,,,,,,,,,,,,,,,,,,,,,,,,,,,,,,,,,,,,,,,,,,,,,,,,,,,,,,,,,,,,,,,,,,,,,,,,,,,,,,,,,,,,,,,,,,,,,,,,,,,,,,,,,,,,,,,,,,,,,,,,,,,,,,,,,,,,,,,,,,,,,,,,,,,,,,,,,,,,,,,,,,,,,,,,,,,,,,,,,,,,,,,,,,,,,,,,,,,,,,,,,,,,,,,,,,,,,,,,,,,,,,,,,,,,,,,,,,,,,,,,,,,,,,,,,,,,,,,,,,,,,,,,,,,,,,,,,,,,,,,,,,,,,,,,,,,,,,,,,,,,,,,,,,,,,,,,,,,,,,,,,,,,,,,,,,,,,,,,,,,,,,,,,,,,,,,,,,,,,,,,,,,,,,,,,,,,,,,,,,,,,,,,,,,,,,,,,,,,,,,,,,,,,,,,,,,,,,,,,,,,,,,,,,,,,,,,,,,,,,,,,,,,,,,,,,,,,,,,,,,,,,,,,,,,,,,,,,,,,,,,,,,,,,,,,,,,,,,,,,,,,,,,,,,,,,,,,,,,,,,,,,,,,,,,,,,,,,,,,,,,,,,,,,,,,,,,,,,,,,,,,,,,,,,,,,,,,,,,,,,,,,,,,,,,,,,,,,,,,,,,,,,,,,,,,,0.252,-0.19,0.183,0.131,0.007,0.012,-0.038,-0.04,0.157,0.134,0.136,0.098,-0.202,-0.032,-0.15,0.218,0.131,-0.04,0.268,-0.047,-0.062,-0.031,0.183,-0.038,0.098,0.218,0.136,-0.15,0.057,0.057,-0.19,0.012,0.129,0.007,-0.076,0.013,0.252,0.007,0.134,-0.032,0.157,-0.202,-0.04,0.52,-0.04,0.52,0.005,0.007,0.043,0,0,0,0,-0.004,-0.004,-0.002,0.002,0.025,-0.23,0.007,-0.002,-0.081,0.025,0.008,0.007,-0.129,-0.081,-0.002,0.016,0.062,-0.199,0.007,-0.065,0,0,-0.038,-0.127,0,0,-0.009,-0.101,-0.006,-0.084,-0.006,-0.084,0,0,0.029,-0.156,0.028,-0.156,0.008,-0.124,0,0,-0.087,-0.007,0,0,0,0,0,0,-0.166,-0.132,0.109,0.181,0.011,0.016,-0.038,0.013,-0.017,0.013,-0.002,0.013,0.046,0.044,0.013,0.021,0.013,-0.056,,,,,,0.017,0.004,0.106,0.017,0.017,-0.022,0,0,0,0,0,0,0,0,0,0.042,-0.082,0.107,0,0,0,0,,,,,,,,,0,0,0,0,,,,,,,,,,,,,,,,,,,,,,,,,,,,,,,,,,,,,,,,,,,,,,,,,,,,,,,,,,,,,,,,,,,,,,,,,,,,,,,,,,,,,,0
297,,,,,,,,,,,,,,,,,,,,,,,,,,,,,,,,,,,,,,,,,,,,,,,,,,,,,,,,,,,,,,,,,,,,,,,,,,,,,,,,,,-0.081,-0.111,-0.057,-0.119,0.058,0,0.006,0.053,-0.133,-0.149,0.013,0.013,0.132,-0.223,-0.067,0.304,-0.034,0.134,0.004,0,-0.069,0.006,-0.061,,,,,,,,,,,,-0.073,0.229,,,,-0.044,0.193,-0.049,-0.197,0,0,,,,,,,,,,,,,,,,,,,,,,,,,,,,,0.029,0.069,0.014,0.007,0.124,0.084,0.085,-0.007,0.178,0,-0.118,0.08,0.012,0.001,,,,,,,,,,,,,,,,,,,,,,,,,,,,,,,,,,,,,,,,,,,,,,,,,,,,,,,,,,,,,,,,,,,,,,,,,,,,,,,,,,,,,,,,,,,,,,,,,,,,,,,,,,,,,,,,,,,,,,,,,,,,,,,,,,,,,,,,,,,,,,,,,,,,,,,,,,,,,,,,,,,,,,,,,,,,,,,,,,,,,,,,,,,,,,,,,,,,,,,,,,,,,,,,,,,,,,,,,,,,,,,,,,,,,,,,,,,,,,,,,,,,,,,,,,,,,,,,,,,,,,,,,,,,,,,,,,,,,,,,,,,,,,,,,,,,,,,,,,,,,,,,,,,,,,,,,,,,,,,,,,,,,,,,,,,,,,,,,,,,,,,,,,,,,,,,,,,,,,,,,,,,,,,,,,,,,,,,,,,,,,,,,,,,,,,,,,,,,,,,,,,,,,,,,,,,,,,,,,,,,,,,,,,,,,,,,,,,,,,,,,,,,,,,,,,,,,,,,,,,,,,,,,,,,,,,,,,,,,,,,,,,,,,,,,,,,,,,,,,,,,,,,,,,,,,,,,,,,,,,,,,,,,,,,,,,,,,,,,,,,,,,,,,,,,,,,,,,0.095,0.222,0.008,0.275,0.035,0.004,0.057,0.038,0.1,0.104,0.046,0.031,-0.002,-0.032,0.05,-0.115,0.275,0.038,0.165,0.049,0.024,0.047,0.008,0.057,0.031,-0.115,0.046,0.05,0.037,0.037,0.222,0.004,0.084,0.035,0.065,0.004,0.095,0.035,0.104,-0.032,0.1,-0.002,0.417,0.52,0.417,0.52,0.039,0.031,0.102,0,0,0,0,-0.006,-0.006,0,-0.001,0.052,-0.178,0,0,0.159,0.052,0.003,0,0.265,0.159,,,,,,,,,,,,,,,,,,,,,,,,,,,,,,,,,0,0,0,0,0.119,0.171,0.097,0.124,0.008,0.002,0.04,0.013,0.017,0.013,0.011,0.012,0.001,0.032,0.013,0.001,0.013,0.012,,,,,,0.153,0.132,0.038,0.153,0.153,0.132,0,0,0,0,0,0,0,0,,,,,,,,,-0.092,0.054,-0.092,0.054,0,0,0,0,0,0,0,0,,,,,,,,,,,,,,,,,,,,,,,,,,,,,,,,,,,,,,,,,,,,,,,,,,,,,,,,,,,,,,,,,,,,,,,,,,,,,,,,,,,,,,0
303,,,,,,,,,,,,,,,,,,,,,,,,,,,,,,,,,,,,,,,,,,,,,,,,,,,,,,,,,,,,,,,,,,,,,,,,,,,,,,,,,,,,,,,,,,,,,,,,,,,,,,,,,,,,,,,,,,,,,,,,,,,,,,,,,,,,,,,,,,,,,,,,,,,,,,,,,,,,,,,,,,,,,,,,,,,,,,,,,,,,,,,,,,,,,,,,,,,,,,,,,,,,,,,,,,,,,,,,,,,,,,,,,,,,,,,,,,,,,,,,,,,,,,,,,,,,,,,,,,,,,,,,,,,,,,,,,,,,,,,,,,,,,,,,,,,,,,,,,,,,,,,,,,,,,,,,,,,,,,,,,,,,,0.013,0.017,0.091,0.021,0.125,0.009,-0.001,0.062,0.008,0.027,0.018,0.039,0.008,0,,,,,,,,,,,,,,,,-0.253,0.08,0.017,-0.007,-0.136,0.122,0.103,0.042,0.318,0.012,0.015,0.186,0.003,0.047,0.017,,,,,,,,,,0.311,-0.039,-0.069,0.04,-0.052,0.099,0.014,-0.083,0.015,0.17,0.119,0.008,0.008,0.062,0,-0.403,-0.326,0.19,0.172,0.006,,,,,,,,,,,,,,,,,,,,,,,,,,,,,,,,,,,,,,,,,,,,,,,,,,,,,,,,,,,,,,,,,,,,,,,,,,,,,,,,,,,,,,,,,,,,,,,,,,,,,,,,,,,,,,,,,,,,,,,,,,,,,,,,,,,,,,,,,,,,,,,,,,,,,,,,,,,,,,,,,,,,,,,,,,,,,,,,,,,,,,,,,,,,,,,,,,,,,,,,,,,,,,,,,,,,,,,,,,,,,,,,,,,,,,,,,,,,,,,,,,,,,,,,,,,,,,,,,,,,,,,,,,,,,,,,,,,,,,,,,,,,,,,,,,,,,,,,,,,-0.323,-0.344,0.209,-0.088,-0.03,-0.055,0.092,-0.039,-0.035,-0.095,0.169,0.052,0.022,-0.038,,,,,,,,,,,,,,,-0.147,0.026,-0.037,-0.193,-0.036,-0.023,0.082,-0.033,0.105,0.084,-0.257,-0.223,-0.202,0.024,-0.017,0.218,-0.193,-0.033,0.138,0.074,-0.255,-0.024,-0.037,0.082,-0.223,0.218,-0.257,-0.017,0.057,0.057,0.026,-0.023,0.015,-0.037,-0.002,-0.022,-0.147,-0.036,0.084,0.024,0.105,-0.202,-0.04,0.52,-0.04,0.52,-0.023,-0.013,-0.024,0,0,0,0,0,0,-0.002,-0.001,-0.056,-0.099,0.006,-0.002,0.119,-0.056,0.007,0.006,-0.01,0.119,-0.002,-0.065,0.121,0.073,0.007,0.135,0,0,0.01,-0.023,0,0,0.001,0.064,0.005,0.046,0.005,0.046,0,0,0.004,-0.038,0.003,-0.038,0.007,-0.005,0,0,-0.149,-0.007,0,0,0,0,0,0,-0.164,-0.156,-0.211,-0.144,0.016,0.081,0.054,0.013,0.019,0.013,-0.052,0.015,0.001,-0.024,0.013,-0.015,0.013,0.025,,,,,,0.062,0.058,-0.053,0.062,0.062,-0.022,0,0,0,0,0,0,0,0,0,-0.038,-0.082,-0.097,0,0,0,0,,,,,,,,,0,0,0,0,,,,,,,,,,,,,,,,,,,,,,,,,,,,,,,,,,,,,,,,,,,,,,,,,,,,,,,,,,,,,,,,,,,,,,,,,,,,,,,,,,,,,,0
304,,,,,,,,,,,,,,,,,,,,,,,,,,,,,,,,,,,,,,,,,,,,,,,,,,,,,,,,,,,,,,,,,,,,,,,,,,,,,,,,,,,,,,,,,,,,,,,,,,,,,,,,,,,,,,,,,,,,,,,,,,,,,,,,,,,,,,,,,,,,,,,,,,,,,,,,,,,,,,,,,,,,,,,,,,,,,,,,,,,,,,,,,,,,,,,,,,,,,,,,,,,,,,,,,,,,,,,,,,,,,,,,,,,,,,,,,,,,,,,,,,,,,,,,,,,,,,,,,,,,,,,,,,,,,,,,,,,,,,,,,,,,,,,,,,,,,,,,,,,,,,,,,,,,,,,,,,,,,,,,,,,,,0.078,-0.21,-0.019,-0.068,-0.095,0.016,-0.005,0.157,-0.048,0.114,0.111,0.167,-0.038,-0.029,,,,,,,,,,,,,,,,-0.011,-0.223,0.001,-0.007,-0.009,0.189,0.215,-0.006,0.216,0,0.004,0.228,0.004,0.313,-0.007,,,,,,,,,,0.222,-0.016,-0.005,-0.122,-0.464,-0.1,0.019,-0.033,0.073,0.014,0.217,-0.048,-0.038,0.157,0,-0.041,-0.03,0.111,0.012,0.011,,,,,,,,,,,,,,,,,,,,,,,,,,,,,,,,,,,,,,,,,,,,,,,,,,,,,,,,,,,,,,,,,,,,,,,,,,,,,,,,,,,,,,,,,,,,,,,,,,,,,,,,,,,,,,,,,,,,,,,,,,,,,,,,,,,,,,,,,,,,,,,,,,,,,,,,,,,,,,,,,,,,,,,,,,,,,,,,,,,,,,,,,,,,,,,,,,,,,,,,,,,,,,,,,,,,,,,,,,,,,,,,,,,,,,,,,,,,,,,,,,,,,,,,,,,,,,,,,,,,,,,,,,,,,,,,,,,,,,,,,,,,,-0.257,-0.043,0.202,-0.125,-0.031,0.024,0.232,-0.36,-0.035,0.019,0.181,0.074,-0.192,-0.034,,,,,,,,,,,,,,,,,,,,,,,,,,,,,-0.039,0.114,-0.216,0.165,0.099,0.088,0.076,0.077,-0.159,-0.123,-0.094,-0.065,-0.038,0.361,-0.05,0.218,0.165,0.077,0.033,0.068,-0.042,0.086,-0.216,0.076,-0.065,0.218,-0.094,-0.05,0.037,0.037,0.114,0.088,0.046,0.1,0.028,0.088,-0.039,0.099,-0.123,0.361,-0.159,-0.038,0.417,0.52,0.417,0.52,0.001,-0.001,-0.024,0,0,0,0,0,0,0.003,0,-0.11,-0.099,0.007,0.003,0.059,-0.11,0.01,0.007,0.261,0.059,,,,,,,,,,,,,,,,,,,,,,,,,,,,,,,,,0,0,0,0,0.128,0.291,-0.145,-0.13,0.014,0.061,0.051,0.013,0.025,0.013,0.018,0.011,-0.067,0.016,0.013,0.009,0.013,0.092,,,,,,0.108,0.105,0.022,0.108,0.108,-0.079,0,0,0,0,0,0,0,0,,,,,,,,,0.008,0.022,0.008,0.022,0,0,0,0,0,0,0,0,,,,,,,,,,,,,,,,,,,,,,,,,,,,,,,,,,,,,,,,,,,,,,,,,,,,,,,,,,,,,,,,,,,,,,,,,,,,,,,,,,,,,,0
307,,,,,,,,,,,,,,,,,,,,,,,,,,,,,,,,,,,,,,,,,,,,,,,,,,,,,,,,,,,,,,,,,,,,,,,,,,,,,,,,,,-0.051,-0.068,0.074,0.123,-0.053,0,0.014,0.084,-0.128,-0.139,-0.127,-0.127,0.19,-0.244,0.033,-0.317,0.066,-0.376,0.002,0,-0.069,0.428,-0.063,,,,,,,,,,-0.035,-0.044,,,,,,-0.044,-0.042,-0.084,-0.197,0,0,-0.02,-0.021,-0.066,0.093,-0.026,-0.037,0.047,0.09,0.085,-0.041,0.089,0.047,-0.006,-0.005,,,,,,,,,,,,,,,,,,,,,,,,,,,,,,,,,,,,,,,,,,,,,,,,,,,,,,,,,,,,,,,,,,,,,,,,,,,,,,,,,,,,,,,,,,,,,,,,,,,,,,,,,,,,,,,,,,,,,,,,,,,,,,,,,,,,,,,,,,,,,,,,,,,,,,,,,,,,,,,,,,,,,,,,,,,,,,,,,,,,,,,,,,,,,,,,,,,,,,,,,,,,,,,,,,,,,,,,,,,,,,,,,,,,,,,,,,,,,,,,,,,,,,,,,,,,,,,,,,,,,,,,,,,,,,,,,,,,,,,,,,,,,,,,,,,,,,,,,,,,,,,,,,,,,,,,,,,,,,,,,,,,,,,,,,,,,,,,,,,,,,,,,,,,,,,,,,,,,,,,,,,,,,,,,,,,,,,,,,,,,,,,,,,,,,,,,,,,,,,,,,,,,,,,,,,,,,,,,,,,,,,,,,,,,,,,,,,,,,,,,,,,,,,,,,,,,,,,,,,,,,,,,,,,,,,,,,,,,,,,,,,,,,,,,,,,,,,,,,,,,,,,,,,,,,,,,,,,,,,,,,,,,,,,,,,,,,,,,,,,,,,,,,,,,,,,,,,,,,,,,,,,,,,,,,,,,,,,,,,,,,,,0.068,0.092,-0.044,0.223,-0.065,-0.031,-0.163,-0.124,-0.294,-0.255,-0.079,-0.05,-0.167,-0.088,0.083,-0.115,0.223,-0.124,-0.131,-0.161,0.255,-0.128,-0.044,-0.163,-0.05,-0.115,-0.079,0.083,-0.029,-0.029,0.092,-0.031,-0.455,-0.061,0.021,-0.031,0.068,-0.065,-0.255,-0.088,-0.294,-0.167,-0.326,0.52,-0.326,0.52,0.005,0.011,0.039,0,0,0,0,-0.001,-0.001,-0.004,0.002,0.025,-0.072,0.007,-0.004,0.039,0.025,0.001,0.007,-0.051,0.039,,,,,,,,,,,,,,,,,,,,,,,,,,,,,,,,,0,0,0,0,-0.255,-0.099,-0.044,0.032,0.011,0.019,-0.002,0.013,-0.001,0.013,0.025,0.011,0.001,0.01,0.013,0.001,0.013,0.031,,,,,,0.017,0.004,-0.292,0.017,0.017,-0.022,0,0,0,0,0,0,0,0,0,-0.04,0.03,-0.101,0,0,0,0,,,,,,,,,0,0,0,0,,,,,,,,,,,,,,,,,,,,,,,,,,,,,,,,,,,,,,,,,,,,,,,,,,,,,,,,,,,,,,,,,,,,,,,,,,,,,,,,,,,,,,0
308,,,,,,,,,,,,,,,,,,,,,,,,,,,,,,,,,,,,,,,,,,,,,,,,,,,,,,,,,,,,,,,,,,,,,,,,,,,,,,,,,,0.023,0.018,-0.138,-0.291,0.002,0.077,-0.014,-0.103,-0.192,-0.144,-0.283,-0.283,-0.204,-0.118,-0.067,0.437,-0.034,0.19,0.002,0,-0.069,0.098,-0.043,,,,,,,,,,-0.021,-0.046,,,-0.01,-0.041,-0.004,,,,-0.197,0,0,,,,,,,,,,,,,,,-0.033,-0.008,0.028,-0.014,0.011,0.016,-0.022,0.008,0.094,0.016,0.112,-0.033,0.011,-0.003,,,,,,,,,,,,,,,,,,,,,,,,,,,,,,,,,,,,,,,,,,,,,,,,,,,,,,,,,,,,,,,,,,,,,,,,,,,,,,,,,,,,,,,,,,,,,,,,,,,,,,,,,,,,,,,,,,,,,,,,,,,,,,,,,,,,,,,,,,,,,,,,,,,,,,,,,,,,,,,,,,,,,,,,,,,,,,,,,,,,,,,,,,,,,,,,,,,,,,,,,,,,,,,,,,,,,,,,,,,,,,,,,,,,,,,,,,,,,,,,,,,,,,,,,,,,,,,,,,,,,,,,,,,,,,,,,,,,,,,,,,,,,,,,,,,,,,,,,,,,,,,,,,,,,,,,,,,,,,,,,,,,,,,,,,,,,,,,,,,,,,,,,,,,,,,,,,,,,,,,,,,,,,,,,,,,,,,,,,,,,,,,,,,,,,,,,,,,,,,,,,,,,,,,,,,,,,,,,,,,,,,,,,,,,,,,,,,,,,,,,,,,,,,,,,,,,,,,,,,,,,,,,,,,,,,,,,,,,,,,,,,,,,,,,,,,,,,,,,,,,,,,,,,,,,,,,,,,,,,,,,,,,,,,,,,,,,,,,,,,,,,,,,,,,,,,,,,,,,,,,,,,,,,,,,-0.236,0.061,0.181,-0.108,-0.054,-0.047,0.113,0.142,0.14,0.117,-0.059,-0.012,-0.108,-0.032,0.117,-0.115,-0.108,0.142,0.001,0.112,-0.204,0.151,0.181,0.113,-0.012,-0.115,-0.059,0.117,-0.029,-0.029,0.061,-0.047,-0.011,-0.056,0.01,-0.047,-0.236,-0.054,0.117,-0.032,0.14,-0.108,-0.24,0.52,-0.24,0.52,0.001,0.003,0.02,0,0,0,0,-0.007,-0.007,-0.001,0.001,0.106,-0.151,-0.003,-0.001,-0.181,0.106,-0.008,-0.003,-0.116,-0.181,,,,,,,,,,,,,,,,,,,,,,,,,,,,,,,,,0,0,0,0,-0.095,-0.177,0.065,-0.043,0.011,-0.041,-0.092,0.013,-0.041,0.013,0.031,0.011,-0.041,0.045,0.013,0.021,0.013,0.063,,,,,,-0.029,-0.009,0.158,-0.029,-0.029,-0.055,0,0,0,0,0,0,0,0,,,,,,,,,0.008,-0.046,0.008,-0.046,0,0,0,0,0,0,0,0,,,,,,,,,,,,,,,,,,,,,,,,,,,,,,,,,,,,,,,,,,,,,,,,,,,,,,,,,,,,,,,,,,,,,,,,,,,,,,,,,,,,,,0
309,-0.01,-0.049,-0.161,-0.234,-0.143,-0.339,-0.015,-0.032,-0.194,-0.094,-0.338,-0.338,-0.097,0.046,-0.013,-0.02,0.008,-0.166,0.001,0,0.01,-0.209,0.01,,,,,,,,,,-0.103,-0.002,,,,,,-0.164,0.122,0.015,-0.157,0,0.001,-0.049,-0.088,-0.007,0.111,0.002,0.045,0.005,0.029,-0.225,-0.018,0.001,-0.002,,,,,,,,,,,,,,,,,,,,,,,,,,,,,,,,,,,,,,,,,,,,,,,,,,,,,,,,,,,,,,,,,,,,,,,,,,,,,,,,,,,,,,,,,,,,,,,,,,,,,,,,,,,,,,,,,,,,,,,,,,,,,,,,,,,,,,,,,,,,,,,,,,,,,,,,,,,,,,,,,,,,,,,,,,,,,,,,,,,,,,,,,,,,,,,,,,,,,,,,,,,,,,,,,,,,,,,,,,,,,,,,,,,,,,,,,,,,,,,,,,,,,,,,,,,,,,,,,,,,,,,,,,,,,,,,,,,,,,,,,,,,,,,,,,,,,,,,,,,,,,,,,,,,,,,,,,,,,,,,,,,,,,,,,,,,,,,,,,,,,,,,,,,,,,,,,,,,,,,,,,,,,,,,,,,,,,,,,,,,,,,,,,,,,,,,,,,,,,,,,,,,,,,,,,,,,,,,,,,,,,,,,,,,,,,,,,,,,,,,,,,,,,,,,,,,,,,,,,,,,,,,,,,,,,,,,,,,,,,,,,,,,,,,,,,,,,,,,,,,,,,,,,,,,,,,,,,,,,,,,,,,,,,,,,,,,,,,,,,,,,,,,,,,,,,,,,,,,,,,,,,,,,,,,,,,,,,,,,,,,,,,,,,,,,,,,,,,,,,,,,,,,,,,,,,,,,,,,,,,,,,,,,,,,,,,,,,,,,,,,,,,,,,,,,,,,,,,,,,,,,,,,,,-0.165,0.227,0.008,0.056,-0.024,-0.028,0.025,0.012,0.179,0.08,0.046,0.05,-0.014,-0.257,-0.083,0.218,0.056,0.012,0.165,0.017,-0.107,0.021,0.008,0.025,0.05,0.218,0.046,-0.083,0.037,0.037,0.227,-0.028,0.009,-0.024,0.067,-0.028,-0.165,-0.024,0.08,-0.257,0.179,-0.014,0.303,0.52,0.303,0.52,0.034,0.023,0.071,0,0,0,0,-0.009,-0.009,-0.002,-0.001,-0.029,0.033,0.001,-0.002,0.039,-0.029,0.024,0.001,0.242,0.039,,,,,,,,,,,,,,,,,,,,,,,,,,,,,,,,,0,0,0,0,0.139,0.131,0.083,-0.02,0.016,0.019,-0.014,0.013,-0.005,0.013,0.025,0.014,-0.027,-0.023,0.013,-0.009,0.013,0.099,,,,,,0.108,0.096,-0.017,0.108,0.108,0.018,0,0,0,0,0,0,0,0,0,-0.023,0.03,-0.059,0,0,0,0,,,,,,,,,0,0,0,0,,,,,,,,,,,,,,,,,,,,,,,,,,,,,,,,,,,,,,,,,,,,,,,,,,,,,,,,,,,,,,,,,,,,,,,,,,,,,,,,,,,,,,0
312,0.075,0.16,0.312,0.294,-0.1,-0.294,0.008,-0.072,-0.077,-0.019,-0.057,-0.057,0.052,0.038,,,,,,,,,,0.009,-0.165,-0.051,0.441,0.002,0,0.019,-0.212,0.005,,,0.031,-0.189,,,,-0.164,0.099,0.01,-0.157,0,0.001,,,,,,,,,,,,,0.012,0.005,-0.024,0.007,-0.02,-0.013,0.008,0.036,-0.343,0.001,0,0,,,,,,,,,,,,,,,,,,,,,,,,,,,,,,,,,,,,,,,,,,,,,,,,,,,,,,,,,,,,,,,,,,,,,,,,,,,,,,,,,,,,,,,,,,,,,,,,,,,,,,,,,,,,,,,,,,,,,,,,,,,,,,,,,,,,,,,,,,,,,,,,,,,,,,,,,,,,,,,,,,,,,,,,,,,,,,,,,,,,,,,,,,,,,,,,,,,,,,,,,,,,,,,,,,,,,,,,,,,,,,,,,,,,,,,,,,,,,,,,,,,,,,,,,,,,,,,,,,,,,,,,,,,,,,,,,,,,,,,,,,,,,,,,,,,,,,,,,,,,,,,,,,,,,,,,,,,,,,,,,,,,,,,,,,,,,,,,,,,,,,,,,,,,,,,,,,,,,,,,,,,,,,,,,,,,,,,,,,,,,,,,,,,,,,,,,,,,,,,,,,,,,,,,,,,,,,,,,,,,,,,,,,,,,,,,,,,,,,,,,,,,,,,,,,,,,,,,,,,,,,,,,,,,,,,,,,,,,,,,,,,,,,,,,,,,,,,,,,,,,,,,,,,,,,,,,,,,,,,,,,,,,,,,,,,,,,,,,,,,,,,,,,,,,,,,,,,,,,,,,,,,,,,,,,,,,,,,,,,,,,,,,,,,,,,,,,,,,,,,,,,,,,,,,,,,,,,,,,,,,,,,,,,,,,,,,,,,,,,,,,,,,,,,,,,,,,,-0.28,-0.19,-0.147,0.238,-0.054,-0.06,0.082,0.122,0.002,0.008,0.077,0.098,-0.143,-0.144,0.083,-0.115,0.238,0.122,-0.122,0.081,0.195,0.125,-0.147,0.082,0.098,-0.115,0.077,0.083,0.057,0.057,-0.19,-0.06,-0.023,-0.056,-0.076,-0.06,-0.28,-0.054,0.008,-0.144,0.002,-0.143,-0.04,0.52,-0.04,0.52,-0.004,0.003,0.008,0,0,0,0,0,0,0,-0.002,0.025,-0.125,0.002,0,-0.021,0.025,-0.011,0.002,-0.161,-0.021,0,0.016,0.068,0.073,0.002,-0.005,0,0,-0.015,-0.119,0,0,0.005,-0.093,-0.002,-0.094,-0.002,-0.093,0,0,-0.012,-0.139,-0.013,-0.139,-0.011,-0.156,0,0,-0.125,-0.003,0,0,0,0,0,0,-0.063,-0.171,-0.181,-0.137,0.01,-0.026,0.019,0.013,0.007,0.013,0.025,0.016,0.089,-0.046,0.013,-0.019,0.013,0.005,,,,,,-0.074,-0.074,0.108,-0.074,-0.074,-0.104,0,0,0,0,0,0,0,0,,,,,,,,,-0.092,-0.061,-0.092,-0.061,0,0,0,0,0,0,0,0,,,,,,,,,,,,,,,,,,,,,,,,,,,,,,,,,,,,,,,,,,,,,,,,,,,,,,,,,,,,,,,,,,,,,,,,,,,,,,,,,,,,,,0
314,,,,,,,,,,,,,,,,,,,,,,,,,,,,,,,,,,,,,,,,,,,,,,,,,,,,,,,,,,,,,,,,,,,,,,,,,,,,,,,,,,,,,,,,,,,,,,,,,,,,,,,,,,,,,,,,,,,,,,,,,,,,,,,,,,,,,,,,,,,,,,,,,,,,,,,,,,,,,,,,,,,,,,,,,,,,,,,,,,,,,,,,,,,,,,,,,,,,,,,,,,,,,,,,,,,,,,,,,,,,,,,,,,,,,,,,,,,,,,,,,,,,,,,,,,,,,,,,,,,,,,,,,,,,,,,,,,,,,,,,,,,,,,,,,,,,,,,,,,,,,,,,,,,,,,,,,,,,,,,,,,,,,-0.039,-0.149,-0.01,0.054,0.03,-0.014,0.003,-0.056,0.108,-0.147,-0.129,-0.166,0.121,-0.021,,,,,,,,,,,,,,,,0.034,0.106,0.011,-0.007,-0.02,-0.312,-0.313,0.024,-0.374,0.008,0.001,-0.152,-0.007,0.046,-0.003,-0.372,-0.002,0.001,-0.174,-0.006,0.063,0,-0.087,0.009,,,,,,,,,,0.112,-0.185,0.108,0.121,-0.056,0,-0.072,-0.08,0.16,0.112,0.003,,,,,,,,,,,,,,,,,,,,,,,,,,,,,,,,,,,,,,,,,,,,,,,,,,,,,,,,,,,,,,,,,,,,,,,,,,,,,,,,,,,,,,,,,,,,,,,,,,,,,,,,,,,,,,,,,,,,,,,,,,,,,,,,,,,,,,,,,,,,,,,,,,,,,,,,,,,,,,,,,,,,,,,,,,,,,,,,,,,,,,,,,,,,,,,,,,,,,,,,,,,,,,,,,,,,,,,,,,,,,,,,,,,,,,,,,,,,,,,,,,,,,,,,,,,,,,,,,,,,,,,,,,,,,,,,,,,,,,,,,,,,,0.187,-0.027,0.309,0.125,-0.031,0.082,-0.079,-0.048,-0.035,-0.051,0.27,0.103,0.024,-0.034,,,,,,,,,,,,,,,,,,,,,,,,,,,,,-0.084,0.077,-0.151,0.012,0.07,0.074,0.05,0.064,-0.116,-0.106,-0.185,-0.191,0.101,0.181,-0.017,-0.115,0.012,0.064,0.071,0.042,-0.133,0.073,-0.151,0.05,-0.191,-0.115,-0.185,-0.017,0.063,0.063,0.077,0.074,0.033,0.071,0.015,0.074,-0.084,0.07,-0.106,0.181,-0.116,0.101,0.017,-0.48,0.017,-0.48,-0.023,-0.017,-0.051,0,0,0,0,-0.007,-0.007,0.001,0.001,-0.083,0.112,0.004,0.001,0.219,-0.083,-0.001,0.004,0.206,0.219,0.001,-0.092,0.051,0.255,0.004,0.235,0,0,0.046,0.336,0,0,-0.002,0.175,0.002,0.242,0.002,0.242,0,0,0.021,0.26,0.02,0.26,-0.002,0.211,0,0,-0.045,0.037,0,0,0,0,0,0,0.133,-0.018,-0.205,-0.16,0.009,-0.021,0.039,0.013,0.019,0.013,0.005,0.014,0.001,-0.038,0.013,-0.017,0.013,0.025,,,,,,0.017,0.026,0.042,0.017,0.017,0.043,0,0,0,0,0,0,0,0,,,,,,,,,0.008,-0.105,0.008,-0.105,0,0,0,0,0,0,0,0,,,,,,,,,,,,,,,,,,,,,,,,,,,,,,,,,,,,,,,,,,,,,,,,,,,,,,,,,,,,,,,,,,,,,,,,,,,,,,,,,,,,,,0
315,-0.023,-0.004,0.33,0.294,-0.1,-0.157,0.022,0.128,-0.118,-0.227,-0.027,-0.027,-0.117,-0.039,-0.013,0.379,0.008,-0.218,0.005,0,0.01,0.53,0.043,,,,,,,,,,0.024,0.016,,,,,,-0.164,-0.018,0.008,-0.157,0,0.001,0.024,0.016,0.004,-0.033,0.002,0.028,0,0.004,0.021,-0.015,0,-0.005,,,,,,,,,,,,,,,,,,,,,,,,,,,,,,,,,,,,,,,,,,,,,,,,,,,,,,,,,,,,,,,,,,,,,,,,,,,,,,,,,,,,,,,,,,,,,,,,,,,,,,,,,,,,,,,,,,,,,,,,,,,,,,,,,,,,,,,,,,,,,,,,,,,,,,,,,,,,,,,,,,,,,,,,,,,,,,,,,,,,,,,,,,,,,,,,,,,,,,,,,,,,,,,,,,,,,,,,,,,,,,,,,,,,,,,,,,,,,,,,,,,,,,,,,,,,,,,,,,,,,,,,,,,,,,,,,,,,,,,,,,,,,,,,,,,,,,,,,,,,,,,,,,,,,,,,,,,,,,,,,,,,,,,,,,,,,,,,,,,,,,,,,,,,,,,,,,,,,,,,,,,,,,,,,,,,,,,,,,,,,,,,,,,,,,,,,,,,,,,,,,,,,,,,,,,,,,,,,,,,,,,,,,,,,,,,,,,,,,,,,,,,,,,,,,,,,,,,,,,,,,,,,,,,,,,,,,,,,,,,,,,,,,,,,,,,,,,,,,,,,,,,,,,,,,,,,,,,,,,,,,,,,,,,,,,,,,,,,,,,,,,,,,,,,,,,,,,,,,,,,,,,,,,,,,,,,,,,,,,,,,,,,,,,,,,,,,,,,,,,,,,,,,,,,,,,,,,,,,,,,,,,,,,,,,,,,,,,,,,,,,,,,,,,,,,,,,,,,,,,,,,,,,,-0.014,0.026,0.183,0.023,-0.1,-0.104,0.019,0.064,0.079,0.084,-0.159,-0.147,-0.179,-0.088,-0.05,-0.115,0.023,0.064,-0.251,0.023,0.387,0.06,0.183,0.019,-0.147,-0.115,-0.159,-0.05,0.057,0.057,0.026,-0.104,0.053,-0.102,-0.002,-0.103,-0.014,-0.1,0.084,-0.088,0.079,-0.179,-0.04,0.52,-0.04,0.52,0.067,0.034,0.047,-0.001,0,0.001,0,-0.001,-0.001,0.003,0.005,-0.029,-0.072,-0.001,0.003,-0.121,-0.029,-0.02,-0.001,-0.148,-0.121,0.003,-0.038,0.117,-0.139,0,-0.105,0,0,0.02,-0.108,0,0,-0.009,-0.152,0.005,-0.115,0.006,-0.115,0,0,0.006,-0.156,0.005,-0.156,-0.02,-0.142,0,0,-0.022,0.008,0,0,0,0,0,0,-0.066,-0.162,-0.107,-0.127,0.011,0.005,0.021,0.013,0.011,0.013,-0.002,0.018,0.128,-0.062,0.013,-0.027,0.013,-0.014,,,,,,0.017,0.019,-0.21,0.017,0.017,-0.12,0,0,0,0,0,0,0,0,0,-0.056,0.03,-0.142,0,0,0,0,,,,,,,,,0,0,0,0,,,,,,,,,,,,,,,,,,,,,,,,,,,,,,,,,,,,,,,,,,,,,,,,,,,,,,,,,,,,,,,,,,,,,,,,,,,,,,,,,,,,,,0
316,-0.108,-0.213,-0.033,-0.034,0.031,0.161,0.022,0.168,0.183,0.136,0.359,0.359,0.142,-0.08,-0.013,-0.09,-0.092,0.585,0.006,0,0.01,-0.175,0.053,,,,,,,,,,0.08,0,,,,,,-0.164,0.258,-0.015,-0.157,0,0.001,,,,,,,,,,,,,0,0.006,0.033,-0.001,-0.02,-0.026,-0.042,-0.047,0.008,-0.004,0,0.002,,,,,,,,,,,,,,,,,,,,,,,,,,,,,,,,,,,,,,,,,,,,,,,,,,,,,,,,,,,,,,,,,,,,,,,,,,,,,,,,,,,,,,,,,,,,,,,,,,,,,,,,,,,,,,,,,,,,,,,,,,,,,,,,,,,,,,,,,,,,,,,,,,,,,,,,,,,,,,,,,,,,,,,,,,,,,,,,,,,,,,,,,,,,,,,,,,,,,,,,,,,,,,,,,,,,,,,,,,,,,,,,,,,,,,,,,,,,,,,,,,,,,,,,,,,,,,,,,,,,,,,,,,,,,,,,,,,,,,,,,,,,,,,,,,,,,,,,,,,,,,,,,,,,,,,,,,,,,,,,,,,,,,,,,,,,,,,,,,,,,,,,,,,,,,,,,,,,,,,,,,,,,,,,,,,,,,,,,,,,,,,,,,,,,,,,,,,,,,,,,,,,,,,,,,,,,,,,,,,,,,,,,,,,,,,,,,,,,,,,,,,,,,,,,,,,,,,,,,,,,,,,,,,,,,,,,,,,,,,,,,,,,,,,,,,,,,,,,,,,,,,,,,,,,,,,,,,,,,,,,,,,,,,,,,,,,,,,,,,,,,,,,,,,,,,,,,,,,,,,,,,,,,,,,,,,,,,,,,,,,,,,,,,,,,,,,,,,,,,,,,,,,,,,,,,,,-0.124,0.056,-0.035,-0.116,-0.031,0.025,0.031,0.081,-0.035,0.003,0.033,0.167,-0.116,-0.034,,,,,,,,,,,,,,,,,,,,,,,,,,,,,-0.147,0.026,0.073,0.131,0.045,0.02,0.082,0.077,0.131,0.134,-0.08,-0.109,-0.299,0.181,-0.017,0.218,0.131,0.077,0.203,0.074,-0.062,0.086,0.073,0.082,-0.109,0.218,-0.08,-0.017,0.057,0.057,0.026,0.02,0.015,0.045,-0.002,0.02,-0.147,0.045,0.134,0.181,0.131,-0.299,-0.04,-0.48,-0.04,-0.48,-0.019,-0.009,-0.031,0,0,0,0,0.008,0.008,0.006,0.001,0.106,0.086,0.004,0.006,-0.021,0.106,-0.001,0.004,-0.015,-0.021,0.006,0.097,0.147,-0.139,0.004,-0.005,0,0,0.007,0.06,0,0,0.008,0.112,0.002,0.065,0.002,0.065,0,0,-0.004,0.006,-0.005,0.006,-0.002,-0.009,0,0,0.016,-0.001,0,0,0,0,0,0,0.134,0.01,0.078,-0.018,0.018,0.061,-0.039,0.013,-0.017,0.013,-0.039,0.014,0.035,-0.051,0.013,-0.021,0.013,-0.014,,,,,,0.108,0.1,0.049,0.108,0.108,0.051,0,0,0,0,0,0,0,0,0,-0.051,0.03,-0.129,0,0,0,0,,,,,,,,,0,0,0,0,,,,,,,,,,,,,,,,,,,,,,,,,,,,,,,,,,,,,,,,,,,,,,,,,,,,,,,,,,,,,,,,,,,,,,,,,,,,,,,,,,,,,,0
319,0.056,0.101,-0.015,-0.016,-0.056,-0.248,-0.015,-0.072,0.168,-0.094,0.181,0.181,-0.174,0.197,,,,,,,,,,-0.091,0.6,-0.051,-0.044,0.001,0,0.019,-0.258,0.028,-0.007,-0.003,,,0.164,0.392,0.189,,,,0.343,0,0.001,0.067,0.072,-0.003,-0.021,-0.002,-0.032,0.096,-0.023,0.234,0.089,0,0.01,,,,,,,,,,,,,,,,,,,,,,,,,,,,,,,,,,,,,,,,,,,,,,,,,,,,,,,,,,,,,,,,,,,,,,,,,,,,,,,,,,,,,,,,,,,,,,,,,,,,,,,,,,,,,,,,,,,,,,,,,,,,,,,,,,,,,,,,,,,,,,,,,,,,,,,,,,,,,,,,,,,,,,,,,,,,,,,,,,,,,,,,,,,,,,,,,,,,,,,,,,,,,,,,,,,,,,,,,,,,,,,,,,,,,,,,,,,,,,,,,,,,,,,,,,,,,,,,,,,,,,,,,,,,,,,,,,,,,,,,,,,,,,,,,,,,,,,,,,,,,,,,,,,,,,,,,,,,,,,,,,,,,,,,,,,,,,,,,,,,,,,,,,,,,,,,,,,,,,,,,,,,,,,,,,,,,,,,,,,,,,,,,,,,,,,,,,,,,,,,,,,,,,,,,,,,,,,,,,,,,,,,,,,,,,,,,,,,,,,,,,,,,,,,,,,,,,,,,,,,,,,,,,,,,,,,,,,,,,,,,,,,,,,,,,,,,,,,,,,,,,,,,,,,,,,,,,,,,,,,,,,,,,,,,,,,,,,,,,,,,,,,,,,,,,,,,,,,,,,,,,,,,,,,,,,,,,,,,,,,,,,,,,,,,,,,,,,,,,,,,,,,,,,,,,,,,,,,,,,,,,,,,,,,,,,,,,,,,,,,,,,,,,,,,,,,,,,,,,,,,,,,,,,-0.216,0.077,0.011,-0.038,-0.029,-0.023,-0.019,-0.04,-0.012,-0.056,0.146,0.146,0.137,-0.212,-0.05,0.218,-0.038,-0.04,0.167,-0.028,-0.163,-0.031,0.011,-0.019,0.146,0.218,0.146,-0.05,0.104,0.104,0.077,-0.023,-0.005,-0.03,0.015,-0.023,-0.216,-0.029,-0.056,-0.212,-0.012,0.137,0.017,-0.48,0.017,-0.48,-0.023,-0.02,-0.086,0,0,0,0,-0.004,-0.004,0.006,0.001,0.052,0.059,0.012,0.006,-0.141,0.052,-0.003,0.012,-0.015,-0.141,0.005,0.043,-0.141,-0.139,0.012,-0.125,0,0,-0.003,-0.049,0,0,0.018,-0.018,0.001,-0.05,0.001,-0.05,0,0,0.02,-0.029,0.019,-0.029,-0.003,-0.009,0,0,0.013,0.001,0,0,0,0,0.055,0,0.127,0.16,0.054,0.129,0.01,0.002,0.139,0.013,0.059,0.013,-0.009,0.011,0.001,0.101,0.013,0.043,0.013,0.005,,,,,,-0.029,-0.024,0.015,-0.029,-0.029,0.026,0,0,0,0,0,0,0,0,,,,,,,,,0.108,-0.025,0.108,-0.025,0,0,0,0,0,0,0,0,,,,,,,,,,,,,,,,,,,,,,,,,,,,,,,,,,,,,,,,,,,,,,,,,,,,,,,,,,,,,,,,,,,,,,,,,,,,,,,,,,,,,,0
320,-0.206,-0.243,-0.179,-0.197,-0.013,0.116,0.03,0.168,-0.005,0.024,-0.259,-0.259,-0.035,-0.052,,,,,,,,,,0.009,-0.26,-0.051,-0.046,0,0,0.019,-0.259,0.033,,,0.066,-0.204,,,,-0.164,0.377,-0.02,0.343,0,0.001,,,,,,,,,,,,,,,,,,,,,,,,,0.039,-0.018,0.02,0.001,-0.112,-0.135,-0.039,-0.117,0.149,0.012,-0.174,0.076,,,,,,,,,,,,,,,,,,,,,,,,,,,,,,,,,,,,,,,,,,,,,,,,,,,,,,,,,,,,,,,,,,,,,,,,,,,,,,,,,,,,,,,,,,,,,,,,,,,,,,,,,,,,,,,,,,,,,,,,,,,,,,,,,,,,,,,,,,,,,,,,,,,,,,,,,,,,,,,,,,,,,,,,,,,,,,,,,,,,,,,,,,,,,,,,,,,,,,,,,,,,,,,,,,,,,,,,,,,,,,,,,,,,,,,,,,,,,,,,,,,,,,,,,,,,,,,,,,,,,,,,,,,,,,,,,,,,,,,,,,,,,,,,,,,,,,,,,,,,,,,,,,,,,,,,,,,,,,,,,,,,,,,,,,,,,,,,,,,,,,,,,,,,,,,,,,,,,,,,,,,,,,,,,,,,,,,,,,,,,,,,,,,,,,,,,,,,,,,,,,,,,,,,,,,,,,,,,,,,,,,,,,,,,,,,,,,,,,,,,,,,,,,,,,,,,,,,,,,,,,,,,,,,,,,,,,,,,,,,,,,,,,,,,,,,,,,,,,,,,,,,,,,,,,,,,,,,,,,,,,,,,,,,,,,,,,,,,,,,,,,,,,,,,,,,,,,,,,,,,,,,,,,,,,,,,,,,,,,,,,,,,,,,,,,,,,,,,,,,,,,,,,,,,,,,,,,,,,,,,,,,,,,,,,,,,,,,,,,,,,,-0.216,-0.03,-0.238,0.042,0.147,0.12,-0.044,-0.033,-0.09,-0.031,-0.016,-0.029,0.125,0.125,-0.083,0.218,0.042,-0.033,0.02,-0.053,-0.115,-0.024,-0.238,-0.044,-0.029,0.218,-0.016,-0.083,0.082,0.082,-0.03,0.12,-0.005,0.149,-0.022,0.12,-0.216,0.147,-0.031,0.125,-0.09,0.125,0.017,-0.48,0.017,-0.48,,,,0,0,0,0,0.01,0.01,0,-0.002,0.16,-0.02,0.01,0,0.019,0.16,-0.011,0.01,0.485,0.019,0,0.151,0.041,0.225,0.01,0.035,0,0,0.11,0.266,0,0,0.005,0.151,-0.002,0.174,-0.002,0.174,0,0,0.013,0.488,0.012,0.488,-0.011,0.491,0,0,0.119,0.008,0,0,0,0,0,0.002,-0.094,0.102,0.073,0.003,0.016,0.03,0.103,0.013,0.039,0.013,0.005,0.011,0.013,0.054,0.013,0.025,0.013,-0.024,,,,,,-0.074,-0.054,0.042,-0.074,-0.074,-0.014,0,0,0,0,0,0,0,0,,,,,,,,,0.208,0.091,0.208,0.091,0,0,0,0,0,0,0,0,,,,,,,,,,,,,,,,,,,,,,,,,,,,,,,,,,,,,,,,,,,,,,,,,,,,,,,,,,,,,,,,,,,,,,,,,,,,,,,,,,,,,,0
321,,,,,,,,,,,,,,,,,,,,,,,,,,,,,,,,,,,,,,,,,,,,,,,,,,,,,,,,,,,,,,,,,,,,,,,,,,,,,,,,,,,,,,,,,,,,,,,,,,,,,,,,,,,,,,,,,,,,,,,,,,,,,,,,,,,,,,,,,,,,,,,,,,,,,,,,,,,,,,,,,,,,,,,,,,,,,,,,,,,,,,,,,,,,,,,,,,,,,,,,,,,,,,,,,,,,,,,,,,,,,,,,,,,,,,,,,,,,,,,,,,,,,,,,,,,,,,,,,,,,,,,,,,,,,,,,,,,,,,,,,,,,,,,,,,,,,,,,,,,,,,,,,,,,,,,,,,,,,,,,,,,,,,,,,,,,,,,,,,,,,,,,,,,,,,,,,,,,,,,,,,,,,,,,,,,,,,,,,,,,,,,,,,,,,,,,,,,,,,,,,,,,,,,,,,,,,,,,,,,,,,,,,,,,,,,,,,,,,,,,,,,,,,,,,,,,,,,,,,,,,,,,,,,,,,,,,,,,,,,,,,,,,,,,,,,,,,,,,,,,,,,,,,,,,,,,,,,,,,,,,,,,,,,,,,,,,,,,,,,,,,,,,,,,,,,,,,,,,,,,,,,,,,,,,,,,,,,,,,,,,,,,,,,,,,,,,,,,,,,,,,,,,,,,,,,,,,,,,,,,,,,,,,,,,,,,,,,,,,,,,,,,,,,,,,,,,,,,,,,,,,,,,,,,,,,,,,,,,,,,,,,,,,,,,,,,,,,,,,,,,,,,,,,,,,,,,,,,,,,,,,,,-0.172,0.113,-0.027,0.019,-0.013,-0.015,0.208,0.103,0.178,0.205,-0.056,-0.067,0.021,0.137,0.317,0.218,0.019,0.103,0.144,0.202,-0.129,0.112,-0.027,0.208,-0.067,0.218,-0.056,0.317,-0.725,-0.725,0.113,-0.015,0.008,-0.014,0.028,-0.014,-0.172,-0.013,0.205,0.137,0.178,0.021,-0.183,0.52,-0.183,0.52,0.005,0.015,0.078,0,0,0,0,-0.006,-0.006,-0.003,0,-0.002,0.086,-0.006,-0.003,-0.081,-0.002,-0.019,-0.006,-0.157,-0.081,,,,,,,,,,,,,,,,,,,,,,,,,,,,,,,,,0,0,0,0,-0.174,-0.185,0.068,0.003,0.012,0.008,0.037,0.013,0.015,0.013,0.025,0.017,0.046,-0.021,0.013,-0.009,0.013,-0.036,,,,,,0.017,0.072,-0.096,0.017,0.017,0.059,0,0,0,0,0,0,0,0,0,-0.077,0.141,-0.197,0,0,0,0,,,,,,,,,0,0,0,0,,,,,,,,,,,,,,,,,,,,,,,,,,,,,,,,,,,,,,,,,,,,,,,,,,,,,,,,,,,,,,,,,,,,,,,,,,,,,,,,,,,,,,0
322,,,,,,,,,,,,,,,,,,,,,,,,,,,,,,,,,,,,,,,,,,,,,,,,,,,,,,,,,,,,,,,,,,,,,,,,,,,,,,,,,,,,,,,,,,,,,,,,,,,,,,,,,,,,,,,,,,,,,,,,,,,,,,,,,,,,,,,,,,,,,,,,,,,,,,,,,,,,,,,,,,,,,,,,,,,,,,,,,,,,,,,,,,,,,,,,,,,,,,,,,,,,,,,,,,,,,,,,,,,,,,,,,,,,,,,,,,,,,,,,,,,,,,,,,,,,,,,,,,,,,,,,,,,,,,,,,,,,,,,,,,,,,,,,,,,,,,,,,,,,,,,,,,,,,,,,,,,,,,,,,,,,,,,,,,,,,,,,,,,,,,,,,,,,,,,,,,,,,,,,,,,,,,,,,,,,,,,,,,,,,,,,,,,,,,,,,,,,,,,,,,,,,,,,,,,,,,,,,,,,,,,,,,,,,,,,,,,,,,,,,,,,,,,,,,,,,,,,,,,,,,,,,,,,,,,,,,,,,,,,-0.094,-0.001,-0.083,0.333,,,,0.362,,,,,,,,,,,,,,,-0.249,0.01,0.01,0.004,-0.008,-0.147,-0.005,-0.122,0.065,0.002,-0.257,-0.008,0.086,-0.02,-0.078,-0.144,-0.002,0.01,-0.107,-0.095,-0.117,0.115,,,,,,,,,0.029,-0.16,0.334,0.37,-0.083,-0.408,-0.365,0.239,0.028,-0.104,,,,,,,,,,,,,,,,,,,,,,,,,,,,,,,,,,,,,,,,,,,,,,,,,,,,,,,,,,,,,,,,,,,,,,,,,,,,,,,,,,,,,,,,,,,,,,,,,,,,,,,,,,,,,,,,,,,,,,,,,,,,,,,,,,,,,,,,,,,,,0.305,0.032,0.023,-0.009,-0.031,0.089,0.151,0.133,-0.035,0.053,-0.013,-0.083,-0.048,-0.034,,,,,,,,,,,,,,,,,,,,,,,,,,,,,-0.147,0.026,-0.147,-0.085,0.132,0.101,-0.044,0.006,0.027,0.058,-0.179,-0.223,-0.167,0.249,-0.017,-0.115,-0.085,0.006,-0.316,-0.034,0.195,-0.005,-0.147,-0.044,-0.223,-0.115,-0.179,-0.017,0.057,0.057,0.026,0.101,0.015,0.134,-0.002,0.102,-0.147,0.132,0.058,0.249,0.027,-0.167,-0.04,0.52,-0.04,0.52,0.015,0.015,0.059,0,0,0,0,0,0,0.001,-0.002,0.025,-0.099,-0.004,0.001,0.079,0.025,-0.001,-0.004,0.123,0.079,0.001,0.016,0.134,0.013,-0.003,0.095,0,0,0.046,-0.046,0,0,-0.002,-0.085,-0.009,-0.087,-0.009,-0.087,0,0,0.021,0.094,0.02,0.094,-0.002,0.128,0,0,0.016,-0.001,0,0,0,0,0,0,-0.189,-0.15,-0.197,-0.15,0.017,0.056,-0.076,0.013,-0.037,0.013,-0.025,0.012,-0.041,-0.075,0.013,-0.035,0.013,-0.024,,,,,,0.062,0.049,0.054,0.062,0.062,-0.079,0,0,0,0,0,0,0,0,0,-0.026,0.03,-0.067,0,0,0,0,,,,,,,,,0,0,0,0,,,,,,,,,,,,,,,,,,,,,,,,,,,,,,,,,,,,,,,,,,,,,,,,,,,,,,,,,,,,,,,,,,,,,,,,,,,,,,,,,,,,,,0
323,,,,,,,,,,,,,,,,,,,,,,,,,,,,,,,,,,,,,,,,,,,,,,,,,,,,,,,,,,,,,,,,,,,,,,,,,,,,,,,,,,,,,,,,,,,,,,,,,,,,,,,,,,,,,,,,,,,,,,,,,,,,,,,,,,,,,,,,,,,,,,,,,,,,,,,,,,,,,,,,,,,,,,,,,,,,,,,,,,,,,,,,,,,,,,,,,,,,,,,,,,,,,,,,,,,,,,,,,,,,,,,,,,,,,,,,,,,,,,,,,,,,,,,,,,,,,,,,,,,,,,,,,,,,,,,,,,,,,,,,,,,,,,,,,,,,,,,,,,,,,,,,,,,,,,,,,,,,,,,,,,,,,,,,,,,,,,,,,,,,,,,,,,,,,,,,,,,,,,,,,,,,,,,,,,,,,,,,,,,,,,,,,,,,,,,,,,,,,,,,,,,,,,,,,,,,,,,,,,,,,,,,,,,,,,,,,,,,,,,,,,,,,,,,,,,,,,,,,,,,,,,,,,,,,,,,,,,,,,,,-0.01,0.168,-0.023,-0.137,0.111,-0.429,0.137,-0.193,,,,,,,,,,,,,,,0.074,0.01,0,0.005,0.016,0.154,-0.043,0.071,-0.079,0.003,0.184,0.007,-0.045,-0.387,0.035,-0.362,-0.002,0.333,-0.165,-0.099,-0.093,0.043,,,,,,,,,0.04,0.14,-0.136,-0.196,-0.023,0.495,0.509,-0.102,0.039,-0.108,,,,,,,,,,,,,,,,,,,,,,,,,,,,,,,,,,,,,,,,,,,,,,,,,,,,,,,,,,,,,,,,,,,,,,,,,,,,,,,,,,,,,,,,,,,,,,,,,,,,,,,,,,,,,,,,,,,,,,,,,,,,,,,,,,,,,,,,,,,,,,,,,,,,,,,,,,,0.025,-0.076,0.173,0.256,-0.03,-0.34,0.004,0.08,-0.035,-0.001,0.12,-0.012,0.013,-0.038,,,,,,,,,,,,,,,0.049,-0.139,-0.039,0.121,0.065,0.047,-0.151,-0.118,-0.038,0.02,0.194,0.173,0.113,-0.212,-0.083,0.218,0.121,-0.118,-0.192,-0.155,0.258,-0.115,-0.039,-0.151,0.173,0.218,0.194,-0.083,0.063,0.063,-0.139,0.047,0.071,0.066,-0.059,0.047,0.049,0.065,0.02,-0.212,-0.038,0.113,0.017,-0.48,0.017,-0.48,-0.033,-0.013,0.008,0,0,0,0,-0.007,-0.007,0,-0.003,-0.029,0.059,0.001,0,0.059,-0.029,-0.013,0.001,0.054,0.059,-0.001,-0.038,0.146,-0.018,0.002,0.075,0,0,-0.055,0.008,0,0,0.004,0.068,-0.002,0.043,-0.003,0.043,0,0,-0.013,0.054,-0.014,0.054,-0.013,0.059,0,0,-0.007,0.004,0,0,0,0,0,0,0.148,0.403,0.003,-0.112,0.013,0.03,0.006,0.013,0.005,0.013,-0.009,0.013,0.027,0.001,0.013,-0.001,0.013,-0.014,,,,,,0.017,0.016,-0.005,0.017,0.017,-0.039,0,0,0,0,0,0,0,0,0,0.01,0.03,0.026,0,0,0,0,,,,,,,,,0,0,0,0,,,,,,,,,,,,,,,,,,,,,,,,,,,,,,,,,,,,,,,,,,,,,,,,,,,,,,,,,,,,,,,,,,,,,,,,,,,,,,,,,,,,,,0
324,-0.225,-0.25,-0.033,-0.016,0.031,0.116,0.045,0.208,-0.036,0.019,0.134,0.134,0.085,-0.126,,,,,,,,,,0.009,-0.264,-0.051,0.13,0.002,0,-0.081,0.554,-0.027,0.074,-0.001,,,0.164,-0.309,-0.071,,,,0.343,0,0.001,,,,,,,,,,,,,0.006,-0.017,-0.01,0.001,-0.001,0,-0.005,-0.031,0.124,0,0,0,,,,,,,,,,,,,,,,,,,,,,,,,,,,,,,,,,,,,,,,,,,,,,,,,,,,,,,,,,,,,,,,,,,,,,,,,,,,,,,,,,,,,,,,,,,,,,,,,,,,,,,,,,,,,,,,,,,,,,,,,,,,,,,,,,,,,,,,,,,,,,,,,,,,,,,,,,,,,,,,,,,,,,,,,,,,,,,,,,,,,,,,,,,,,,,,,,,,,,,,,,,,,,,,,,,,,,,,,,,,,,,,,,,,,,,,,,,,,,,,,,,,,,,,,,,,,,,,,,,,,,,,,,,,,,,,,,,,,,,,,,,,,,,,,,,,,,,,,,,,,,,,,,,,,,,,,,,,,,,,,,,,,,,,,,,,,,,,,,,,,,,,,,,,,,,,,,,,,,,,,,,,,,,,,,,,,,,,,,,,,,,,,,,,,,,,,,,,,,,,,,,,,,,,,,,,,,,,,,,,,,,,,,,,,,,,,,,,,,,,,,,,,,,,,,,,,,,,,,,,,,,,,,,,,,,,,,,,,,,,,,,,,,,,,,,,,,,,,,,,,,,,,,,,,,,,,,,,,,,,,,,,,,,,,,,,,,,,,,,,,,,,,,,,,,,,,,,,,,,,,,,,,,,,,,,,,,,,,,,,,,,,,,,,,,,,,,,,,,,,,,,,,,,,,,,,,,,,,,,,,,,,,,,,,,,,,,,,,,,,,,,,,,,,,,,,,,,-0.084,-0.139,-0.017,-0.174,0.093,0.095,0.044,0.032,-0.09,-0.081,-0.016,0.028,0.148,0.238,-0.017,-0.115,-0.174,0.032,0.15,0.036,-0.244,0.041,-0.017,0.044,0.028,-0.115,-0.016,-0.017,0.082,0.082,-0.139,0.095,0.033,0.094,-0.059,0.096,-0.084,0.093,-0.081,0.238,-0.09,0.148,0.017,-0.48,0.017,-0.48,-0.033,-0.024,-0.078,0,0,0,0,-0.001,-0.001,0.006,0.002,-0.002,0.033,0.004,0.006,-0.101,-0.002,0,0.004,0.132,-0.101,0.006,-0.011,0.015,0.134,0.005,-0.085,0,0,0.065,-0.08,0,0,-0.002,-0.136,-0.008,-0.153,-0.009,-0.153,0,0,-0.003,0.107,-0.004,0.107,0,0.137,0,0,0.201,0.001,0,0,0,0,0,0,0.104,0.049,-0.052,-0.02,0.013,0.002,-0.057,0.013,-0.025,0.013,-0.002,0.013,-0.01,-0.065,0.013,-0.029,0.013,-0.043,,,,,,0.153,0.132,-0.108,0.153,0.153,0.026,0,0,0,0,0,0,0,0,0,0.005,0.03,0.014,0,0,0,0,,,,,,,,,0,0,0,0,,,,,,,,,,,,,,,,,,,,,,,,,,,,,,,,,,,,,,,,,,,,,,,,,,,,,,,,,,,,,,,,,,,,,,,,,,,,,,,,,,,,,,0
325,-0.01,0.004,-0.015,-0.034,0.031,-0.021,0,0.008,-0.123,0.024,0.143,0.143,-0.051,-0.02,-0.013,0.558,0.008,0.055,0.007,0,0.01,0.02,-0.062,,,,,,,,,,,,0.041,0.006,-0.336,0.303,0.047,,,,-0.157,0,0.001,,,,,,,,,,,,,,,,,,,,,,,,,-0.046,-0.007,0.028,0.035,0.188,0.141,0.12,0.08,0.11,0.082,0.103,0.024,,,,,,,,,,,,,,,,,,,,,,,,,,,,,,,,,,,,,,,,,,,,,,,,,,,,,,,,,,,,,,,,,,,,,,,,,,,,,,,,,,,,,,,,,,,,,,,,,,,,,,,,,,,,,,,,,,,,,,,,,,,,,,,,,,,,,,,,,,,,,,,,,,,,,,,,,,,,,,,,,,,,,,,,,,,,,,,,,,,,,,,,,,,,,,,,,,,,,,,,,,,,,,,,,,,,,,,,,,,,,,,,,,,,,,,,,,,,,,,,,,,,,,,,,,,,,,,,,,,,,,,,,,,,,,,,,,,,,,,,,,,,,,,,,,,,,,,,,,,,,,,,,,,,,,,,,,,,,,,,,,,,,,,,,,,,,,,,,,,,,,,,,,,,,,,,,,,,,,,,,,,,,,,,,,,,,,,,,,,,,,,,,,,,,,,,,,,,,,,,,,,,,,,,,,,,,,,,,,,,,,,,,,,,,,,,,,,,,,,,,,,,,,,,,,,,,,,,,,,,,,,,,,,,,,,,,,,,,,,,,,,,,,,,,,,,,,,,,,,,,,,,,,,,,,,,,,,,,,,,,,,,,,,,,,,,,,,,,,,,,,,,,,,,,,,,,,,,,,,,,,,,,,,,,,,,,,,,,,,,,,,,,,,,,,,,,,,,,,,,,,,,,,,,,,,,,,,,,,,,,,,,,,,,,,,,,,,,,,,,,,,-0.23,0.283,-0.002,0.264,0.02,0.023,0.082,0.09,-0.248,-0.21,0.009,-0.004,0.033,-0.088,0.117,-0.115,0.264,0.09,0.159,0.074,0.017,0.099,-0.002,0.082,-0.004,-0.115,0.009,0.117,0.015,0.015,0.283,0.023,-0.009,0.02,0.086,0.023,-0.23,0.02,-0.21,-0.088,-0.248,0.033,-0.354,0.52,-0.354,0.52,0.072,0.054,0.169,0,0,0,0,-0.006,-0.006,-0.004,0.002,0.079,0.007,0.007,-0.004,-0.021,0.079,0.031,0.007,0.008,-0.021,,,,,,,,,,,,,,,,,,,,,,,,,,,,,,,,,0,0,0,0,0.043,-0.173,0.107,0.041,0.01,-0.004,0.066,0.013,0.031,0.013,0.025,0.015,0.044,0.037,0.013,0.015,0.013,-0.014,,,,,,0.153,0.152,-0.092,0.153,0.153,-0.242,0,0,0,0,0,0,0,0,,,,,,,,,0.008,0.045,0.008,0.045,0,0,0,0,0,0,0,0,,,,,,,,,,,,,,,,,,,,,,,,,,,,,,,,,,,,,,,,,,,,,,,,,,,,,,,,,,,,,,,,,,,,,,,,,,,,,,,,,,,,,,0
327,,,,,,,,,,,,,,,,,,,,,,,,,,,,,,,,,,,,,,,,,,,,,,,,,,,,,,,,,,,,,,,,,,,,,,,,,,,,,,,,,,0.096,0.148,-0.065,-0.119,0.002,0,-0.014,-0.135,-0.029,0.046,-0.092,-0.092,-0.165,0.09,-0.067,0.115,-0.034,-0.076,-0.003,0,-0.069,-0.036,-0.04,,,,,,,,,,-0.189,0.003,,,,,,-0.044,-0.213,-0.015,-0.197,0,0,-0.088,0.108,-0.056,-0.127,-0.046,-0.05,0.078,-0.429,-0.32,-0.012,-0.147,0.092,-0.018,0,,,,,,,,,,,,,,,,,,,,,,,,,,,,,,,,,,,,,,,,,,,,,,,,,,,,,,,,,,,,,,,,,,,,,,,,,,,,,,,,,,,,,,,,,,,,,,,,,,,,,,,,,,,,,,,,,,,,,,,,,,,,,,,,,,,,,,,,,,,,,,,,,,,,,,,,,,,,,,,,,,,,,,,,,,,,,,,,,,,,,,,,,,,,,,,,,,,,,,,,,,,,,,,,,,,,,,,,,,,,,,,,,,,,,,,,,,,,,,,,,,,,,,,,,,,,,,,,,,,,,,,,,,,,,,,,,,,,,,,,,,,,,,,,,,,,,,,,,,,,,,,,,,,,,,,,,,,,,,,,,,,,,,,,,,,,,,,,,,,,,,,,,,,,,,,,,,,,,,,,,,,,,,,,,,,,,,,,,,,,,,,,,,,,,,,,,,,,,,,,,,,,,,,,,,,,,,,,,,,,,,,,,,,,,,,,,,,,,,,,,,,,,,,,,,,,,,,,,,,,,,,,,,,,,,,,,,,,,,,,,,,,,,,,,,,,,,,,,,,,,,,,,,,,,,,,,,,,,,,,,,,,,,,,,,,,,,,,,,,,,,,,,,,,,,,,,,,,,,,,,,,,,,,,,,,,,,,,,,,,,,,,-0.014,0.026,-0.201,-0.029,-0.052,-0.05,-0.214,-0.17,0.105,0.134,0.225,0.184,-0.12,0.08,-0.083,0.218,-0.029,-0.17,-0.283,-0.206,0.163,-0.18,-0.201,-0.214,0.184,0.218,0.225,-0.083,0.101,0.101,0.026,-0.05,0.053,-0.053,-0.002,-0.049,-0.014,-0.052,0.134,0.08,0.105,-0.12,-0.04,0.52,-0.04,0.52,0.005,0.003,0,0,0,0,0,0.001,0.001,-0.005,0,-0.056,-0.099,-0.006,-0.005,0.159,-0.056,-0.011,-0.006,-0.028,0.159,-0.005,-0.065,0.141,0.134,-0.006,0.175,0,0,0.004,0.011,0,0,0.005,-0.042,-0.002,-0.028,-0.002,-0.028,0,0,-0.012,-0.016,-0.013,-0.016,-0.011,-0.023,0,0,0.057,-0.008,0,0,0,0,0,0,0.133,0.113,0.013,-0.131,0.012,-0.007,-0.036,0.013,-0.015,0.013,-0.025,0.013,0.038,0.093,0.013,0.043,0.013,-0.056,,,,,,0.017,0.034,0.047,0.017,0.017,0.026,0,0,0,0,0,0,0,0,0,-0.028,0.03,-0.072,0,0,0,0,,,,,,,,,0,0,0,0,,,,,,,,,,,,,,,,,,,,,,,,,,,,,,,,,,,,,,,,,,,,,,,,,,,,,,,,,,,,,,,,,,,,,,,,,,,,,,,,,,,,,,0
328,-0.036,-0.034,-0.179,-0.179,-0.056,-0.294,-0.007,-0.032,0.005,-0.104,-0.113,-0.113,-0.094,-0.05,,,,,,,,,,0.009,-0.12,-0.051,0.344,-0.002,0,0.019,0.009,0.062,,,0.097,0.017,,,,-0.164,0.437,-0.029,-0.157,0,0.001,,,,,,,,,,,,,,,,,,,,,,,,,0.168,-0.007,-0.012,-0.068,-0.012,0.039,0.071,-0.051,0.073,0.077,-0.036,0.148,,,,,,,,,,,,,,,,,,,,,,,,,,,,,,,,,,,,,,,,,,,,,,,,,,,,,,,,,,,,,,,,,,,,,,,,,,,,,,,,,,,,,,,,,,,,,,,,,,,,,,,,,,,,,,,,,,,,,,,,,,,,,,,,,,,,,,,,,,,,,,,,,,,,,,,,,,,,,,,,,,,,,,,,,,,,,,,,,,,,,,,,,,,,,,,,,,,,,,,,,,,,,,,,,,,,,,,,,,,,,,,,,,,,,,,,,,,,,,,,,,,,,,,,,,,,,,,,,,,,,,,,,,,,,,,,,,,,,,,,,,,,,,,,,,,,,,,,,,,,,,,,,,,,,,,,,,,,,,,,,,,,,,,,,,,,,,,,,,,,,,,,,,,,,,,,,,,,,,,,,,,,,,,,,,,,,,,,,,,,,,,,,,,,,,,,,,,,,,,,,,,,,,,,,,,,,,,,,,,,,,,,,,,,,,,,,,,,,,,,,,,,,,,,,,,,,,,,,,,,,,,,,,,,,,,,,,,,,,,,,,,,,,,,,,,,,,,,,,,,,,,,,,,,,,,,,,,,,,,,,,,,,,,,,,,,,,,,,,,,,,,,,,,,,,,,,,,,,,,,,,,,,,,,,,,,,,,,,,,,,,,,,,,,,,,,,,,,,,,,,,,,,,,,,,,,,,,,,,,,,,,,,,,,,,,,,,,,,,,,,,,-0.084,-0.03,-0.21,0.07,0.104,0.09,0.044,-0.001,-0.116,-0.132,0.009,0.014,0.231,0.238,0.017,-0.115,0.07,-0.001,0.037,0.036,-0.099,0.008,-0.21,0.044,0.014,-0.115,0.009,0.017,0.104,0.104,-0.03,0.09,0.033,0.105,-0.022,0.09,-0.084,0.104,-0.132,0.238,-0.116,0.231,0.017,-0.48,0.017,-0.48,0.02,0.003,-0.004,0,0,0,0,-0.012,-0.012,0.001,0.001,0.052,-0.099,0.004,0.001,-0.221,0.052,-0.002,0.004,0.036,-0.221,0.001,0.043,-0.081,-0.048,0.004,-0.205,0,0,-0.003,-0.023,0,0,-0.002,-0.03,-0.009,-0.041,-0.01,-0.041,0,0,0.02,0.019,0.019,0.019,-0.002,0.041,0,0,0.136,0.007,0,0,0,0,0,0,-0.131,-0.077,0.042,0.012,0.016,0.013,-0.001,0.013,-0.001,0.013,-0.015,0.007,-0.067,0,0.013,0.001,0.013,0.038,,,,,,-0.256,-0.205,0.088,-0.256,-0.256,0.026,0,0,0,0,0,0,0,0,,,,,,,,,0.108,0.196,0.108,0.196,0,0,0,0,0,0,0,0,,,,,,,,,,,,,,,,,,,,,,,,,,,,,,,,,,,,,,,,,,,,,,,,,,,,,,,,,,,,,,,,,,,,,,,,,,,,,,,,,,,,,,0
330,0.108,0.108,-0.197,-0.179,-0.187,-0.384,-0.03,-0.152,-0.056,-0.131,-0.262,-0.262,-0.112,-0.081,-0.013,-0.193,-0.092,0.467,-0.005,0,-0.09,0.426,-0.067,,,,,,,,,,,,-0.079,0.047,-0.336,0.607,0.129,,,,-0.157,0,0.001,,,,,,,,,,,,,-0.017,-0.099,0.021,0.004,-0.039,-0.038,-0.005,-0.029,-0.022,0.002,0,-0.003,,,,,,,,,,,,,,,,,,,,,,,,,,,,,,,,,,,,,,,,,,,,,,,,,,,,,,,,,,,,,,,,,,,,,,,,,,,,,,,,,,,,,,,,,,,,,,,,,,,,,,,,,,,,,,,,,,,,,,,,,,,,,,,,,,,,,,,,,,,,,,,,,,,,,,,,,,,,,,,,,,,,,,,,,,,,,,,,,,,,,,,,,,,,,,,,,,,,,,,,,,,,,,,,,,,,,,,,,,,,,,,,,,,,,,,,,,,,,,,,,,,,,,,,,,,,,,,,,,,,,,,,,,,,,,,,,,,,,,,,,,,,,,,,,,,,,,,,,,,,,,,,,,,,,,,,,,,,,,,,,,,,,,,,,,,,,,,,,,,,,,,,,,,,,,,,,,,,,,,,,,,,,,,,,,,,,,,,,,,,,,,,,,,,,,,,,,,,,,,,,,,,,,,,,,,,,,,,,,,,,,,,,,,,,,,,,,,,,,,,,,,,,,,,,,,,,,,,,,,,,,,,,,,,,,,,,,,,,,,,,,,,,,,,,,,,,,,,,,,,,,,,,,,,,,,,,,,,,,,,,,,,,,,,,,,,,,,,,,,,,,,,,,,,,,,,,,,,,,,,,,,,,,,,,,,,,,,,,,,,,,,,,,,,,,,,,,,,,,,,,,,,,,,,,,,,,,,,,,,,,,,,,,,,,,,,,,,,,,,,,,,,,,,,,,,,,,,0.315,-0.03,-0.21,0.07,-0.098,-0.088,0.006,0.044,-0.09,-0.132,0.107,0.108,0.16,0.181,-0.017,-0.115,0.07,0.044,-0.223,0.004,0.158,0.047,-0.21,0.006,0.108,-0.115,0.107,-0.017,0.104,0.104,-0.03,-0.088,-0.081,-0.1,-0.022,-0.088,0.315,-0.098,-0.132,0.181,-0.09,0.16,0.017,-0.48,0.017,-0.48,-0.033,-0.028,-0.102,0,0,0,0,-0.009,-0.009,0.004,0,-0.002,-0.02,0.009,0.004,-0.021,-0.002,0.017,0.009,-0.102,-0.021,0.004,-0.011,-0.206,-0.139,0.009,-0.005,0,0,-0.026,-0.077,0,0,-0.006,-0.054,-0.002,-0.056,-0.003,-0.056,0,0,-0.013,-0.077,-0.014,-0.077,0.017,-0.097,0,0,0.054,0.006,0,0,0,0,0,0,-0.359,-0.068,-0.115,-0.085,0.016,0.022,0.001,0.013,0.001,0.013,0.005,0.014,-0.002,-0.09,0.013,-0.041,0.013,-0.024,,,,,,-0.029,-0.002,0.152,-0.029,-0.029,0.108,0,0,0,0,0,0,0,0,,,,,,,,,0.108,0.104,0.108,0.104,0,0,0,0,0,0,0,0,,,,,,,,,,,,,,,,,,,,,,,,,,,,,,,,,,,,,,,,,,,,,,,,,,,,,,,,,,,,,,,,,,,,,,,,,,,,,,,,,,,,,,0
332,,,,,,,,,,,,,,,,,,,,,,,,,,,,,,,,,,,,,,,,,,,,,,,,,,,,,,,,,,,,,,,,,,,,,,,,,,,,,,,,,,0.029,0.018,-0.116,-0.291,0.002,0,-0.014,-0.103,-0.014,0.046,-0.337,-0.337,-0.152,0.209,,,,,,,,,,0.012,-0.108,0.048,-0.329,0.004,0,0.013,-0.065,-0.323,0.021,0.028,,,-0.01,-0.156,-0.029,,,,-0.197,0,0,,,,,,,,,,,,,,,,,,,,,,,,,,,,,0.018,0.125,0.004,-0.046,0.033,0.043,0.088,-0.007,0.062,-0.013,-0.035,0.061,0.104,0.003,,,,,,,,,,,,,,,,,,,,,,,,,,,,,,,,,,,,,,,,,,,,,,,,,,,,,,,,,,,,,,,,,,,,,,,,,,,,,,,,,,,,,,,,,,,,,,,,,,,,,,,,,,,,,,,,,,,,,,,,,,,,,,,,,,,,,,,,,,,,,,,,,,,,,,,,,,,,,,,,,,,,,,,,,,,,,,,,,,,,,,,,,,,,,,,,,,,,,,,,,,,,,,,,,,,,,,,,,,,,,,,,,,,,,,,,,,,,,,,,,,,,,,,,,,,,,,,,,,,,,,,,,,,,,,,,,,,,,,,,,,,,,,,,,,,,,,,,,,,,,,,,,,,,,,,,,,,,,,,,,,,,,,,,,,,,,,,,,,,,,,,,,,,,,,,,,,,,,,,,,,,,,,,,,,,,,,,,,,,,,,,,,,,,,,,,,,,,,,,,,,,,,,,,,,,,,,,,,,,,,,,,,,,,,,,,,,,,,,,,,,,,,,,,,,,,,,,,,,,,,,,,,,,,,,,,,,,,,,,,,,,,,,,,,,,,,,,,,,,,,,,,,,,,,,,,,,,,,,,,,,,,,,,,,,,,,,,,,,,,,,,,,,,,,,,,,,,,-0.172,-0.211,-0.006,-0.071,-0.077,-0.069,-0.038,-0.085,0.23,0.23,0.049,0.072,-0.143,0.024,0.217,0.218,-0.071,-0.085,0.157,-0.047,-0.182,-0.076,-0.006,-0.038,0.072,0.218,0.049,0.217,-0.702,-0.702,-0.211,-0.069,0.008,-0.079,-0.084,-0.068,-0.172,-0.077,0.23,0.024,0.23,-0.143,-0.183,0.52,-0.183,0.52,0.02,0.023,0.094,0,0,0,0,0.006,0.006,-0.001,0.001,0.025,0.112,0.005,-0.001,0.199,0.025,-0.006,0.005,0.004,0.199,,,,,,,,,,,,,,,,,,,,,,,,,,,,,,,,,0,0,0,0,-0.238,-0.187,0.088,0.197,0.016,0.036,0.04,0.013,0.015,0.013,-0.015,0.016,0.083,-0.114,0.013,-0.051,0.013,-0.03,,,,,,0.062,0.065,0.158,0.062,0.062,0.035,0,0,0,0,0,0,0,0,,,,,,,,,0.008,-0.068,0.008,-0.068,0,0,0,0,0,0,0,0,,,,,,,,,,,,,,,,,,,,,,,,,,,,,,,,,,,,,,,,,,,,,,,,,,,,,,,,,,,,,,,,,,,,,,,,,,,,,,,,,,,,,,0
335,,,,,,,,,,,,,,,,,,,,,,,,,,,,,,,,,,,,,,,,,,,,,,,,,,,,,,,,,,,,,,,,,,,,,,,,,,,,,,,,,,,,,,,,,,,,,,,,,,,,,,,,,,,,,,,,,,,,,,,,,,,,,,,,,,,,,,,,,,,,,,,,,,,,,,,,,,,,,,,,,,,,,,,,,,,,,,,,,,,,,,,,,,,,,,,,,,,,,,,,,,,,,,,,,,,,,,,,,,,,,,,,,,,,,,,,,,,,,,,,,,,,,,,,,,,,,,,,,,,,,,,,,,,,,,,,,,,,,,,,,,,,,,,,,,,,,,,,,,,,,,,,,,,,,,,,,,,,,,,,,,,,,0.013,-0.014,-0.087,-0.01,-0.008,-0.017,0.013,-0.002,0.113,-0.103,-0.111,-0.09,0.123,-0.014,0.009,-0.001,0.011,-0.008,0.092,0.006,0.006,-0.038,0.296,0.008,0.01,0.014,0.003,-0.027,-0.001,,,,,,,,,,,,,,,,,,,,,,,,,0.297,0.1,-0.088,-0.041,0.073,0.051,0.005,0.081,-0.007,0.095,-0.223,0.113,0.123,-0.002,0,0.278,0.285,-0.174,0.095,-0.003,,,,,,,,,,,,,,,,,,,,,,,,,,,,,,,,,,,,,,,,,,,,,,,,,,,,,,,,,,,,,,,,,,,,,,,,,,,,,,,,,,,,,,,,,,,,,,,,,,,,,,,,,,,,,,,,,,,,,,,,,,,,,,,,,,,,,,,,,,,,,,,,,,,,,,,,,,,,,,,,,,,,,,,,,,,,,,,,,,,,,,,,,,,,,,,,,,,,,,,,,,,,,,,,,,,,,,,,,,,,,,,,,,,,,,,,,,,,,,,,,,,,,,,,,,,,,,,,,,,,,,,,,,,,,,,,,,,,,,,,,,,,,-0.022,-0.054,-0.148,-0.125,-0.031,-0.092,0.192,0.038,-0.035,0.083,-0.168,-0.161,0.05,-0.034,,,,,,,,,,,,,,,,,,,,,,,,,,,,,-0.147,0.026,0.293,-0.193,0.027,0.029,0.101,-0.046,0.079,0.058,-0.061,-0.109,-0.179,0.08,-0.017,-0.115,-0.193,-0.046,0.333,0.093,-0.255,-0.037,0.293,0.101,-0.109,-0.115,-0.061,-0.017,0.057,0.057,0.026,0.029,0.015,0.027,-0.002,0.029,-0.147,0.027,0.058,0.08,0.079,-0.179,-0.04,0.52,-0.04,0.52,0.01,0.011,0.035,0,0,0,0,-0.006,-0.006,0.001,0.004,0.025,0.007,0.004,0.001,0.039,0.025,-0.001,0.004,0.128,0.039,0.001,0.016,0.147,-0.048,0.004,0.055,0,0,0.036,0.146,0,0,-0.002,0.037,-0.009,0.08,-0.009,0.08,0,0,-0.004,0.168,-0.005,0.168,-0.002,0.133,0,0,-0.045,0.001,0,0,0,0,0,0,-0.152,-0.158,0.114,0.092,0.018,0.07,-0.123,0.013,-0.055,0.013,-0.032,0.014,0.007,0.029,0.013,0.013,0.013,-0.001,,,,,,0.153,0.126,-0.287,0.153,0.153,0.165,0,0,0,0,0,0,0,0,,,,,,,,,0.008,-0.017,0.008,-0.017,0,0,0,0,0,0,0,0,,,,,,,,,,,,,,,,,,,,,,,,,,,,,,,,,,,,,,,,,,,,,,,,,,,,,,,,,,,,,,,,,,,,,,,,,,,,,,,,,,,,,,0
336,,,,,,,,,,,,,,,,,,,,,,,,,,,,,,,,,,,,,,,,,,,,,,,,,,,,,,,,,,,,,,,,,,,,,,,,,,,,,,,,,,-0.032,-0.025,-0.123,-0.291,0.002,0,-0.006,-0.041,-0.148,-0.084,0.112,0.112,0.025,0.145,-0.067,0.379,-0.034,0.048,-0.009,0,-0.069,0.233,0.002,,,,,,,,,,,,-0.331,0.198,-0.01,-0.141,0.025,,,,-0.197,0,0,-0.104,0.113,-0.096,-0.168,-0.065,-0.047,0.066,0.053,-0.168,-0.02,0.007,0.081,-0.018,0.012,,,,,,,,,,,,,,,,,,,,,,,,,,,,,,,,,,,,,,,,,,,,,,,,,,,,,,,,,,,,,,,,,,,,,,,,,,,,,,,,,,,,,,,,,,,,,,,,,,,,,,,,,,,,,,,,,,,,,,,,,,,,,,,,,,,,,,,,,,,,,,,,,,,,,,,,,,,,,,,,,,,,,,,,,,,,,,,,,,,,,,,,,,,,,,,,,,,,,,,,,,,,,,,,,,,,,,,,,,,,,,,,,,,,,,,,,,,,,,,,,,,,,,,,,,,,,,,,,,,,,,,,,,,,,,,,,,,,,,,,,,,,,,,,,,,,,,,,,,,,,,,,,,,,,,,,,,,,,,,,,,,,,,,,,,,,,,,,,,,,,,,,,,,,,,,,,,,,,,,,,,,,,,,,,,,,,,,,,,,,,,,,,,,,,,,,,,,,,,,,,,,,,,,,,,,,,,,,,,,,,,,,,,,,,,,,,,,,,,,,,,,,,,,,,,,,,,,,,,,,,,,,,,,,,,,,,,,,,,,,,,,,,,,,,,,,,,,,,,,,,,,,,,,,,,,,,,,,,,,,,,,,,,,,,,,,,,,,,,,,,,,,,,,,,,,,,,,,,,,,,,,,,,,,,,,,,,,,,,,,,,,,-0.172,0.113,-0.119,-0.18,-0.093,-0.074,0.025,-0.04,0.23,0.23,0.069,0.034,-0.096,-0.2,0.183,0.218,-0.18,-0.04,0.09,0.017,-0.247,-0.031,-0.119,0.025,0.034,0.218,0.069,0.183,-0.702,-0.702,0.113,-0.074,0.008,-0.095,0.028,-0.074,-0.172,-0.093,0.23,-0.2,0.23,-0.096,-0.183,0.52,-0.183,0.52,,,,0,0,0,0,-0.004,-0.004,-0.005,0.002,-0.029,0.086,0.007,-0.005,0.339,-0.029,0.001,0.007,-0.028,0.339,,,,,,,,,,,,,,,,,,,,,,,,,,,,,,,,,0,0,0,0.001,-0.213,-0.12,0.105,0.21,0.018,0.095,0.032,0.013,0.017,0.013,-0.015,0.013,0.027,0.014,0.013,-0.001,0.013,-0.014,,,,,,0.017,0.008,-0.003,0.017,0.017,0.083,0,0,0,0,0,0,0,0,,,,,,,,,0.108,-0.036,0.108,-0.036,0,0,0,0,0,0,0,0,,,,,,,,,,,,,,,,,,,,,,,,,,,,,,,,,,,,,,,,,,,,,,,,,,,,,,,,,,,,,,,,,,,,,,,,,,,,,,,,,,,,,,0
337,-0.062,-0.034,0.348,0.33,-0.013,0.07,0.03,0.128,0.015,0.12,-0.135,-0.135,0.206,-0.036,-0.013,0.342,0.008,-0.013,0.003,0,0.01,0.002,0.002,,,,,,,,,,,,-0.144,-0.156,,,,0.336,-0.501,-0.018,0.343,0,0.001,,,,,,,,,,,,,,,,,,,,,,,,,-0.032,0.057,0.009,0.006,0.088,0.104,-0.013,0.107,-0.21,-0.056,0.172,-0.067,,,,,,,,,,,,,,,,,,,,,,,,,,,,,,,,,,,,,,,,,,,,,,,,,,,,,,,,,,,,,,,,,,,,,,,,,,,,,,,,,,,,,,,,,,,,,,,,,,,,,,,,,,,,,,,,,,,,,,,,,,,,,,,,,,,,,,,,,,,,,,,,,,,,,,,,,,,,,,,,,,,,,,,,,,,,,,,,,,,,,,,,,,,,,,,,,,,,,,,,,,,,,,,,,,,,,,,,,,,,,,,,,,,,,,,,,,,,,,,,,,,,,,,,,,,,,,,,,,,,,,,,,,,,,,,,,,,,,,,,,,,,,,,,,,,,,,,,,,,,,,,,,,,,,,,,,,,,,,,,,,,,,,,,,,,,,,,,,,,,,,,,,,,,,,,,,,,,,,,,,,,,,,,,,,,,,,,,,,,,,,,,,,,,,,,,,,,,,,,,,,,,,,,,,,,,,,,,,,,,,,,,,,,,,,,,,,,,,,,,,,,,,,,,,,,,,,,,,,,,,,,,,,,,,,,,,,,,,,,,,,,,,,,,,,,,,,,,,,,,,,,,,,,,,,,,,,,,,,,,,,,,,,,,,,,,,,,,,,,,,,,,,,,,,,,,,,,,,,,,,,,,,,,,,,,,,,,,,,,,,,,,,,,,,,,,,,,,,,,,,,,,,,,,,,,,,,,,,,,,,,,,,,,,,,,,,,,,,,,,,,,0.049,0.294,-0.039,0.121,-0.047,-0.021,-0.038,0.012,-0.038,-0.056,-0.106,-0.095,0.089,-0.156,-0.017,0.218,0.121,0.012,-0.192,-0.028,0.258,0.002,-0.039,-0.038,-0.095,0.218,-0.106,-0.017,0.063,0.063,0.294,-0.021,-0.119,-0.046,0.09,-0.02,0.049,-0.047,-0.056,-0.156,-0.038,0.089,0.017,-0.48,0.017,-0.48,-0.028,-0.02,-0.051,0,0,0,0,0.001,0.001,-0.003,0.005,-0.029,-0.257,-0.003,-0.003,-0.101,-0.029,0.002,-0.003,-0.047,-0.101,-0.003,-0.038,-0.09,-0.199,-0.002,-0.085,0,0,-0.021,-0.015,0,0,-0.001,-0.034,-0.007,-0.019,-0.008,-0.019,0,0,0.024,-0.029,0.023,-0.029,0.002,-0.042,0,0,0.024,-0.004,0,0,0,0,0,0,0.037,0.031,0.111,0.096,0.011,-0.029,-0.043,0.013,-0.019,0.013,0.018,0.014,0.007,0.008,0.013,0.005,0.013,-0.024,,,,,,0.199,0.156,-0.517,0.199,0.199,0.059,0,0,0,0,0,0,0,0,,,,,,,,,-0.092,-0.103,-0.092,-0.103,0,0,0,0,0,0,0,0,,,,,,,,,,,,,,,,,,,,,,,,,,,,,,,,,,,,,,,,,,,,,,,,,,,,,,,,,,,,,,,,,,,,,,,,,,,,,,,,,,,,,,0
339,,,,,,,,,,,,,,,,,,,,,,,,,,,,,,,,,,,,,,,,,,,,,,,,,,,,,,,,,,,,,,,,,,,,,,,,,,,,,,,,,,,,,,,,,,,,,,,,,,,,,,,,,,,,,,,,,,,,,,,,,,,,,,,,,,,,,,,,,,,,,,,,,,,,,,,,,,,,,,,,,,,,,,,,,,,,,,,,,,,,,,,,,,,,,,,,,,,,,,,,,,,,,,,,,,,,,,,,,,,,,,,,,,,,,,,,,,,,,,,,,,,,,,,,,,,,,,,,,,,,,,,,,,,,,,,,,,,,,,,,,,,,,,,,,,,,,,,,,,,,,,,,,,,,,,,,,,,,,,,,,,,,,0.182,-0.01,-0.007,0.012,-0.011,0.016,0.015,0.115,0.091,-0.06,-0.042,-0.038,0.118,-0.055,,,,,,,,,,,,,,,,0.051,0.037,0.003,-0.007,0.071,0.13,0.117,-0.032,0.158,0.002,0.005,-0.15,0.003,-0.011,-0.007,,,,,,,,,,0.161,0.093,0.051,-0.007,-0.047,-0.056,0.02,-0.175,0.034,0.034,0.21,0.091,0.118,0.115,0,0.188,0.183,0.068,0.033,0.012,,,,,,,,,,,,,,,,,,,,,,,,,,,,,,,,,,,,,,,,,,,,,,,,,,,,,,,,,,,,,,,,,,,,,,,,,,,,,,,,,,,,,,,,,,,,,,,,,,,,,,,,,,,,,,,,,,,,,,,,,,,,,,,,,,,,,,,,,,,,,,,,,,,,,,,,,,,,,,,,,,,,,,,,,,,,,,,,,,,,,,,,,,,,,,,,,,,,,,,,,,,,,,,,,,,,,,,,,,,,,,,,,,,,,,,,,,,,,,,,,,,,,,,,,,,,,,,,,,,,,,,,,,,,,,,,,,,,,,,,,,,,,0.299,0.004,0.105,-0.054,-0.031,0.082,0.179,0.087,-0.035,0.079,0.087,0.024,0.044,-0.034,,,,,,,,,,,,,,,,,,,,,,,,,,,,,-0.014,0.026,0.183,-0.085,-0.024,-0.02,0.006,-0.001,0.053,0.033,-0.021,-0.053,-0.179,0.08,-0.083,0.218,-0.085,-0.001,0.268,-0.002,-0.191,0.008,0.183,0.006,-0.053,0.218,-0.021,-0.083,0.057,0.057,0.026,-0.02,0.053,-0.024,-0.002,-0.02,-0.014,-0.024,0.033,0.08,0.053,-0.179,-0.04,0.52,-0.04,0.52,0.01,0.007,0.035,0,0,0,0,-0.007,-0.007,-0.002,-0.001,0.025,-0.046,0.006,-0.002,-0.021,0.025,0.007,0.006,-0.166,-0.021,-0.002,0.016,0.098,-0.139,0.007,-0.005,0,0,-0.01,-0.088,0,0,0.011,-0.046,-0.006,-0.062,-0.006,-0.062,0,0,0.004,-0.152,0.003,-0.152,0.007,-0.161,0,0,-0.149,-0.005,0,0,0,0,0,0,0.025,-0.1,0.068,-0.004,0.011,-0.007,0.038,0.013,0.019,0.013,0.038,0.011,-0.002,0.036,0.013,0.017,0.013,-0.007,,,,,,-0.119,-0.093,-0.035,-0.119,-0.119,0.002,0,0,0,0,0,0,0,0,0,0.013,-0.082,0.034,0,0,0,0,,,,,,,,,0,0,0,0,,,,,,,,,,,,,,,,,,,,,,,,,,,,,,,,,,,,,,,,,,,,,,,,,,,,,,,,,,,,,,,,,,,,,,,,,,,,,,,,,,,,,,0
342,0.16,0.131,-0.052,-0.016,-0.1,-0.248,-0.03,-0.112,-0.016,0.019,0.006,0.006,-0.058,-0.011,-0.013,-0.131,-0.092,0.294,0,0,0.01,-0.204,0.055,,,,,,,,,,,,-0.187,-0.141,-0.336,0.515,-0.133,,,,-0.157,0,0.001,,,,,,,,,,,,,,,,,,,,,,,,,-0.016,-0.063,-0.017,0.057,-0.212,-0.168,-0.069,-0.13,-0.046,-0.007,-0.214,-0.017,,,,,,,,,,,,,,,,,,,,,,,,,,,,,,,,,,,,,,,,,,,,,,,,,,,,,,,,,,,,,,,,,,,,,,,,,,,,,,,,,,,,,,,,,,,,,,,,,,,,,,,,,,,,,,,,,,,,,,,,,,,,,,,,,,,,,,,,,,,,,,,,,,,,,,,,,,,,,,,,,,,,,,,,,,,,,,,,,,,,,,,,,,,,,,,,,,,,,,,,,,,,,,,,,,,,,,,,,,,,,,,,,,,,,,,,,,,,,,,,,,,,,,,,,,,,,,,,,,,,,,,,,,,,,,,,,,,,,,,,,,,,,,,,,,,,,,,,,,,,,,,,,,,,,,,,,,,,,,,,,,,,,,,,,,,,,,,,,,,,,,,,,,,,,,,,,,,,,,,,,,,,,,,,,,,,,,,,,,,,,,,,,,,,,,,,,,,,,,,,,,,,,,,,,,,,,,,,,,,,,,,,,,,,,,,,,,,,,,,,,,,,,,,,,,,,,,,,,,,,,,,,,,,,,,,,,,,,,,,,,,,,,,,,,,,,,,,,,,,,,,,,,,,,,,,,,,,,,,,,,,,,,,,,,,,,,,,,,,,,,,,,,,,,,,,,,,,,,,,,,,,,,,,,,,,,,,,,,,,,,,,,,,,,,,,,,,,,,,,,,,,,,,,,,,,,,,,,,,,,,,,,,,,,,,,,,,,,,,,,,,,0.182,0.077,-0.21,0.07,0.024,0.015,-0.075,-0.085,-0.168,-0.132,0.225,0.165,0.148,0.069,-0.083,0.218,0.07,-0.085,0.037,-0.085,-0.099,-0.076,-0.21,-0.075,0.165,0.218,0.225,-0.083,0.104,0.104,0.077,0.015,0.109,0.024,0.015,0.015,0.182,0.024,-0.132,0.069,-0.168,0.148,0.017,-0.48,0.017,-0.48,-0.014,-0.013,-0.047,0,0,0,0,0,0,0,-0.003,0.079,0.033,0.001,0,0.019,0.079,-0.013,0.001,0.04,0.019,-0.001,0.07,-0.215,-0.048,0.001,0.035,0,0,-0.026,0.016,0,0,0.004,0.056,-0.002,0.031,-0.003,0.031,0,0,0.012,0.041,0.011,0.041,-0.013,0.046,0,0,-0.007,0.006,0,0,0,0,0,0,-0.326,-0.141,-0.152,-0.116,0.013,0.002,0.015,0.013,0.009,0.013,0.051,0.01,-0.058,-0.03,0.013,-0.013,0.013,-0.001,,,,,,0.017,0.027,0.115,0.017,0.017,0.026,0,0,0,0,0,0,0,0,0,-0.052,0.03,-0.131,0,0,0,0,,,,,,,,,0,0,0,0,,,,,,,,,,,,,,,,,,,,,,,,,,,,,,,,,,,,,,,,,,,,,,,,,,,,,,,,,,,,,,,,,,,,,,,,,,,,,,,,,,,,,,0
343,,,,,,,,,,,,,,,,,,,,,,,,,,,,,,,,,,,,,,,,,,,,,,,,,,,,,,,,,,,,,,,,,,,,,,,,,,,,,,,,,,,,,,,,,,,,,,,,,,,,,,,,,,,,,,,,,,,,,,,,,,,,,,,,,,,,,,,,,,,,,,,,,,,,,,,,,,,,,,,,,,,,,,,,,,,,,,,,,,,,,,,,,,,,,,,,,,,,,,,,,,,,,,,,,,,,,,,,,,,,,,,,,,,,,,,,,,,,,,,,,,,,,,,,,,,,,,,,,,,,,,,,,,,,,,,,,,,,,,,,,,,,,,,,,,,,,,,,,,,,,,,,,,,,,,,,,,,,,,,,,,,,,-0.039,0.07,0.021,0.029,0.092,-0.022,0.017,-0.079,0.059,-0.103,-0.09,-0.09,0.086,-0.059,0.112,0,0,-0.008,0.088,0.005,0.004,-0.028,0.145,0,0.003,-0.167,0.003,-0.071,-0.009,,,,,,,,,,,,,,,,,,,,,,,,,0.148,0.046,-0.106,-0.075,0.093,-0.123,-0.007,-0.035,0.035,-0.009,-0.288,0.059,0.086,-0.079,0,0.266,0.21,-0.16,-0.011,-0.015,,,,,,,,,,,,,,,,,,,,,,,,,,,,,,,,,,,,,,,,,,,,,,,,,,,,,,,,,,,,,,,,,,,,,,,,,,,,,,,,,,,,,,,,,,,,,,,,,,,,,,,,,,,,,,,,,,,,,,,,,,,,,,,,,,,,,,,,,,,,,,,,,,,,,,,,,,,,,,,,,,,,,,,,,,,,,,,,,,,,,,,,,,,,,,,,,,,,,,,,,,,,,,,,,,,,,,,,,,,,,,,,,,,,,,,,,,,,,,,,,,,,,,,,,,,,,,,,,,,,,,,,,,,,,,,,,,,,,,,,,,,,,,,,,,,,,,,,,,,0.073,0.091,-0.003,0.108,-0.03,-0.029,0.213,-0.002,-0.035,0.023,-0.005,-0.005,0.008,-0.038,,,,,,,,,,,,,,,0.049,-0.03,-0.151,0.012,0.329,0.365,-0.107,-0.046,-0.116,-0.005,0.194,0.154,0.137,-0.099,-0.083,-0.115,0.012,-0.046,-0.258,-0.085,0.193,-0.07,-0.151,-0.107,0.154,-0.115,0.194,-0.083,0.063,0.063,-0.03,0.365,-0.536,0.339,-0.022,0.365,0.049,0.329,-0.005,-0.099,-0.116,0.137,0.017,-0.48,0.017,-0.48,-0.009,-0.005,-0.004,0,0,0,0,0.012,0.012,0,-0.003,0.025,0.007,0.001,0,0.019,0.025,-0.012,0.001,0.073,0.019,-0.001,0.016,0.059,-0.018,0.002,0.035,0,0,0.023,-0.088,0,0,-0.006,-0.113,-0.002,-0.106,-0.002,-0.106,0,0,-0.013,0.024,-0.014,0.023,-0.012,0.078,0,0,0.055,0.004,0,0,0,0,0,0,0.147,0.07,0.107,0.072,0.02,0.129,-0.023,0.013,-0.013,0.013,-0.015,0.014,0.049,0.045,0.013,0.021,0.013,-0.007,,,,,,0.017,0.02,0.156,0.017,0.017,-0.014,0,0,0,0,0,0,0,0,0,-0.024,-0.082,-0.06,0,0,0,0,,,,,,,,,0,0,0,0,,,,,,,,,,,,,,,,,,,,,,,,,,,,,,,,,,,,,,,,,,,,,,,,,,,,,,,,,,,,,,,,,,,,,,,,,,,,,,,,,,,,,,0
344,-0.036,-0.086,-0.015,0.003,-0.1,0.07,0.008,0.088,0.056,0.056,0.258,0.258,0.057,0.065,,,,,,,,,,0.009,0.13,0.049,-0.001,-0.002,0,0.019,-0.152,-0.034,,,0.061,0.26,,,,-0.164,0.234,0.023,-0.157,0,0.001,,,,,,,,,,,,,-0.028,0.034,0,-0.004,-0.02,-0.023,-0.006,-0.017,-0.103,0.001,0,0,,,,,,,,,,,,,,,,,,,,,,,,,,,,,,,,,,,,,,,,,,,,,,,,,,,,,,,,,,,,,,,,,,,,,,,,,,,,,,,,,,,,,,,,,,,,,,,,,,,,,,,,,,,,,,,,,,,,,,,,,,,,,,,,,,,,,,,,,,,,,,,,,,,,,,,,,,,,,,,,,,,,,,,,,,,,,,,,,,,,,,,,,,,,,,,,,,,,,,,,,,,,,,,,,,,,,,,,,,,,,,,,,,,,,,,,,,,,,,,,,,,,,,,,,,,,,,,,,,,,,,,,,,,,,,,,,,,,,,,,,,,,,,,,,,,,,,,,,,,,,,,,,,,,,,,,,,,,,,,,,,,,,,,,,,,,,,,,,,,,,,,,,,,,,,,,,,,,,,,,,,,,,,,,,,,,,,,,,,,,,,,,,,,,,,,,,,,,,,,,,,,,,,,,,,,,,,,,,,,,,,,,,,,,,,,,,,,,,,,,,,,,,,,,,,,,,,,,,,,,,,,,,,,,,,,,,,,,,,,,,,,,,,,,,,,,,,,,,,,,,,,,,,,,,,,,,,,,,,,,,,,,,,,,,,,,,,,,,,,,,,,,,,,,,,,,,,,,,,,,,,,,,,,,,,,,,,,,,,,,,,,,,,,,,,,,,,,,,,,,,,,,,,,,,,,,,,,,,,,,,,,,,,,,,,,,,,,,,,,,,,,,,,,,,,,,,,,0.315,-0.03,-0.171,0.21,-0.067,-0.055,-0.05,-0.04,0.092,0.096,-0.066,-0.058,0.092,0.024,-0.017,-0.115,0.21,-0.04,0.059,-0.06,-0.015,-0.031,-0.171,-0.05,-0.058,-0.115,-0.066,-0.017,0.082,0.082,-0.03,-0.055,-0.043,-0.069,-0.022,-0.055,0.315,-0.067,0.096,0.024,0.092,0.092,0.017,0.52,0.017,0.52,0.01,0.007,-0.008,0,0,0,0,0.006,0.006,-0.003,-0.002,-0.056,0.059,0.004,-0.003,0.259,-0.056,-0.001,0.004,-0.033,0.259,,,,,,,,,,,,,,,,,,,,,,,,,,,,,,,,,0,0,0,0,-0.012,-0.145,-0.219,-0.139,0.011,-0.001,-0.057,0.013,-0.027,0.013,0.005,0.016,0.069,-0.041,0.013,-0.017,0.013,-0.062,,,,,,0.062,0.042,0.029,0.062,0.062,0.148,0,0,0,0,0,0,0,0,0,0.073,-0.193,0.186,0,0,0,0,,,,,,,,,0,0,0,0,,,,,,,,,,,,,,,,,,,,,,,,,,,,,,,,,,,,,,,,,,,,,,,,,,,,,,,,,,,,,,,,,,,,,,,,,,,,,,,,,,,,,,0
347,,,,,,,,,,,,,,,,,,,,,,,,,,,,,,,,,,,,,,,,,,,,,,,,,,,,,,,,,,,,,,,,,,,,,,,,,,,,,,,,,,-0.045,-0.046,0.067,0.157,-0.053,-0.077,0.01,0.084,-0.039,0.041,0.435,0.435,0.04,0.105,,,,,,,,,,0.012,0.027,0.048,-0.151,-0.005,0,0.013,-0.088,0.011,0.068,0.023,,,,,,-0.044,-0.035,-0.038,-0.197,0,0,,,,,,,,,,,,,,,,,,,,,,,,,,,,,-0.017,-0.114,-0.012,0.002,0.124,0.103,0.007,-0.007,-0.107,0.041,-0.058,-0.014,0.094,-0.027,,,,,,,,,,,,,,,,,,,,,,,,,,,,,,,,,,,,,,,,,,,,,,,,,,,,,,,,,,,,,,,,,,,,,,,,,,,,,,,,,,,,,,,,,,,,,,,,,,,,,,,,,,,,,,,,,,,,,,,,,,,,,,,,,,,,,,,,,,,,,,,,,,,,,,,,,,,,,,,,,,,,,,,,,,,,,,,,,,,,,,,,,,,,,,,,,,,,,,,,,,,,,,,,,,,,,,,,,,,,,,,,,,,,,,,,,,,,,,,,,,,,,,,,,,,,,,,,,,,,,,,,,,,,,,,,,,,,,,,,,,,,,,,,,,,,,,,,,,,,,,,,,,,,,,,,,,,,,,,,,,,,,,,,,,,,,,,,,,,,,,,,,,,,,,,,,,,,,,,,,,,,,,,,,,,,,,,,,,,,,,,,,,,,,,,,,,,,,,,,,,,,,,,,,,,,,,,,,,,,,,,,,,,,,,,,,,,,,,,,,,,,,,,,,,,,,,,,,,,,,,,,,,,,,,,,,,,,,,,,,,,,,,,,,,,,,,,,,,,,,,,,,,,,,,,,,,,,,,,,,,,,,,,,,,,,,,,,,,,,,,,,,,,,,,,,,,,,0.049,-0.139,0.093,-0.066,0.024,0.015,0.032,0.012,-0.012,-0.031,0.122,0.085,0.125,-0.043,-0.083,-0.115,-0.066,0.012,0.215,0.023,-0.179,0.021,0.093,0.032,0.085,-0.115,0.122,-0.083,0.082,0.082,-0.139,0.015,0.071,0.024,-0.059,0.015,0.049,0.024,-0.031,-0.043,-0.012,0.125,0.017,-0.48,0.017,-0.48,0.001,-0.005,-0.004,0,0,0,0,-0.003,-0.003,0,-0.002,0.025,-0.02,-0.006,0,0.039,0.025,-0.011,-0.006,0.086,0.039,0,0.016,0.023,0.255,-0.006,0.055,0,0,0.014,0.042,0,0,-0.005,0.072,0.009,0.065,0.009,0.065,0,0,-0.012,0.098,-0.013,0.098,-0.011,0.091,0,0,0.119,0.006,0,0,0,0,0,0,0.021,0.058,0.036,0.031,0.014,0.01,0.002,0.013,-0.003,0.013,-0.015,0.014,0.066,-0.001,0.013,-0.005,0.013,-0.043,,,,,,0.153,0.126,-0.189,0.153,0.153,0.108,0,0,0,0,0,0,0,0,,,,,,,,,0.108,0.257,0.108,0.257,0,0,0,0,0,0,0,0,,,,,,,,,,,,,,,,,,,,,,,,,,,,,,,,,,,,,,,,,,,,,,,,,,,,,,,,,,,,,,,,,,,,,,,,,,,,,,,,,,,,,,0
351,0.01,-0.041,-0.197,-0.197,-0.1,0.161,-0.015,-0.032,0.122,0.195,0.157,0.157,0.001,-0.111,,,,,,,,,,0.009,-0.182,-0.051,0.487,0.006,0,0.019,-0.254,0.004,,,0.021,0.318,,,,-0.164,-0.147,0.007,-0.157,0,0.001,-0.027,-0.049,0.02,-0.003,-0.001,-0.008,-0.034,-0.009,0.145,-0.016,0,0.009,,,,,,,,,,,,,,,,,,,,,,,,,,,,,,,,,,,,,,,,,,,,,,,,,,,,,,,,,,,,,,,,,,,,,,,,,,,,,,,,,,,,,,,,,,,,,,,,,,,,,,,,,,,,,,,,,,,,,,,,,,,,,,,,,,,,,,,,,,,,,,,,,,,,,,,,,,,,,,,,,,,,,,,,,,,,,,,,,,,,,,,,,,,,,,,,,,,,,,,,,,,,,,,,,,,,,,,,,,,,,,,,,,,,,,,,,,,,,,,,,,,,,,,,,,,,,,,,,,,,,,,,,,,,,,,,,,,,,,,,,,,,,,,,,,,,,,,,,,,,,,,,,,,,,,,,,,,,,,,,,,,,,,,,,,,,,,,,,,,,,,,,,,,,,,,,,,,,,,,,,,,,,,,,,,,,,,,,,,,,,,,,,,,,,,,,,,,,,,,,,,,,,,,,,,,,,,,,,,,,,,,,,,,,,,,,,,,,,,,,,,,,,,,,,,,,,,,,,,,,,,,,,,,,,,,,,,,,,,,,,,,,,,,,,,,,,,,,,,,,,,,,,,,,,,,,,,,,,,,,,,,,,,,,,,,,,,,,,,,,,,,,,,,,,,,,,,,,,,,,,,,,,,,,,,,,,,,,,,,,,,,,,,,,,,,,,,,,,,,,,,,,,,,,,,,,,,,,,,,,,,,,,,,,,,,,,,,,,,,,,,,,,,,,,,,,,,,,,,,,,,,,,,,0.385,0.134,-0.201,-0.029,-0.08,-0.082,-0.069,-0.111,0.105,0.134,0.028,0.052,-0.179,0.193,-0.017,-0.115,-0.029,-0.111,0.042,-0.079,-0.158,-0.102,-0.201,-0.069,0.052,-0.115,0.028,-0.017,0.101,0.101,0.134,-0.082,0.166,-0.082,0.035,-0.082,0.385,-0.08,0.134,0.193,0.105,-0.179,-0.04,0.52,-0.04,0.52,-0.004,0.003,0,0,0,0,0,0.001,0.001,0,-0.002,-0.083,-0.125,0.002,0,0.139,-0.083,0.019,0.002,-0.148,0.139,0,-0.092,0.137,0.104,0.002,0.155,0,0,-0.035,-0.072,0,0,0.005,-0.058,-0.002,-0.066,-0.002,-0.066,0,0,-0.012,-0.13,-0.013,-0.13,0.019,-0.142,0,0,-0.186,0.008,0,0,0,0,0,0,0.16,-0.061,-0.121,-0.136,0.012,0.022,0.048,0.013,0.023,0.013,-0.009,0.012,0.044,-0.033,0.013,-0.013,0.013,-0.062,,,,,,0.017,0.014,0.029,0.017,0.017,0.124,0,0,0,0,0,0,0,0,0,-0.079,0.141,-0.201,0,0,0,0,,,,,,,,,0,0,0,0,,,,,,,,,,,,,,,,,,,,,,,,,,,,,,,,,,,,,,,,,,,,,,,,,,,,,,,,,,,,,,,,,,,,,,,,,,,,,,,,,,,,,,0
352,,,,,,,,,,,,,,,,,,,,,,,,,,,,,,,,,,,,,,,,,,,,,,,,,,,,,,,,,,,,,,,,,,,,,,,,,,,,,,,,,,-0.014,-0.039,0.067,0.157,-0.053,-0.077,0.01,0.084,0.11,0.211,-0.198,-0.198,0.157,-0.047,0.033,-0.348,-0.034,-0.029,0.006,0,0.043,-0.302,-0.002,,,,,,,,,,,,0.16,0.168,-0.01,0.2,-0.038,,,,-0.197,0,0,,,,,,,,,,,,,,,,,,,,,,,,,,,,,0.068,-0.17,-0.035,-0.048,0.033,0.071,-0.039,-0.007,0.42,0.03,0.223,-0.032,-0.029,0.009,,,,,,,,,,,,,,,,,,,,,,,,,,,,,,,,,,,,,,,,,,,,,,,,,,,,,,,,,,,,,,,,,,,,,,,,,,,,,,,,,,,,,,,,,,,,,,,,,,,,,,,,,,,,,,,,,,,,,,,,,,,,,,,,,,,,,,,,,,,,,,,,,,,,,,,,,,,,,,,,,,,,,,,,,,,,,,,,,,,,,,,,,,,,,,,,,,,,,,,,,,,,,,,,,,,,,,,,,,,,,,,,,,,,,,,,,,,,,,,,,,,,,,,,,,,,,,,,,,,,,,,,,,,,,,,,,,,,,,,,,,,,,,,,,,,,,,,,,,,,,,,,,,,,,,,,,,,,,,,,,,,,,,,,,,,,,,,,,,,,,,,,,,,,,,,,,,,,,,,,,,,,,,,,,,,,,,,,,,,,,,,,,,,,,,,,,,,,,,,,,,,,,,,,,,,,,,,,,,,,,,,,,,,,,,,,,,,,,,,,,,,,,,,,,,,,,,,,,,,,,,,,,,,,,,,,,,,,,,,,,,,,,,,,,,,,,,,,,,,,,,,,,,,,,,,,,,,,,,,,,,,,,,,,,,,,,,,,,,,,,,,,,,,,,,,,,,,,0.049,-0.03,-0.127,-0.174,0.106,0.09,-0.025,-0.092,-0.168,-0.157,0.082,0.085,0.184,0.406,-0.083,-0.115,-0.174,-0.092,0.085,-0.034,-0.244,-0.083,-0.127,-0.025,0.085,-0.115,0.082,-0.083,0.082,0.082,-0.03,0.09,0.071,0.107,-0.022,0.09,0.049,0.106,-0.157,0.406,-0.168,0.184,0.017,-0.48,0.017,-0.48,-0.033,-0.024,-0.063,0,0,0,0,-0.003,-0.003,0.001,-0.001,-0.002,0.086,-0.004,0.001,-0.001,-0.002,0.03,-0.004,0.219,-0.001,0.001,-0.011,0.033,0.073,-0.003,0.015,0,0,0.153,0.245,0,0,0.009,-0.042,-0.008,-0.019,-0.009,-0.019,0,0,0.022,0.295,0.021,0.295,0.03,0.225,0,0,0.201,0.001,0,0,0,0,0,0,0.087,-0.011,-0.002,0.053,0.013,0.01,-0.039,0.013,-0.019,0.013,-0.002,0.016,0.029,-0.061,0.013,-0.025,0.013,-0.049,,,,,,-0.21,-0.208,-0.053,-0.21,-0.21,0.067,0,0,0,0,0,0,0,0,,,,,,,,,0.008,0.26,0.008,0.26,0,0,0,0,0,0,0,0,,,,,,,,,,,,,,,,,,,,,,,,,,,,,,,,,,,,,,,,,,,,,,,,,,,,,,,,,,,,,,,,,,,,,,,,,,,,,,,,,,,,,,0
353,0.03,0.108,-0.052,-0.034,-0.1,-0.248,-0.007,-0.112,0.132,0.12,-0.141,-0.141,-0.01,0.14,-0.113,0.678,-0.092,0.282,0.003,0,-0.09,0.309,0.063,,,,,,,,,,,,0.219,-0.123,0.164,0.067,0.183,,,,0.343,0,0.001,,,,,,,,,,,,,-0.006,-0.056,0.016,0,0.038,0.032,-0.001,-0.026,0.042,-0.001,0,0.001,,,,,,,,,,,,,,,,,,,,,,,,,,,,,,,,,,,,,,,,,,,,,,,,,,,,,,,,,,,,,,,,,,,,,,,,,,,,,,,,,,,,,,,,,,,,,,,,,,,,,,,,,,,,,,,,,,,,,,,,,,,,,,,,,,,,,,,,,,,,,,,,,,,,,,,,,,,,,,,,,,,,,,,,,,,,,,,,,,,,,,,,,,,,,,,,,,,,,,,,,,,,,,,,,,,,,,,,,,,,,,,,,,,,,,,,,,,,,,,,,,,,,,,,,,,,,,,,,,,,,,,,,,,,,,,,,,,,,,,,,,,,,,,,,,,,,,,,,,,,,,,,,,,,,,,,,,,,,,,,,,,,,,,,,,,,,,,,,,,,,,,,,,,,,,,,,,,,,,,,,,,,,,,,,,,,,,,,,,,,,,,,,,,,,,,,,,,,,,,,,,,,,,,,,,,,,,,,,,,,,,,,,,,,,,,,,,,,,,,,,,,,,,,,,,,,,,,,,,,,,,,,,,,,,,,,,,,,,,,,,,,,,,,,,,,,,,,,,,,,,,,,,,,,,,,,,,,,,,,,,,,,,,,,,,,,,,,,,,,,,,,,,,,,,,,,,,,,,,,,,,,,,,,,,,,,,,,,,,,,,,,,,,,,,,,,,,,,,,,,,,,,,,,,,,,,,,,,,,,,,,,,,,,,,,,,,,,,,,,,,,,,,,,,,,,,,,,-0.216,0.077,0.011,-0.146,0.114,0.077,-0.019,0.006,0.04,0.07,0.127,0.089,0.078,0.35,-0.05,0.218,-0.146,0.006,0.167,-0.028,-0.227,0.015,0.011,-0.019,0.089,0.218,0.127,-0.05,0.104,0.104,0.077,0.077,-0.005,0.115,0.015,0.077,-0.216,0.114,0.07,0.35,0.04,0.078,0.017,-0.48,0.017,-0.48,-0.019,-0.02,-0.071,0,0,0,0,-0.008,-0.008,0.006,0.001,-0.002,0.164,-0.004,0.006,-0.061,-0.002,-0.003,-0.004,0.082,-0.061,0.005,-0.011,-0.223,-0.169,-0.004,-0.045,0,0,-0.023,-0.036,0,0,-0.003,-0.01,0.001,-0.003,0.001,-0.003,0,0,0.02,0.076,0.019,0.076,-0.003,0.087,0,0,-0.048,0.004,0,0,0,0,0,0,0.04,0.229,0.093,0.134,0.012,-0.007,0.026,0.013,0.013,0.013,-0.009,0.013,0.027,-0.046,0.013,-0.019,0.013,-0.049,,,,,,0.108,0.101,-0.003,0.108,0.108,0.23,0,0,0,0,0,0,0,0,0,-0.005,0.03,-0.012,0,0,0,0,,,,,,,,,0,0,0,0.029,,,,,,,,,,,,,,,,,,,,,,,,,,,,,,,,,,,,,,,,,,,,,,,,,,,,,,,,,,,,,,,,,,,,,,,,,,,,,,,,,,,,,,0
355,0.03,0.041,-0.015,-0.034,0.118,-0.112,-0.007,-0.032,0.056,0.067,0.028,0.028,-0.11,-0.197,-0.013,-0.138,0.008,-0.272,-0.002,0,0.01,-0.242,0.01,,,,,,,,,,,,0.044,-0.015,-0.336,0.467,-0.11,,,,-0.157,0,0.001,,,,,,,,,,,,,,,,,,,,,,,,,-0.041,-0.043,0.012,0.089,-0.012,0,0.038,-0.025,0.06,0.057,-0.075,-0.059,,,,,,,,,,,,,,,,,,,,,,,,,,,,,,,,,,,,,,,,,,,,,,,,,,,,,,,,,,,,,,,,,,,,,,,,,,,,,,,,,,,,,,,,,,,,,,,,,,,,,,,,,,,,,,,,,,,,,,,,,,,,,,,,,,,,,,,,,,,,,,,,,,,,,,,,,,,,,,,,,,,,,,,,,,,,,,,,,,,,,,,,,,,,,,,,,,,,,,,,,,,,,,,,,,,,,,,,,,,,,,,,,,,,,,,,,,,,,,,,,,,,,,,,,,,,,,,,,,,,,,,,,,,,,,,,,,,,,,,,,,,,,,,,,,,,,,,,,,,,,,,,,,,,,,,,,,,,,,,,,,,,,,,,,,,,,,,,,,,,,,,,,,,,,,,,,,,,,,,,,,,,,,,,,,,,,,,,,,,,,,,,,,,,,,,,,,,,,,,,,,,,,,,,,,,,,,,,,,,,,,,,,,,,,,,,,,,,,,,,,,,,,,,,,,,,,,,,,,,,,,,,,,,,,,,,,,,,,,,,,,,,,,,,,,,,,,,,,,,,,,,,,,,,,,,,,,,,,,,,,,,,,,,,,,,,,,,,,,,,,,,,,,,,,,,,,,,,,,,,,,,,,,,,,,,,,,,,,,,,,,,,,,,,,,,,,,,,,,,,,,,,,,,,,,,,,,,,,,,,,,,,,,,,,,,,,,,,,,,,,,,0.03,-0.154,0.107,0.26,-0.036,-0.02,-0.031,0.032,-0.016,0.016,-0.092,-0.063,-0.002,0.193,0.25,-0.115,0.26,0.032,-0.108,-0.009,0.343,0.008,0.107,-0.031,-0.063,-0.115,-0.092,0.25,-0.702,-0.702,-0.154,-0.02,0.065,-0.037,-0.064,-0.02,0.03,-0.036,0.016,0.193,-0.016,-0.002,-0.24,0.52,-0.24,0.52,0.01,0.015,0.067,0,0,0,0,0.009,0.009,0,0.002,0.052,-0.02,0,0,-0.161,0.052,0.002,0,-0.065,-0.161,,,,,,,,,,,,,,,,,,,,,,,,,,,,,,,,,0,0,0,0,-0.306,-0.175,0.099,0.036,0.009,-0.007,0,0.013,0.001,0.013,-0.015,0.013,0.001,0.052,0.013,0.019,0.013,-0.001,,,,,,-0.029,-0.04,-0.098,-0.029,-0.029,0.1,0,0,0,0,0,0,0,0,0,0.036,-0.193,0.091,0,0,0,0,,,,,,,,,0,0,0,0,,,,,,,,,,,,,,,,,,,,,,,,,,,,,,,,,,,,,,,,,,,,,,,,,,,,,,,,,,,,,,,,,,,,,,,,,,,,,,,,,,,,,,0
359,,,,,,,,,,,,,,,,,,,,,,,,,,,,,,,,,,,,,,,,,,,,,,,,,,,,,,,,,,,,,,,,,,,,,,,,,,,,,,,,,,-0.093,-0.082,0.14,0.33,0.058,0,0.022,0.147,0.075,0.006,0.338,0.338,-0.009,0.242,0.033,-0.234,-0.034,0.281,0.001,0,0.043,-0.19,-0.019,,,,,,,,,,0.137,0.012,,,,,,-0.044,0.443,0.048,-0.197,0,0,-0.067,0.122,-0.061,-0.032,-0.046,-0.042,-0.019,0.053,-0.046,-0.039,-0.018,0.005,-0.014,0.005,,,,,,,,,,,,,,,,,,,,,,,,,,,,,,,,,,,,,,,,,,,,,,,,,,,,,,,,,,,,,,,,,,,,,,,,,,,,,,,,,,,,,,,,,,,,,,,,,,,,,,,,,,,,,,,,,,,,,,,,,,,,,,,,,,,,,,,,,,,,,,,,,,,,,,,,,,,,,,,,,,,,,,,,,,,,,,,,,,,,,,,,,,,,,,,,,,,,,,,,,,,,,,,,,,,,,,,,,,,,,,,,,,,,,,,,,,,,,,,,,,,,,,,,,,,,,,,,,,,,,,,,,,,,,,,,,,,,,,,,,,,,,,,,,,,,,,,,,,,,,,,,,,,,,,,,,,,,,,,,,,,,,,,,,,,,,,,,,,,,,,,,,,,,,,,,,,,,,,,,,,,,,,,,,,,,,,,,,,,,,,,,,,,,,,,,,,,,,,,,,,,,,,,,,,,,,,,,,,,,,,,,,,,,,,,,,,,,,,,,,,,,,,,,,,,,,,,,,,,,,,,,,,,,,,,,,,,,,,,,,,,,,,,,,,,,,,,,,,,,,,,,,,,,,,,,,,,,,,,,,,,,,,,,,,,,,,,,,,,,,,,,,,,,,,,,,,,,,,,,,,,,,,,,,,,,,,,,,,,,,,,,-0.039,-0.102,-0.171,-0.118,-0.09,-0.087,-0.107,-0.163,-0.081,-0.073,0.154,0.135,-0.238,0.193,-0.083,-0.115,-0.118,-0.163,0.059,-0.117,-0.211,-0.154,-0.171,-0.107,0.135,-0.115,0.154,-0.083,0.082,0.082,-0.102,-0.087,0.046,-0.092,-0.046,-0.087,-0.039,-0.09,-0.073,0.193,-0.081,-0.238,0.417,0.52,0.417,0.52,0.081,0.05,0.075,0,0,0,0,-0.01,-0.01,-0.005,-0.002,-0.056,0.059,0.002,-0.005,0.179,-0.056,-0.011,0.002,-0.097,0.179,-0.005,-0.065,0.064,0.225,0.002,0.195,0,0,-0.025,-0.046,0,0,-0.005,0.037,-0.002,0.021,-0.002,0.021,0,0,-0.012,-0.09,-0.013,-0.091,-0.011,-0.092,0,0,-0.003,-0.004,0,0,0,0,0,0,0.062,-0.107,-0.092,-0.126,0.009,-0.046,-0.011,0.013,-0.005,0.013,0.031,0.012,-0.024,0.006,0.013,0.003,0.013,-0.001,,,,,,0.017,0.008,-0.092,0.017,0.017,-0.071,0,0,0,0,0,0,0,0,,,,,,,,,0.008,0.037,0.008,0.037,0,0,0,0,0,0,0,0,,,,,,,,,,,,,,,,,,,,,,,,,,,,,,,,,,,,,,,,,,,,,,,,,,,,,,,,,,,,,,,,,,,,,,,,,,,,,,,,,,,,,,0
361,-0.003,0.056,-0.179,-0.179,-0.013,-0.021,-0.007,-0.072,0.056,0.019,-0.164,-0.164,-0.094,-0.031,0.087,-0.057,0.108,-0.118,0.001,0,0.11,-0.253,-0.022,,,,,,,,,,0.017,0.018,,,0.164,-0.212,0.104,,,,-0.157,0,0.001,,,,,,,,,,,,,0.024,0.034,-0.015,-0.006,-0.001,-0.001,0.006,0,0.071,0.002,0,0.004,,,,,,,,,,,,,,,,,,,,,,,,,,,,,,,,,,,,,,,,,,,,,,,,,,,,,,,,,,,,,,,,,,,,,,,,,,,,,,,,,,,,,,,,,,,,,,,,,,,,,,,,,,,,,,,,,,,,,,,,,,,,,,,,,,,,,,,,,,,,,,,,,,,,,,,,,,,,,,,,,,,,,,,,,,,,,,,,,,,,,,,,,,,,,,,,,,,,,,,,,,,,,,,,,,,,,,,,,,,,,,,,,,,,,,,,,,,,,,,,,,,,,,,,,,,,,,,,,,,,,,,,,,,,,,,,,,,,,,,,,,,,,,,,,,,,,,,,,,,,,,,,,,,,,,,,,,,,,,,,,,,,,,,,,,,,,,,,,,,,,,,,,,,,,,,,,,,,,,,,,,,,,,,,,,,,,,,,,,,,,,,,,,,,,,,,,,,,,,,,,,,,,,,,,,,,,,,,,,,,,,,,,,,,,,,,,,,,,,,,,,,,,,,,,,,,,,,,,,,,,,,,,,,,,,,,,,,,,,,,,,,,,,,,,,,,,,,,,,,,,,,,,,,,,,,,,,,,,,,,,,,,,,,,,,,,,,,,,,,,,,,,,,,,,,,,,,,,,,,,,,,,,,,,,,,,,,,,,,,,,,,,,,,,,,,,,,,,,,,,,,,,,,,,,,,,,,,,,,,,,,,,,,,,,,,,,,,,,,,,,,,,,,,,,,,,,,,0.056,-0.026,-0.171,-0.118,0.002,-0.02,-0.044,-0.111,-0.063,-0.08,-0.006,0.058,-0.108,0.137,-0.05,0.218,-0.118,-0.111,0.059,-0.053,-0.211,-0.102,-0.171,-0.044,0.058,0.218,-0.006,-0.05,0.082,0.082,-0.026,-0.02,0.073,0.001,-0.02,-0.02,0.056,0.002,-0.08,0.137,-0.063,-0.108,-0.097,0.52,-0.097,0.52,-0.004,-0.001,0.004,0,0,0,0,0.005,0.005,0.001,0.001,-0.056,-0.072,0.004,0.001,0.079,-0.056,-0.001,0.004,-0.028,0.079,0.001,-0.065,0.056,0.043,0.005,0.095,0,0,-0.041,-0.054,0,0,-0.002,0.009,-0.009,-0.007,-0.009,-0.007,0,0,-0.003,-0.064,-0.005,-0.064,-0.001,-0.023,0,0,0.017,0.001,0,0,0,0,0,0,-0.113,-0.163,-0.003,-0.021,0.009,-0.004,0.138,0.013,0.051,0.013,-0.002,0.014,0.027,0.084,0.013,0.039,0.013,-0.024,,,,,,-0.119,-0.093,0.154,-0.119,-0.119,0.116,0,0,0,0,0,0,0,0,0,-0.001,-0.082,-0.002,0,0,0,0,,,,,,,,,0,0,0,0,,,,,,,,,,,,,,,,,,,,,,,,,,,,,,,,,,,,,,,,,,,,,,,,,,,,,,,,,,,,,,,,,,,,,,,,,,,,,,,,,,,,,,0
362,,,,,,,,,,,,,,,,,,,,,,,,,,,,,,,,,,,,,,,,,,,,,,,,,,,,,,,,,,,,,,,,,,,,,,,,,,,,,,,,,,0.023,-0.018,-0.13,-0.325,0.058,0,-0.014,-0.072,-0.029,0.011,0.034,0.034,-0.22,-0.174,,,,,,,,,,0.012,-0.172,0.048,-0.345,0.004,0,0.013,-0.149,-0.323,,,-0.073,-0.231,,,,-0.044,0.159,-0.085,-0.197,0,0,,,,,,,,,,,,,,,,,,,,,,,,,,,,,0.055,0.235,-0.006,-0.029,0.033,0.066,0.072,-0.007,0.16,0.007,-0.101,0.058,0.053,0.066,,,,,,,,,,,,,,,,,,,,,,,,,,,,,,,,,,,,,,,,,,,,,,,,,,,,,,,,,,,,,,,,,,,,,,,,,,,,,,,,,,,,,,,,,,,,,,,,,,,,,,,,,,,,,,,,,,,,,,,,,,,,,,,,,,,,,,,,,,,,,,,,,,,,,,,,,,,,,,,,,,,,,,,,,,,,,,,,,,,,,,,,,,,,,,,,,,,,,,,,,,,,,,,,,,,,,,,,,,,,,,,,,,,,,,,,,,,,,,,,,,,,,,,,,,,,,,,,,,,,,,,,,,,,,,,,,,,,,,,,,,,,,,,,,,,,,,,,,,,,,,,,,,,,,,,,,,,,,,,,,,,,,,,,,,,,,,,,,,,,,,,,,,,,,,,,,,,,,,,,,,,,,,,,,,,,,,,,,,,,,,,,,,,,,,,,,,,,,,,,,,,,,,,,,,,,,,,,,,,,,,,,,,,,,,,,,,,,,,,,,,,,,,,,,,,,,,,,,,,,,,,,,,,,,,,,,,,,,,,,,,,,,,,,,,,,,,,,,,,,,,,,,,,,,,,,,,,,,,,,,,,,,,,,,,,,,,,,,,,,,,,,,,,,,,,,,,,,-0.103,0.17,-0.157,-0.218,-0.057,-0.055,0.126,0.135,0.114,0.117,-0.079,-0.07,-0.096,0.193,0.217,0.218,-0.218,0.135,0.068,0.119,-0.27,0.144,-0.157,0.126,-0.07,0.218,-0.079,0.217,-0.029,-0.029,0.17,-0.055,0.027,-0.058,0.047,-0.055,-0.103,-0.057,0.117,0.193,0.114,-0.096,-0.24,0.52,-0.24,0.52,0.005,0.007,0.024,0,0,0,0,-0.011,-0.011,0.003,0.001,-0.083,0.033,0.005,0.003,-0.081,-0.083,-0.008,0.005,0.017,-0.081,,,,,,,,,,,,,,,,,,,,,,,,,,,,,,,,,0,0,0,0,-0.204,-0.162,0.096,0.153,0.018,0.073,0.022,0.013,0.011,0.013,-0.032,0.014,0.049,-0.021,0.013,-0.009,0.013,-0.03,,,,,,-0.074,-0.045,-0.005,-0.074,-0.074,-0.047,0,0,0,0,0,0,0,0,0,-0.03,-0.082,-0.076,0,0,0,0,,,,,,,,,0,0,0,0,,,,,,,,,,,,,,,,,,,,,,,,,,,,,,,,,,,,,,,,,,,,,,,,,,,,,,,,,,,,,,,,,,,,,,,,,,,,,,,,,,,,,,0
363,0.023,-0.004,0.312,0.33,-0.013,0.07,0.015,0.128,0.337,0.265,-0.127,-0.127,-0.053,0.149,,,,,,,,,,0.009,-0.183,-0.051,0.165,-0.004,0,0.019,-0.116,0.023,,,0.142,-0.012,0.164,-0.309,-0.126,,,,0.343,0,0.001,,,,,,,,,,,,,-0.005,0.156,-0.02,-0.011,0.038,0.037,-0.024,0.038,-0.211,-0.006,0,0.001,,,,,,,,,,,,,,,,,,,,,,,,,,,,,,,,,,,,,,,,,,,,,,,,,,,,,,,,,,,,,,,,,,,,,,,,,,,,,,,,,,,,,,,,,,,,,,,,,,,,,,,,,,,,,,,,,,,,,,,,,,,,,,,,,,,,,,,,,,,,,,,,,,,,,,,,,,,,,,,,,,,,,,,,,,,,,,,,,,,,,,,,,,,,,,,,,,,,,,,,,,,,,,,,,,,,,,,,,,,,,,,,,,,,,,,,,,,,,,,,,,,,,,,,,,,,,,,,,,,,,,,,,,,,,,,,,,,,,,,,,,,,,,,,,,,,,,,,,,,,,,,,,,,,,,,,,,,,,,,,,,,,,,,,,,,,,,,,,,,,,,,,,,,,,,,,,,,,,,,,,,,,,,,,,,,,,,,,,,,,,,,,,,,,,,,,,,,,,,,,,,,,,,,,,,,,,,,,,,,,,,,,,,,,,,,,,,,,,,,,,,,,,,,,,,,,,,,,,,,,,,,,,,,,,,,,,,,,,,,,,,,,,,,,,,,,,,,,,,,,,,,,,,,,,,,,,,,,,,,,,,,,,,,,,,,,,,,,,,,,,,,,,,,,,,,,,,,,,,,,,,,,,,,,,,,,,,,,,,,,,,,,,,,,,,,,,,,,,,,,,,,,,,,,,,,,,,,,,,,,,,,,,,,,,,,,,,,,,,,,,,,,,,,,,,,,,,,0.315,-0.139,0.121,0.177,0.045,0.028,-0.05,0.012,-0.142,-0.106,0.225,0.203,0.16,-0.043,-0.05,-0.115,0.177,0.012,-0.158,-0.028,0.351,-0.011,0.121,-0.05,0.203,-0.115,0.225,-0.05,0.104,0.104,-0.139,0.028,0.146,0.045,-0.059,0.028,0.315,0.045,-0.106,-0.043,-0.142,0.16,0.017,-0.48,0.017,-0.48,-0.023,-0.024,-0.094,0,0,0,0,-0.009,-0.009,-0.003,0.001,-0.083,0.164,-0.004,-0.003,-0.101,-0.083,-0.002,-0.004,0.027,-0.101,-0.003,-0.092,-0.136,-0.108,-0.004,-0.085,0,0,0.016,0.016,0,0,0.008,-0.01,-0.009,-0.013,-0.01,-0.013,0,0,0.021,0.019,0.02,0.019,-0.002,0.032,0,0,0.198,0.001,0,0,0,0,0,0,-0.035,0.031,-0.051,-0.049,0.011,0.019,0.054,0.013,0.025,0.013,-0.002,0.011,-0.013,0.061,0.013,0.025,0.013,0.031,,,,,,-0.119,-0.084,0.133,-0.119,-0.119,0.23,0,0,0,0,0,0,0,0,0,0.022,0.03,0.056,0,0,0,0,,,,,,,,,0,0,0,0,,,,,,,,,,,,,,,,,,,,,,,,,,,,,,,,,,,,,,,,,,,,,,,,,,,,,,,,,,,,,,,,,,,,,,,,,,,,,,,,,,,,,,0
364,,,,,,,,,,,,,,,,,,,,,,,,,,,,,,,,,,,,,,,,,,,,,,,,,,,,,,,,,,,,,,,,,,,,,,,,,,,,,,,,,,0.047,0.054,-0.057,-0.119,-0.109,0,-0.01,-0.072,-0.128,-0.054,0.086,0.086,-0.128,-0.018,,,,,,,,,,-0.088,0.573,-0.052,0.46,0.002,0,-0.087,0.546,0.029,0.229,0.025,,,-0.01,0.094,-0.029,,,,-0.197,0,0,0.121,-0.036,0.102,0.02,-0.007,-0.013,0.104,0.053,0.243,-0.02,0.164,0.083,0,-0.003,,,,,,,,,,,,,,,,,,,,,,,,,,,,,,,,,,,,,,,,,,,,,,,,,,,,,,,,,,,,,,,,,,,,,,,,,,,,,,,,,,,,,,,,,,,,,,,,,,,,,,,,,,,,,,,,,,,,,,,,,,,,,,,,,,,,,,,,,,,,,,,,,,,,,,,,,,,,,,,,,,,,,,,,,,,,,,,,,,,,,,,,,,,,,,,,,,,,,,,,,,,,,,,,,,,,,,,,,,,,,,,,,,,,,,,,,,,,,,,,,,,,,,,,,,,,,,,,,,,,,,,,,,,,,,,,,,,,,,,,,,,,,,,,,,,,,,,,,,,,,,,,,,,,,,,,,,,,,,,,,,,,,,,,,,,,,,,,,,,,,,,,,,,,,,,,,,,,,,,,,,,,,,,,,,,,,,,,,,,,,,,,,,,,,,,,,,,,,,,,,,,,,,,,,,,,,,,,,,,,,,,,,,,,,,,,,,,,,,,,,,,,,,,,,,,,,,,,,,,,,,,,,,,,,,,,,,,,,,,,,,,,,,,,,,,,,,,,,,,,,,,,,,,,,,,,,,,,,,,,,,,,,,,,,,,,,,,,,,,,,,,,,,,,,,,,,,,,,,,,,,,,,,,,,,,,,,,,,,,,,,,,0.226,0.005,-0.233,0.038,-0.062,-0.031,0.107,0.116,-0.289,-0.25,-0.092,-0.044,-0.085,0.137,0.183,0.218,0.038,0.116,0.023,0.1,-0.117,0.125,-0.233,0.107,-0.044,0.218,-0.092,0.183,-0.752,-0.752,0.005,-0.031,-0.334,-0.061,-0.009,-0.031,0.226,-0.062,-0.25,0.137,-0.289,-0.085,-0.183,0.52,-0.183,0.52,-0.009,-0.013,-0.075,0,0,0,0,-0.003,-0.003,-0.003,-0.003,-0.083,0.007,-0.006,-0.003,-0.061,-0.083,-0.019,-0.006,0.091,-0.061,,,,,,,,,,,,,,,,,,,,,,,,,,,,,,,,,0,0,0,0,-0.032,-0.174,0.086,-0.056,0.009,-0.021,0.035,0.013,0.013,0.013,0.031,0.01,-0.038,-0.043,0.013,-0.019,0.013,0.057,0.002,0,-0.042,0.001,,-0.029,-0.033,-0.073,-0.029,-0.029,0.083,0,0,0,0,0,0,0,0,0,-0.035,0.03,-0.089,0,0,0,0,,,,,,,,,0,0,0,0,,,,,,,,,,,,,,,,,,,,,,,,,,,,,,,,,,,,,,,,,,,,,,,,,,,,,,,,,,,,,,,,,,,,,,,,,,,,,,,,,,,,,,0
365,-0.01,0.019,-0.015,0.003,0.031,0.116,0,-0.032,-0.031,0.002,-0.058,-0.058,0.001,0.235,-0.013,-0.081,-0.092,0.468,0.003,0,0.01,-0.162,0.051,,,,,,,,,,-0.06,0.032,,,0.164,-0.288,0.004,,,,-0.157,0,0.001,0.028,0.058,-0.018,0.035,-0.003,-0.059,-0.064,-0.028,-0.177,-0.013,-0.001,-0.004,,,,,,,,,,,,,,,,,,,,,,,,,,,,,,,,,,,,,,,,,,,,,,,,,,,,,,,,,,,,,,,,,,,,,,,,,,,,,,,,,,,,,,,,,,,,,,,,,,,,,,,,,,,,,,,,,,,,,,,,,,,,,,,,,,,,,,,,,,,,,,,,,,,,,,,,,,,,,,,,,,,,,,,,,,,,,,,,,,,,,,,,,,,,,,,,,,,,,,,,,,,,,,,,,,,,,,,,,,,,,,,,,,,,,,,,,,,,,,,,,,,,,,,,,,,,,,,,,,,,,,,,,,,,,,,,,,,,,,,,,,,,,,,,,,,,,,,,,,,,,,,,,,,,,,,,,,,,,,,,,,,,,,,,,,,,,,,,,,,,,,,,,,,,,,,,,,,,,,,,,,,,,,,,,,,,,,,,,,,,,,,,,,,,,,,,,,,,,,,,,,,,,,,,,,,,,,,,,,,,,,,,,,,,,,,,,,,,,,,,,,,,,,,,,,,,,,,,,,,,,,,,,,,,,,,,,,,,,,,,,,,,,,,,,,,,,,,,,,,,,,,,,,,,,,,,,,,,,,,,,,,,,,,,,,,,,,,,,,,,,,,,,,,,,,,,,,,,,,,,,,,,,,,,,,,,,,,,,,,,,,,,,,,,,,,,,,,,,,,,,,,,,,,,,,,,,,,,,,,,,,,,,-0.109,-0.183,-0.048,0.034,-0.031,0.11,0.071,0.207,-0.035,0.096,-0.021,0.046,0.019,-0.034,,,,,,,,,,,,,,,,,,,,,,,,,,,,,-0.28,-0.082,0.183,0.023,0.053,0.041,-0.1,-0.059,0.105,0.109,0.077,0.004,-0.311,-0.099,-0.083,-0.115,0.023,-0.059,-0.251,-0.098,0.13,-0.07,0.183,-0.1,0.004,-0.115,0.077,-0.083,0.057,0.057,-0.082,0.041,-0.023,0.053,-0.039,0.042,-0.28,0.053,0.109,-0.099,0.105,-0.311,-0.04,-0.48,-0.04,-0.48,-0.019,-0.009,-0.024,0,0,0,0,-0.002,-0.002,0,0,-0.002,0.007,0.001,0,-0.001,-0.002,-0.013,0.001,0.339,-0.001,-0.001,-0.011,0.146,-0.108,0.002,0.015,0,0,0.042,0.338,0,0,0.004,0.127,0.008,0.208,0.008,0.208,0,0,-0.013,0.37,-0.014,0.37,-0.013,0.344,0,0,-0.19,-0.009,0,0,0,0,0,0,0.158,0.174,0.093,0.089,0.012,0.005,0.007,0.013,0.003,0.013,-0.052,0.011,0.021,0.068,0.013,0.031,0.013,-0.036,,,,,,0.017,-0.002,-0.158,0.017,0.017,-0.104,0,0,0,0,0,0,0,0,,,,,,,,,0.008,0.108,0.008,0.108,0,0,0,0,0,0,0,0,,,,,,,,,,,,,,,,,,,,,,,,,,,,,,,,,,,,,,,,,,,,,,,,,,,,,,,,,,,,,,,,,,,,,,,,,,,,,,,,,,,,,,0
366,-0.075,-0.19,-0.015,-0.016,0.074,-0.021,0.015,0.168,-0.245,-0.27,-0.217,-0.217,0.121,-0.166,-0.013,-0.089,0.008,-0.251,0.001,0,0.01,-0.215,0,,,,,,,,,,0.026,0.039,,,,,,0.336,-0.459,0.041,-0.157,0,0.001,-0.025,0.088,-0.014,0.042,-0.001,-0.025,-0.055,-0.016,0.009,-0.036,0,-0.007,,,,,,,,,,,,,,,,,,,,,,,,,,,,,,,,,,,,,,,,,,,,,,,,,,,,,,,,,,,,,,,,,,,,,,,,,,,,,,,,,,,,,,,,,,,,,,,,,,,,,,,,,,,,,,,,,,,,,,,,,,,,,,,,,,,,,,,,,,,,,,,,,,,,,,,,,,,,,,,,,,,,,,,,,,,,,,,,,,,,,,,,,,,,,,,,,,,,,,,,,,,,,,,,,,,,,,,,,,,,,,,,,,,,,,,,,,,,,,,,,,,,,,,,,,,,,,,,,,,,,,,,,,,,,,,,,,,,,,,,,,,,,,,,,,,,,,,,,,,,,,,,,,,,,,,,,,,,,,,,,,,,,,,,,,,,,,,,,,,,,,,,,,,,,,,,,,,,,,,,,,,,,,,,,,,,,,,,,,,,,,,,,,,,,,,,,,,,,,,,,,,,,,,,,,,,,,,,,,,,,,,,,,,,,,,,,,,,,,,,,,,,,,,,,,,,,,,,,,,,,,,,,,,,,,,,,,,,,,,,,,,,,,,,,,,,,,,,,,,,,,,,,,,,,,,,,,,,,,,,,,,,,,,,,,,,,,,,,,,,,,,,,,,,,,,,,,,,,,,,,,,,,,,,,,,,,,,,,,,,,,,,,,,,,,,,,,,,,,,,,,,,,,,,,,,,,,,,,,,,,,,,,,,,,,,,,,,,,,,,,,,,,,,,,,,,,,,,,,,,,,,,,,,-0.103,0.278,-0.231,-0.071,-0.016,0.01,-0.119,-0.105,0.088,0.168,0.109,0.111,-0.108,0.137,0.15,0.218,-0.071,-0.105,0.024,-0.13,-0.182,-0.096,-0.231,-0.119,0.111,0.218,0.109,0.15,-0.702,-0.702,0.278,0.01,-0.276,-0.017,0.084,0.01,-0.103,-0.016,0.168,0.137,0.088,-0.108,-0.24,0.52,-0.24,0.52,,,,0,0,0,0,0.047,0.047,0.002,-0.003,-0.002,0.007,0.002,0.002,-0.141,-0.002,-0.019,0.002,-0.189,-0.141,,,,,,,,,,,,,,,,,,,,,,,,,,,,,,,,,0,0,0,0,-0.326,-0.165,0.058,-0.061,0.01,-0.009,-0.032,0.013,-0.013,0.013,0.025,0.013,-0.016,-0.03,0.013,-0.015,0.013,0.012,0,0,-0.049,0,,0.199,0.195,0.272,0.199,0.199,-0.022,0,0,0,0,0,0,0,0,0,-0.073,0.03,-0.185,0,0,0,0,,,,,,,,,0,0,0,0,,,,,,,,,,,,,,,,,,,,,,,,,,,,,,,,,,,,,,,,,,,,,,,,,,,,,,,,,,,,,,,,,,,,,,,,,,,,,,,,,,,,,,0
368,-0.088,-0.078,-0.215,-0.161,-0.013,-0.021,0.008,0.008,-0.235,-0.233,-0.216,-0.216,-0.115,0.204,,,,,,,,,,0.009,-0.269,-0.051,0.065,0.007,0,-0.081,0.323,-0.036,-0.095,-0.029,,,,,,0.336,-0.338,0.093,-0.157,0,0.001,,,,,,,,,,,,,,,,,,,,,,,,,0.036,-0.092,-0.002,0.042,0.288,0.237,0.129,0.1,0.3,0.066,0.192,0.006,,,,,,,,,,,,,,,,,,,,,,,,,,,,,,,,,,,,,,,,,,,,,,,,,,,,,,,,,,,,,,,,,,,,,,,,,,,,,,,,,,,,,,,,,,,,,,,,,,,,,,,,,,,,,,,,,,,,,,,,,,,,,,,,,,,,,,,,,,,,,,,,,,,,,,,,,,,,,,,,,,,,,,,,,,,,,,,,,,,,,,,,,,,,,,,,,,,,,,,,,,,,,,,,,,,,,,,,,,,,,,,,,,,,,,,,,,,,,,,,,,,,,,,,,,,,,,,,,,,,,,,,,,,,,,,,,,,,,,,,,,,,,,,,,,,,,,,,,,,,,,,,,,,,,,,,,,,,,,,,,,,,,,,,,,,,,,,,,,,,,,,,,,,,,,,,,,,,,,,,,,,,,,,,,,,,,,,,,,,,,,,,,,,,,,,,,,,,,,,,,,,,,,,,,,,,,,,,,,,,,,,,,,,,,,,,,,,,,,,,,,,,,,,,,,,,,,,,,,,,,,,,,,,,,,,,,,,,,,,,,,,,,,,,,,,,,,,,,,,,,,,,,,,,,,,,,,,,,,,,,,,,,,,,,,,,,,,,,,,,,,,,,,,,,,,,,,,,,,,,,,,,,,,,,,,,,,,,,,,,,,,,,,,,,,,,,,,,,,,,,,,,,,,,,,,,,,,,,,,,,,,,,,,,,,,,,,,,,,,,,,,-0.23,-0.042,-0.157,0.002,0.017,-0.004,0.164,0.083,0.141,0.144,-0.039,-0.05,-0.191,-0.088,0.25,-0.115,0.002,0.083,0.068,0.157,-0.139,0.092,-0.157,0.164,-0.05,-0.115,-0.039,0.25,-0.029,-0.029,-0.042,-0.004,-0.009,0.017,-0.025,-0.004,-0.23,0.017,0.144,-0.088,0.141,-0.191,-0.354,0.52,-0.354,0.52,0.053,0.038,0.137,0,0,0,0,-0.007,-0.007,0,-0.001,-0.11,0.033,0.015,0,0.079,-0.11,0.001,0.015,-0.106,0.079,,,,,,,,,,,,,,,,,,,,,,,,,,,,,,,,,0,0,0,0,-0.15,-0.127,0.103,-0.022,0.013,-0.004,-0.013,0.013,-0.005,0.013,0.044,0.015,0.041,0.033,0.013,0.015,0.013,-0.007,,,,,,0.062,0.074,0.008,0.062,0.062,-0.128,0,0,0,0,0,0,0,0,0,0.004,-0.082,0.01,0,0,0,0,,,,,,,,,0,0,0,0,,,,,,,,,,,,,,,,,,,,,,,,,,,,,,,,,,,,,,,,,,,,,,,,,,,,,,,,,,,,,,,,,,,,,,,,,,,,,,,,,,,,,,0
372,-0.127,-0.086,-0.215,-0.179,-0.056,-0.384,0.022,0.008,0,-0.03,-0.326,-0.326,-0.13,0.073,-0.013,0.402,0.008,-0.184,-0.004,0,0.01,0.349,0.056,,,,,,,,,,,,0.119,0.049,0.164,-0.317,-0.12,,,,0.343,0,0.001,-0.077,-0.071,-0.035,0.101,0,-0.008,0.116,0.001,0.175,0.086,0,-0.005,,,,,,,,,,,,,,,,,,,,,,,,,,,,,,,,,,,,,,,,,,,,,,,,,,,,,,,,,,,,,,,,,,,,,,,,,,,,,,,,,,,,,,,,,,,,,,,,,,,,,,,,,,,,,,,,,,,,,,,,,,,,,,,,,,,,,,,,,,,,,,,,,,,,,,,,,,,,,,,,,,,,,,,,,,,,,,,,,,,,,,,,,,,,,,,,,,,,,,,,,,,,,,,,,,,,,,,,,,,,,,,,,,,,,,,,,,,,,,,,,,,,,,,,,,,,,,,,,,,,,,,,,,,,,,,,,,,,,,,,,,,,,,,,,,,,,,,,,,,,,,,,,,,,,,,,,,,,,,,,,,,,,,,,,,,,,,,,,,,,,,,,,,,,,,,,,,,,,,,,,,,,,,,,,,,,,,,,,,,,,,,,,,,,,,,,,,,,,,,,,,,,,,,,,,,,,,,,,,,,,,,,,,,,,,,,,,,,,,,,,,,,,,,,,,,,,,,,,,,,,,,,,,,,,,,,,,,,,,,,,,,,,,,,,,,,,,,,,,,,,,,,,,,,,,,,,,,,,,,,,,,,,,,,,,,,,,,,,,,,,,,,,,,,,,,,,,,,,,,,,,,,,,,,,,,,,,,,,,,,,,,,,,,,,,,,,,,,,,,,,,,,,,,,,,,,,,,,,,,,,,,,,,,,,,,,,,,,,,,,,,,,,,,,,,,,,,,,,,,,,,,,,,,0.049,-0.03,-0.21,-0.038,0.104,0.085,0.063,0.077,-0.194,-0.157,0.048,0.052,0.254,0.181,0.017,0.218,-0.038,0.077,0.037,0.055,-0.163,0.086,-0.21,0.063,0.052,0.218,0.048,0.017,0.104,0.104,-0.03,0.085,0.071,0.105,-0.022,0.085,0.049,0.104,-0.157,0.181,-0.194,0.254,0.017,-0.48,0.017,-0.48,-0.023,-0.02,-0.059,0,0,0,0,-0.013,-0.013,0.001,-0.002,0.052,0.138,0.004,0.001,-0.001,0.052,0.028,0.004,0.173,-0.001,0.001,0.043,-0.127,-0.078,0.004,0.015,0,0,0.007,0.164,0,0,-0.002,0.056,0.001,0.087,0.001,0.087,0,0,-0.004,0.221,-0.006,0.221,0.028,0.179,0,0,0.136,0.01,0,0,0,0,0,0.001,-0.207,-0.119,-0.115,-0.082,0.012,-0.012,0.004,0.013,0.003,0.013,0.005,0.006,-0.106,-0.005,0.013,-0.001,0.013,0.099,,,,,,-0.301,-0.268,-0.039,-0.301,-0.301,0.026,0,0,0,0,0,0,0,0,,,,,,,,,0.108,-0.01,0.108,-0.01,0,0,0,0,0,0,0,0,,,,,,,,,,,,,,,,,,,,,,,,,,,,,,,,,,,,,,,,,,,,,,,,,,,,,,,,,,,,,,,,,,,,,,,,,,,,,,,,,,,,,,0
374,,,,,,,,,,,,,,,,,,,,,,,,,,,,,,,,,,,,,,,,,,,,,,,,,,,,,,,,,,,,,,,,,,,,,,,,,,,,,,,,,,-0.051,-0.061,-0.065,-0.136,0.169,0.231,-0.002,-0.01,0.011,-0.059,0.167,0.167,0.022,-0.141,,,,,,,,,,0.012,-0.156,-0.052,0.232,-0.001,0,0.013,-0.082,-0.024,,,0.178,0.081,,,,0.456,-0.405,-0.006,-0.197,0,0,,,,,,,,,,,,,,,0.082,-0.04,0.029,0.002,-0.009,-0.008,-0.002,0.008,-0.116,-0.022,-0.028,-0.004,0.001,0.002,,,,,,,,,,,,,,,,,,,,,,,,,,,,,,,,,,,,,,,,,,,,,,,,,,,,,,,,,,,,,,,,,,,,,,,,,,,,,,,,,,,,,,,,,,,,,,,,,,,,,,,,,,,,,,,,,,,,,,,,,,,,,,,,,,,,,,,,,,,,,,,,,,,,,,,,,,,,,,,,,,,,,,,,,,,,,,,,,,,,,,,,,,,,,,,,,,,,,,,,,,,,,,,,,,,,,,,,,,,,,,,,,,,,,,,,,,,,,,,,,,,,,,,,,,,,,,,,,,,,,,,,,,,,,,,,,,,,,,,,,,,,,,,,,,,,,,,,,,,,,,,,,,,,,,,,,,,,,,,,,,,,,,,,,,,,,,,,,,,,,,,,,,,,,,,,,,,,,,,,,,,,,,,,,,,,,,,,,,,,,,,,,,,,,,,,,,,,,,,,,,,,,,,,,,,,,,,,,,,,,,,,,,,,,,,,,,,,,,,,,,,,,,,,,,,,,,,,,,,,,,,,,,,,,,,,,,,,,,,,,,,,,,,,,,,,,,,,,,,,,,,,,,,,,,,,,,,,,,,,,,,,,,,,,,,,,,,,,,,,,,,,,,,,,,,,,,,,,,,,,,,,,,,,,,0.182,-0.139,-0.127,-0.066,-0.017,-0.031,-0.107,-0.059,-0.012,0.02,0.2,0.141,0.172,-0.212,-0.117,-0.115,-0.066,-0.059,-0.305,-0.098,0.207,-0.07,-0.127,-0.107,0.141,-0.115,0.2,-0.117,0.082,0.082,-0.139,-0.031,0.109,-0.017,-0.059,-0.031,0.182,-0.017,0.02,-0.212,-0.012,0.172,0.017,-0.48,0.017,-0.48,0.043,0.023,0.043,0,0,0,0,0.001,0.001,0,0,0.025,0.033,0.002,0,0.059,0.025,-0.011,0.002,-0.074,0.059,0,0.016,0.091,0.164,0.002,0.075,0,0,0.004,0.011,0,0,0.005,0.017,-0.002,-0.01,-0.002,-0.01,0,0,-0.012,-0.038,-0.013,-0.038,-0.011,-0.069,0,0,0.057,-0.004,0,0,0,0,0,0,0.116,0.005,-0.176,-0.155,0.011,-0.026,0.097,0.013,0.047,0.013,0.018,0.001,-0.143,0.158,0.013,0.075,0.013,0.124,,,,,,0.199,0.161,0.097,0.199,0.199,-0.112,0,0,0,0,0,0,0,0,0,0.068,0.03,0.173,0,0,0,0,,,,,,,,,0,0,0,0,,,,,,,,,,,,,,,,,,,,,,,,,,,,,,,,,,,,,,,,,,,,,,,,,,,,,,,,,,,,,,,,,,,,,,,,,,,,,,,,,,,,,,0
376,0.075,0.123,-0.015,-0.016,0.031,0.025,-0.015,-0.112,0.168,-0.11,0.282,0.282,0.108,0.357,,,,,,,,,,0.009,-0.083,0.049,-0.34,0.002,0,0.019,-0.154,0.029,,,-0.21,0.098,-0.336,0.525,0.119,,,,-0.157,0,0.001,,,,,,,,,,,,,,,,,,,,,,,,,-0.152,-0.027,-0.02,0.077,-0.312,-0.288,-0.063,-0.176,0.15,0.016,-0.273,-0.016,,,,,,,,,,,,,,,,,,,,,,,,,,,,,,,,,,,,,,,,,,,,,,,,,,,,,,,,,,,,,,,,,,,,,,,,,,,,,,,,,,,,,,,,,,,,,,,,,,,,,,,,,,,,,,,,,,,,,,,,,,,,,,,,,,,,,,,,,,,,,,,,,,,,,,,,,,,,,,,,,,,,,,,,,,,,,,,,,,,,,,,,,,,,,,,,,,,,,,,,,,,,,,,,,,,,,,,,,,,,,,,,,,,,,,,,,,,,,,,,,,,,,,,,,,,,,,,,,,,,,,,,,,,,,,,,,,,,,,,,,,,,,,,,,,,,,,,,,,,,,,,,,,,,,,,,,,,,,,,,,,,,,,,,,,,,,,,,,,,,,,,,,,,,,,,,,,,,,,,,,,,,,,,,,,,,,,,,,,,,,,,,,,,,,,,,,,,,,,,,,,,,,,,,,,,,,,,,,,,,,,,,,,,,,,,,,,,,,,,,,,,,,,,,,,,,,,,,,,,,,,,,,,,,,,,,,,,,,,,,,,,,,,,,,,,,,,,,,,,,,,,,,,,,,,,,,,,,,,,,,,,,,,,,,,,,,,,,,,,,,,,,,,,,,,,,,,,,,,,,,,,,,,,,,,,,,,,,,,,,,,,,,,,,,,,,,,,,,,,,,-0.277,-0.038,0.027,-0.012,-0.031,-0.032,0.062,0.172,-0.035,0.116,0.043,0.06,0.017,-0.034,,,,,,,,,,,,,,,,,,,,,,,,,,,,,-0.014,0.026,0.183,0.453,0.017,0.02,-0.038,0.038,0.079,0.033,0.077,-0.015,-0.134,0.013,-0.117,-0.115,0.453,0.038,0.008,-0.002,0.387,0.002,0.183,-0.038,-0.015,-0.115,0.077,-0.117,0.057,0.057,0.026,0.02,0.053,0.017,-0.002,0.02,-0.014,0.017,0.033,0.013,0.079,-0.134,-0.04,-0.48,-0.04,-0.48,0.001,-0.001,0.004,0,0,0,0,-0.003,-0.003,0.009,-0.003,-0.056,0.033,-0.007,0.009,-0.041,-0.056,-0.013,-0.007,-0.088,-0.041,0.009,-0.065,0.141,-0.169,-0.006,-0.025,0,0,-0.074,-0.067,0,0,0.004,0.013,0.008,-0.003,0.008,-0.003,0,0,-0.013,-0.099,-0.014,-0.099,-0.013,-0.083,0,0,-0.19,-0.005,0,0,0,0,0,0,0.137,0.002,0.092,0.044,0.016,0.064,0.044,0.013,0.019,0.013,-0.045,0.015,0.049,0.087,0.013,0.041,0.013,-0.007,,,,,,0.153,0.142,0.147,0.153,0.153,-0.079,0,0,0,0,0,0,0,0,0,0.085,0.03,0.215,0,0,0,0,,,,,,,,,0,0,0,0,,,,,,,,,,,,,,,,,,,,,,,,,,,,,,,,,,,,,,,,,,,,,,,,,,,,,,,,,,,,,,,,,,,,,,,,,,,,,,,,,,,,,,0
377,-0.088,-0.101,-0.197,-0.216,0.161,-0.021,0.008,0.048,-0.153,-0.174,-0.328,-0.328,0.062,-0.152,,,,,,,,,,0.009,-0.123,0.049,-0.311,0.004,0,0.019,-0.214,-0.02,-0.122,-0.004,,,0.164,-0.27,0.066,,,,-0.157,0,0.001,,,,,,,,,,,,,,,,,,,,,,,,,-0.018,0.19,0.009,0.172,0.188,0.146,0.073,0.1,-0.07,0.02,0.182,0.003,,,,,,,,,,,,,,,,,,,,,,,,,,,,,,,,,,,,,,,,,,,,,,,,,,,,,,,,,,,,,,,,,,,,,,,,,,,,,,,,,,,,,,,,,,,,,,,,,,,,,,,,,,,,,,,,,,,,,,,,,,,,,,,,,,,,,,,,,,,,,,,,,,,,,,,,,,,,,,,,,,,,,,,,,,,,,,,,,,,,,,,,,,,,,,,,,,,,,,,,,,,,,,,,,,,,,,,,,,,,,,,,,,,,,,,,,,,,,,,,,,,,,,,,,,,,,,,,,,,,,,,,,,,,,,,,,,,,,,,,,,,,,,,,,,,,,,,,,,,,,,,,,,,,,,,,,,,,,,,,,,,,,,,,,,,,,,,,,,,,,,,,,,,,,,,,,,,,,,,,,,,,,,,,,,,,,,,,,,,,,,,,,,,,,,,,,,,,,,,,,,,,,,,,,,,,,,,,,,,,,,,,,,,,,,,,,,,,,,,,,,,,,,,,,,,,,,,,,,,,,,,,,,,,,,,,,,,,,,,,,,,,,,,,,,,,,,,,,,,,,,,,,,,,,,,,,,,,,,,,,,,,,,,,,,,,,,,,,,,,,,,,,,,,,,,,,,,,,,,,,,,,,,,,,,,,,,,,,,,,,,,,,,,,,,,,,,,,,,,,,,,,,,,,,,,,,,,,,,,,,,,,,,,,,,,,,,,,,,,,,,,0.233,0.227,-0.104,-0.054,0.109,0.066,0.151,0.129,0.153,0.156,-0.014,0.031,0.009,-0.144,-0.117,-0.115,-0.054,0.129,0.099,0.144,-0.172,0.138,-0.104,0.151,0.031,-0.115,-0.014,-0.117,0.037,0.037,0.227,0.066,0.123,0.111,0.067,0.066,0.233,0.109,0.156,-0.144,0.153,0.009,0.303,0.52,0.303,0.52,0.034,0.027,0.102,0,0,0,0,0.002,0.002,0.001,0.001,-0.056,-0.02,-0.002,0.001,0.179,-0.056,-0.018,-0.002,0.238,0.179,,,,,,,,,,,,,,,,,,,,,,,,,,,,,,,,,0,0,0,0,0.105,-0.096,-0.162,-0.111,0.011,-0.015,-0.071,0.013,-0.031,0.013,0.011,0.013,0.052,-0.012,0.013,-0.003,0.013,-0.056,,,,,,0.062,0.044,-0.094,0.062,0.062,-0.071,0,0,0,0,0,0,0,0,0,0.008,0.03,0.021,0,0,0,0,,,,,,,,,0,0,0,0,,,,,,,,,,,,,,,,,,,,,,,,,,,,,,,,,,,,,,,,,,,,,,,,,,,,,,,,,,,,,,,,,,,,,,,,,,,,,,,,,,,,,,0
379,,,,,,,,,,,,,,,,,,,,,,,,,,,,,,,,,,,,,,,,,,,,,,,,,,,,,,,,,,,,,,,,,,,,,,,,,,,,,,,,,,,,,,,,,,,,,,,,,,,,,,,,,,,,,,,,,,,,,,,,,,,,,,,,,,,,,,,,,,,,,,,,,,,,,,,,,,,,,,,,,,,,,,,,,,,,,,,,,,,,,,,,,,,,,,,,,,,,,,,,,,,,,,,,,,,,,,,,,,,,,,,,,,,,,,,,,,,,,,,,,,,,,,,,,,,,,,,,,,,,,,,,,,,,,,,,,,,,,,,,,,,,,,,,,,,,,,,,,,,,,,,,,,,,,,,,,,,,,,,,,,,,,0.026,0.056,-0.022,0.029,-0.015,0.014,-0.007,-0.075,-0.089,0.071,0.056,0.116,-0.087,-0.013,0.04,0,0,-0.008,0.082,0.002,0.003,-0.036,-0.365,0,0.003,0.319,0.003,-0.051,-0.013,,,,,,,,,,,,,,,,,,,,,,,,,-0.357,-0.016,-0.032,0.088,0.112,-0.216,-0.032,-0.16,0.017,-0.004,0.183,-0.089,-0.087,-0.075,0,0.249,0.236,-0.171,-0.006,-0.04,,,,,,,,,,,,,,,,,,,,,,,,,,,,,,,,,,,,,,,,,,,,,,,,,,,,,,,,,,,,,,,,,,,,,,,,,,,,,,,,,,,,,,,,,,,,,,,,,,,,,,,,,,,,,,,,,,,,,,,,,,,,,,,,,,,,,,,,,,,,,,,,,,,,,,,,,,,,,,,,,,,,,,,,,,,,,,,,,,,,,,,,,,,,,,,,,,,,,,,,,,,,,,,,,,,,,,,,,,,,,,,,,,,,,,,,,,,,,,,,,,,,,,,,,,,,,,,,,,,,,,,,,,,,,,,,,,,,,,,,,,,,,0.312,0.054,0.006,-0.036,-0.031,0.128,0.081,0.094,-0.035,0.012,0.054,0.139,-0.052,-0.034,,,,,,,,,,,,,,,,,,,,,,,,,,,,,0.119,0.026,0.293,0.023,0.084,0.072,-0.119,-0.033,0.002,0.008,-0.257,-0.317,-0.191,0.08,0.017,-0.115,0.023,-0.033,-0.251,-0.072,0.451,-0.083,0.293,-0.119,-0.317,-0.115,-0.257,0.017,0.057,0.057,0.026,0.072,0.09,0.085,-0.002,0.072,0.119,0.084,0.008,0.08,0.002,-0.191,-0.04,0.52,-0.04,0.52,0.005,0.007,0.031,0,0,0,0,0.002,0.002,-0.003,-0.002,0.133,0.059,-0.004,-0.003,-0.061,0.133,-0.001,-0.004,0.086,-0.061,-0.003,0.124,-0.012,-0.108,-0.003,-0.045,0,0,0.007,0.05,0,0,-0.002,0.076,0.002,0.093,0.002,0.093,0,0,0.021,0.059,0.02,0.059,-0.002,0.091,0,0,0.016,0.001,0,0,0,0,0,0,-0.026,-0.048,0.073,0.058,0.006,-0.046,0.006,0.013,0.005,0.013,0.018,0.008,-0.033,0.014,0.013,0.009,0.013,-0.007,,,,,,-0.029,-0.037,-0.23,-0.029,-0.029,-0.095,0,0,0,0.023,0,0,0,0.038,,,,,,,,,-0.092,-0.074,-0.092,-0.074,0,0,0,0.001,0,0,0,0,,,,,,,,,,,,,,,,,,,,,,,,,,,,,,,,,,,,,,,,,,,,,,,,,,,,,,,,,,,,,,,,,,,,,,,,,,,,,,,,,,,,,,0
382,,,,,,,,,,,,,,,,,,,,,,,,,,,,,,,,,,,,,,,,,,,,,,,,,,,,,,,,,,,,,,,,,,,,,,,,,,,,,,,,,,,,,,,,,,,,,,,,,,,,,,,,,,,,,,,,,,,,,,,,,,,,,,,,,,,,,,,,,,,,,,,,,,,,,,,,,,,,,,,,,,,,,,,,,,,,,,,,,,,,,,,,,,,,,,,,,,,,,,,,,,,,,,,,,,,,,,,,,,,,,,,,,,,,,,,,,,,,,,,,,,,,,,,,,,,,0.003,0.127,-0.053,0.003,0.004,0.204,-0.078,-0.004,0.268,-0.363,-0.348,-0.325,0.343,-0.084,,,,,,,,,,,,,,,,-0.254,-0.001,0.003,-0.038,-0.168,-0.008,-0.007,0.067,-0.342,0.002,-0.005,-0.144,-0.007,-0.092,-0.077,,,,,,,,,,-0.338,0.048,-0.024,-0.005,-0.001,0.192,0.002,0.164,0.062,0.027,0.204,0.334,0.343,-0.093,0,-0.507,-0.413,0.126,0.025,0.063,,,,,,,,,,,,,,,,,,,,,,,,,,,,,,,,,,,,,,,,,,,,,,,,,,,,,,,,,,,,,,,,,,,,,,,,,,,,,,,,,,,,,,,,,,,,,,,,,,,,,,,,,,,,,,,,,,,,,,,,,,,,,,,,,,,,,,,,,,,,,,,,,,,,,,,,,,,,,,,,,,,,,,,,,,,,,,,,,,,,,,,,,,,,,,,,,,,,,,,,,,,,,,,,,,,,,,,,,,,,,,,,,,,,,,,,,,,,,,,,,,,,,,,,,,,,,,,,,,,,,,,,,,,,,,,,,,,,,,,,,,,,,,,,,,,,,,,,,,,,,,,,,,,,,,,,,,,,,,,,,,,,,,,,,,,,,,,,,,,,,,,,,,,,,,,,,,,,,,-0.065,0.013,-0.153,-0.125,-0.031,-0.025,-0.071,-0.074,-0.035,0.072,-0.116,-0.004,-0.144,-0.034,,,,,,,,,,,,,,,,,,,,,,,,,,,,,-0.147,-0.082,-0.037,0.023,0.002,0.02,0.019,0.07,0.105,0.084,-0.218,-0.261,-0.179,-0.257,-0.017,-0.115,0.023,0.07,-0.251,0.03,0.259,0.06,-0.037,0.019,-0.261,-0.115,-0.218,-0.017,0.057,0.057,-0.082,0.02,-0.25,0.001,-0.039,0.021,-0.147,0.002,0.084,-0.257,0.105,-0.179,-0.04,0.52,-0.04,0.52,-0.023,-0.017,-0.043,0,0,0,0,0.002,0.002,-0.003,0.001,-0.056,0.243,-0.004,-0.003,0.039,-0.056,-0.001,-0.004,-0.111,0.039,-0.003,-0.065,0.143,-0.048,-0.003,0.055,0,0,-0.012,-0.028,0,0,0.008,-0.042,-0.009,-0.053,-0.009,-0.053,0,0,-0.004,-0.082,-0.005,-0.082,-0.002,-0.106,0,0,-0.045,0,0,0,0,0,0,0,-0.251,-0.164,0.053,-0.026,0.016,0.093,0.042,0.013,0.015,0.013,-0.025,0.012,0.001,-0.023,0.013,-0.009,0.013,0.018,,,,,,-0.029,-0.026,0.027,-0.029,-0.029,0.059,0,0,0,0,0,0,0,0,0,-0.035,0.03,-0.09,0,0,0,0,,,,,,,,,0,0,0,0,,,,,,,,,,,,,,,,,,,,,,,,,,,,,,,,,,,,,,,,,,,,,,,,,,,,,,,,,,,,,,,,,,,,,,,,,,,,,,,,,,,,,,0
383,,,,,,,,,,,,,,,,,,,,,,,,,,,,,,,,,,,,,,,,,,,,,,,,,,,,,,,,,,,,,,,,,,,,,,,,,,,,,,,,,,,,,,,,,,,,,,,,,,,,,,,,,,,,,,,,,,,,,,,,,,,,,,,,,,,,,,,,,,,,,,,,,,,,,,,,,,,,,,,,,,,,,,,,,,,,,,,,,,,,,,,,,,,,,,,,,,,,,,,,,,,,,,,,,,,,,,,,,,,,,,,,,,,,,,,,,,,,,,,,,,,,,,,,,,,,,,,,,,,,,,,,,,,,,,,,,,,,,,,,,,,,,,,,,,,,,,,,,,,,,,,,,,,,,,,,,,,,,,,,,,,,,0.039,-0.109,-0.036,-0.019,0.111,0.005,0.003,0.072,0.083,-0.06,-0.051,-0.038,0.099,-0.031,-0.043,0,0.006,-0.008,-0.017,0.006,0.006,0.016,-0.381,0.004,0.007,-0.021,0.003,0.016,-0.012,,,,,,,,,,,,,,,,,,,,,,,,,-0.375,-0.008,-0.129,0.115,-0.028,0.119,0.028,-0.066,0.04,0.052,0.064,0.083,0.099,0.072,0,-0.034,-0.013,-0.1,0.051,0.02,,,,,,,,,,,,,,,,,,,,,,,,,,,,,,,,,,,,,,,,,,,,,,,,,,,,,,,,,,,,,,,,,,,,,,,,,,,,,,,,,,,,,,,,,,,,,,,,,,,,,,,,,,,,,,,,,,,,,,,,,,,,,,,,,,,,,,,,,,,,,,,,,,,,,,,,,,,,,,,,,,,,,,,,,,,,,,,,,,,,,,,,,,,,,,,,,,,,,,,,,,,,,,,,,,,,,,,,,,,,,,,,,,,,,,,,,,,,,,,,,,,,,,,,,,,,,,,,,,,,,,,,,,,,,,,,,,,,,,,,,,,,,,,,,,,,,,,,,,,-0.359,-0.358,-0.073,-0.143,0.768,-0.138,0.273,-0.145,0.885,-0.043,-0.075,-0.062,0.008,-0.038,,,,,,,,,,,,,,,-0.014,0.026,-0.147,-0.193,-0.108,-0.082,0.05,0.083,0.079,0.109,-0.257,-0.317,-0.191,-0.088,0.017,0.218,-0.193,0.083,-0.381,0.042,-0.255,0.092,-0.147,0.05,-0.317,0.218,-0.257,0.017,0.057,0.057,0.026,-0.082,-0.554,-0.11,-0.002,-0.082,-0.014,-0.108,0.109,-0.088,0.079,-0.191,-0.04,0.52,-0.04,0.52,-0.023,-0.013,-0.016,0,0,0,0,-0.001,-0.001,-0.002,-0.001,-0.029,-0.125,-0.001,-0.002,0.059,-0.029,0.007,-0.001,-0.079,0.059,-0.002,-0.038,0.071,0.073,-0.001,0.075,0,0,-0.01,-0.025,0,0,0.001,0.005,0.005,-0.003,0.005,-0.003,0,0,0.004,-0.073,0.003,-0.073,0.007,-0.074,0,0,-0.088,0,0,0,0,0,0,0,-0.069,-0.127,-0.052,-0.05,0.011,0.01,0.092,0.013,0.043,0.013,-0.025,0.014,-0.002,-0.028,0.013,-0.011,0.013,0.005,,,,,,0.017,0.034,0.263,0.017,0.017,-0.047,0,0,0,0,0,0,0,0,0,0.005,0.03,0.014,0,0,0,0,,,,,,,,,0,0,0,0,,,,,,,,,,,,,,,,,,,,,,,,,,,,,,,,,,,,,,,,,,,,,,,,,,,,,,,,,,,,,,,,,,,,,,,,,,,,,,,,,,,,,,0
384,,,,,,,,,,,,,,,,,,,,,,,,,,,,,,,,,,,,,,,,,,,,,,,,,,,,,,,,,,,,,,,,,,,,,,,,,,,,,,,,,,0.065,0.105,-0.065,-0.153,-0.053,0.077,-0.014,-0.103,0.08,0.026,-0.337,-0.337,-0.357,0.212,,,,,,,,,,0.012,-0.206,-0.052,0.452,0.004,0,0.013,-0.186,0.113,0.1,-0.054,,,,,,-0.044,0.264,0.165,-0.197,0,0,0.052,-0.017,0.065,0.062,0.052,0.041,-0.023,0.016,0.227,0.033,0.195,-0.039,0.016,-0.003,,,,,,,,,,,,,,,,,,,,,,,,,,,,,,,,,,,,,,,,,,,,,,,,,,,,,,,,,,,,,,,,,,,,,,,,,,,,,,,,,,,,,,,,,,,,,,,,,,,,,,,,,,,,,,,,,,,,,,,,,,,,,,,,,,,,,,,,,,,,,,,,,,,,,,,,,,,,,,,,,,,,,,,,,,,,,,,,,,,,,,,,,,,,,,,,,,,,,,,,,,,,,,,,,,,,,,,,,,,,,,,,,,,,,,,,,,,,,,,,,,,,,,,,,,,,,,,,,,,,,,,,,,,,,,,,,,,,,,,,,,,,,,,,,,,,,,,,,,,,,,,,,,,,,,,,,,,,,,,,,,,,,,,,,,,,,,,,,,,,,,,,,,,,,,,,,,,,,,,,,,,,,,,,,,,,,,,,,,,,,,,,,,,,,,,,,,,,,,,,,,,,,,,,,,,,,,,,,,,,,,,,,,,,,,,,,,,,,,,,,,,,,,,,,,,,,,,,,,,,,,,,,,,,,,,,,,,,,,,,,,,,,,,,,,,,,,,,,,,,,,,,,,,,,,,,,,,,,,,,,,,,,,,,,,,,,,,,,,,,,,,,,,,,,,,,,,,,,,,,,,,,,,,,,,,,,,,,,,,,,,,,-0.241,0.166,0.008,-0.163,0.025,0.034,0.05,-0.014,-0.172,-0.187,0.046,0.088,-0.014,-0.088,-0.05,-0.115,-0.163,-0.014,0.165,0.042,-0.237,-0.005,0.008,0.05,0.088,-0.115,0.046,-0.05,0.037,0.037,0.166,0.034,-0.012,0.025,0.046,0.034,-0.241,0.025,-0.187,-0.088,-0.172,-0.014,0.474,0.52,0.474,0.52,0.01,0.003,-0.008,0,0,0,0,0.005,0.005,-0.003,0.001,-0.056,-0.178,-0.004,-0.003,0.059,-0.056,-0.001,-0.004,0.316,0.059,,,,,,,,,,,,,,,,,,,,,,,,,,,,,,,,,0,0,0,0,0.116,0.04,-0.032,-0.116,0.013,0.002,-0.037,0.013,-0.017,0.013,0.064,0,-0.157,0.126,0.013,0.059,0.013,0.243,,,,,,0.017,0.005,0.006,0.017,0.017,0.026,0,0,0,0,0,0,0,0,0,-0.03,-0.082,-0.077,0,0,0,0,,,,,,,,,0,0,0,0,,,,,,,,,,,,,,,,,,,,,,,,,,,,,,,,,,,,,,,,,,,,,,,,,,,,,,,,,,,,,,,,,,,,,,,,,,,,,,,,,,,,,,0
387,0.147,0.183,0.33,0.275,-0.187,-0.339,-0.015,-0.072,0,0.174,0.076,0.076,-0.022,0.044,-0.013,0.574,0.108,-0.273,0.004,0,0.01,0.309,0.055,,,,,,,,,,,,0.051,0.138,,,,-0.164,0.076,0.005,-0.157,0,0.001,0.238,0.096,0.016,0.033,0.003,0.06,0.016,0.016,0.05,-0.01,0.001,-0.003,,,,,,,,,,,,,,,,,,,,,,,,,,,,,,,,,,,,,,,,,,,,,,,,,,,,,,,,,,,,,,,,,,,,,,,,,,,,,,,,,,,,,,,,,,,,,,,,,,,,,,,,,,,,,,,,,,,,,,,,,,,,,,,,,,,,,,,,,,,,,,,,,,,,,,,,,,,,,,,,,,,,,,,,,,,,,,,,,,,,,,,,,,,,,,,,,,,,,,,,,,,,,,,,,,,,,,,,,,,,,,,,,,,,,,,,,,,,,,,,,,,,,,,,,,,,,,,,,,,,,,,,,,,,,,,,,,,,,,,,,,,,,,,,,,,,,,,,,,,,,,,,,,,,,,,,,,,,,,,,,,,,,,,,,,,,,,,,,,,,,,,,,,,,,,,,,,,,,,,,,,,,,,,,,,,,,,,,,,,,,,,,,,,,,,,,,,,,,,,,,,,,,,,,,,,,,,,,,,,,,,,,,,,,,,,,,,,,,,,,,,,,,,,,,,,,,,,,,,,,,,,,,,,,,,,,,,,,,,,,,,,,,,,,,,,,,,,,,,,,,,,,,,,,,,,,,,,,,,,,,,,,,,,,,,,,,,,,,,,,,,,,,,,,,,,,,,,,,,,,,,,,,,,,,,,,,,,,,,,,,,,,,,,,,,,,,,,,,,,,,,,,,,,,,,,,,,,,,,,,,,,,,,,,,,,,,,,,,,,,,,,,,,,,,,,,,,,,,,,,,,,,,,,-0.014,0.026,-0.201,0.078,-0.07,-0.074,0.095,0.096,0.053,0.084,-0.011,-0.062,-0.202,0.137,-0.05,-0.115,0.078,0.096,0.042,0.087,-0.093,0.105,-0.201,0.095,-0.062,-0.115,-0.011,-0.05,0.101,0.101,0.026,-0.074,0.053,-0.071,-0.002,-0.074,-0.014,-0.07,0.084,0.137,0.053,-0.202,-0.04,0.52,-0.04,0.52,0.029,0.027,0.086,0,0,0,0,0,0,0.003,0,-0.083,-0.046,0.007,0.003,-0.001,-0.083,-0.02,0.007,-0.143,-0.001,0.003,-0.092,0.117,-0.108,0.007,0.015,0,0,-0.009,-0.093,0,0,-0.009,-0.14,0.005,-0.097,0.006,-0.097,0,0,0.006,-0.143,0.005,-0.143,-0.02,-0.138,0,0,-0.083,0.016,0,0,0,0,0,0,0.141,-0.074,-0.173,-0.141,0.012,-0.018,0.042,0.013,0.021,0.013,0.018,0.012,0.001,0.046,0.013,0.021,0.013,-0.043,,,,,,0.062,0.045,-0.026,0.062,0.062,0.051,0,0,0,0,0,0,0,0,0,-0.016,0.03,-0.041,0,0,0,0,,,,,,,,,0,0,0,0,,,,,,,,,,,,,,,,,,,,,,,,,,,,,,,,,,,,,,,,,,,,,,,,,,,,,,,,,,,,,,,,,,,,,,,,,,,,,,,,,,,,,,0
388,,,,,,,,,,,,,,,,,,,,,,,,,,,,,,,,,,,,,,,,,,,,,,,,,,,,,,,,,,,,,,,,,,,,,,,,,,,,,,,,,,,,,,,,,,,,,,,,,,,,,,,,,,,,,,,,,,,,,,,,,,,,,,,,,,,,,,,,,,,,,,,,,,,,,,,,,,,,,,,,,,,,,,,,,,,,,,,,,,,,,,,,,,,,,,,,,,,,,,,,,,,,,,,,,,,,,,,,,,,,,,,,,,,,,,,,,,,,,,,,,,,,,,,,,,,,,,,,,,,,,,,,,,,,,,,,,,,,,,,,,,,,,,,,,,,,,,,,,,,,,,,,,,,,,,,,,,,,,,,,,,,,,-0.065,0.128,-0.094,-0.041,-0.126,-0.021,0.005,-0.147,-0.005,-0.06,-0.055,-0.064,0.009,-0.035,,,,,,,,,,,,,,,,0.136,-0.018,0,-0.007,0.075,0.137,0.132,-0.024,0.051,0,0.003,-0.03,0.003,-0.104,-0.009,0.052,-0.001,0.024,0.053,-0.005,0.018,0.001,-0.127,-0.009,,,,,,,,,,0.01,-0.281,-0.005,0.009,-0.147,0,0.198,0.154,0.08,0.009,0.022,,,,,,,,,,,,,,,,,,,,,,,,,,,,,,,,,,,,,,,,,,,,,,,,,,,,,,,,,,,,,,,,,,,,,,,,,,,,,,,,,,,,,,,,,,,,,,,,,,,,,,,,,,,,,,,,,,,,,,,,,,,,,,,,,,,,,,,,,,,,,,,,,,,,,,,,,,,,,,,,,,,,,,,,,,,,,,,,,,,,,,,,,,,,,,,,,,,,,,,,,,,,,,,,,,,,,,,,,,,,,,,,,,,,,,,,,,,,,,,,,,,,,,,,,,,,,,,,,,,,,,,,,,,,,,,,,,,,,,,,,,,,,,,,,,,,,,,,,,,,,,,,,,,,,,,,,,,,,,,,,,,,,,,-0.28,-0.082,-0.037,0.023,0.002,0.01,0.082,0.148,0.027,0.033,0.038,-0.034,-0.132,0.137,-0.05,-0.115,0.023,0.148,-0.251,0.106,0.259,0.125,-0.037,0.082,-0.034,-0.115,0.038,-0.05,0.057,0.057,-0.082,0.01,-0.023,0.001,-0.039,0.01,-0.28,0.002,0.033,0.137,0.027,-0.132,-0.04,0.52,-0.04,0.52,-0.023,-0.009,0,0,0,0,0,0.004,0.004,0.001,0.001,-0.029,0.007,0.004,0.001,-0.081,-0.029,-0.001,0.004,0.045,-0.081,0.001,-0.038,-0.122,-0.139,0.004,-0.065,0,0,0.007,-0.025,0,0,-0.002,-0.062,0.002,-0.044,0.002,-0.044,0,0,-0.004,0.024,-0.005,0.023,-0.002,0.05,0,0,-0.045,-0.005,0,0,0,0,0,0,0,-0.136,-0.006,-0.1,0.017,0.036,-0.039,0.013,-0.019,0.013,-0.002,0.019,0.128,-0.003,0.013,0.001,0.013,0.005,,,,,,-0.119,-0.105,0.061,-0.119,-0.119,-0.112,0,0,0,0,0,0,0,0,0,-0.004,-0.082,-0.01,0,0,0,0,,,,,,,,,0,0,0,0,,,,,,,,,,,,,,,,,,,,,,,,,,,,,,,,,,,,,,,,,,,,,,,,,,,,,,,,,,,,,,,,,,,,,,,,,,,,,,,,,,,,,,0
389,,,,,,,,,,,,,,,,,,,,,,,,,,,,,,,,,,,,,,,,,,,,,,,,,,,,,,,,,,,,,,,,,,,,,,,,,,,,,,,,,,,,,,,,,,,,,,,,,,,,,,,,,,,,,,,,,,,,,,,,,,,,,,,,,,,,,,,,,,,,,,,,,,,,,,,,,,,,,,,,,,,,,,,,,,,,,,,,,,,,,,,,,,,,,,,,,,,,,,,,,,,,,,,,,,,,,,,,,,,,,,,,,,,,,,,,,,,,,,,,,,,,,,,,,,,,,,,,,,,,,,,,,,,,,,,,,,,,,,,,,,,,,,,,,,,,,,,,,,,,,,,,,,,,,,,,,,,,,,,,,,,,,0.026,0.1,-0.013,0.007,0.062,0.001,0.005,-0.027,0.117,-0.147,-0.125,-0.141,0.148,-0.065,0.008,0,0.002,-0.008,0.113,0.006,0.006,-0.055,0.452,0.001,0.004,-0.161,0.003,-0.042,-0.016,,,,,,,,,,,,,,,,0.452,0,-0.007,-0.02,0.001,-0.075,0.002,-0.069,0.005,,,,,,,,,,0.014,0.011,0.117,0.148,-0.027,0,0.337,0.347,-0.196,0.012,0.05,,,,,,,,,,,,,,,,,,,,,,,,,,,,,,,,,,,,,,,,,,,,,,,,,,,,,,,,,,,,,,,,,,,,,,,,,,,,,,,,,,,,,,,,,,,,,,,,,,,,,,,,,,,,,,,,,,,,,,,,,,,,,,,,,,,,,,,,,,,,,,,,,,,,,,,,,,,,,,,,,,,,,,,,,,,,,,,,,,,,,,,,,,,,,,,,,,,,,,,,,,,,,,,,,,,,,,,,,,,,,,,,,,,,,,,,,,,,,,,,,,,,,,,,,,,,,,,,,,,,,,,,,,,,,,,,,,,,,,,,,,,,,-0.057,-0.046,0.108,-0.099,-0.031,-0.106,0.02,0.087,-0.035,0.004,0.096,0.039,0.033,-0.034,,,,,,,,,,,,,,,,,,,,,,,,,,,,,-0.014,0.026,0.403,-0.085,-0.021,-0.012,-0.038,0.019,0.027,0.033,-0.179,-0.223,-0.167,0.024,-0.017,0.218,-0.085,0.019,-0.316,-0.021,0.516,0.002,0.403,-0.038,-0.223,0.218,-0.179,-0.017,0.057,0.057,0.026,-0.012,0.053,-0.022,-0.002,-0.012,-0.014,-0.021,0.033,0.024,0.027,-0.167,-0.04,0.52,-0.04,0.52,-0.023,-0.013,-0.027,0,0,0,0,0.013,0.013,-0.002,0.002,-0.083,-0.046,-0.001,-0.002,0.099,-0.083,0.008,-0.001,-0.024,0.099,-0.002,-0.092,0.144,0.043,-0.001,0.115,0,0,0.01,0.115,0,0,0.001,0.131,0.005,0.139,0.005,0.139,0,0,0.029,-0.02,0.028,-0.02,0.008,-0.019,0,0,-0.087,0.003,0,0,0,0,0,0,-0.228,-0.158,-0.086,-0.126,0.017,0.01,-0.047,0.013,-0.019,0.013,-0.015,0.008,-0.075,0.03,0.013,0.013,0.013,0.057,,,,,,-0.165,-0.137,0.131,-0.165,-0.165,0.051,0,0,0,0,0,0,0,0,0,0.083,-0.082,0.212,0,0,0,0,,,,,,,,,0,0,0,0,,,,,,,,,,,,,,,,,,,,,,,,,,,,,,,,,,,,,,,,,,,,,,,,,,,,,,,,,,,,,,,,,,,,,,,,,,,,,,,,,,,,,,0
390,0.108,0.108,-0.161,-0.197,0.074,0.161,-0.03,-0.152,0.087,-0.03,-0.121,-0.121,0.044,0.022,-0.013,-0.158,-0.092,0.257,0.003,0,0.01,-0.231,0.066,,,,,,,,,,,,-0.094,0.089,0.164,-0.317,-0.064,,,,0.343,0,0.001,,,,,,,,,,,,,0.018,-0.051,0.037,-0.001,0.018,0.019,0.026,-0.031,0.129,0.003,0,0,,,,,,,,,,,,,,,,,,,,,,,,,,,,,,,,,,,,,,,,,,,,,,,,,,,,,,,,,,,,,,,,,,,,,,,,,,,,,,,,,,,,,,,,,,,,,,,,,,,,,,,,,,,,,,,,,,,,,,,,,,,,,,,,,,,,,,,,,,,,,,,,,,,,,,,,,,,,,,,,,,,,,,,,,,,,,,,,,,,,,,,,,,,,,,,,,,,,,,,,,,,,,,,,,,,,,,,,,,,,,,,,,,,,,,,,,,,,,,,,,,,,,,,,,,,,,,,,,,,,,,,,,,,,,,,,,,,,,,,,,,,,,,,,,,,,,,,,,,,,,,,,,,,,,,,,,,,,,,,,,,,,,,,,,,,,,,,,,,,,,,,,,,,,,,,,,,,,,,,,,,,,,,,,,,,,,,,,,,,,,,,,,,,,,,,,,,,,,,,,,,,,,,,,,,,,,,,,,,,,,,,,,,,,,,,,,,,,,,,,,,,,,,,,,,,,,,,,,,,,,,,,,,,,,,,,,,,,,,,,,,,,,,,,,,,,,,,,,,,,,,,,,,,,,,,,,,,,,,,,,,,,,,,,,,,,,,,,,,,,,,,,,,,,,,,,,,,,,,,,,,,,,,,,,,,,,,,,,,,,,,,,,,,,,,,,,,,,,,,,,,,,,,,,,,,,,,,,,,,,,,,,,,,,,,,,,,,,,,,,,,,,,,,,,,,,,,,0.315,-0.03,0.296,0.012,-0.121,-0.107,-0.075,-0.014,-0.064,-0.056,-0.046,-0.076,0.089,-0.043,-0.017,-0.115,0.012,-0.014,-0.258,-0.053,0.453,-0.037,0.296,-0.075,-0.076,-0.115,-0.046,-0.017,0.063,0.063,-0.03,-0.107,-0.043,-0.124,-0.022,-0.107,0.315,-0.121,-0.056,-0.043,-0.064,0.089,0.017,-0.48,0.017,-0.48,-0.009,-0.009,-0.035,0,0,0,0,0.007,0.007,-0.003,0.004,0.025,0.112,0.012,-0.003,0.219,0.025,0.028,0.012,-0.083,0.219,-0.004,0.016,0.152,0.225,0.012,0.235,0,0,0.026,0.021,0,0,-0.002,0.005,-0.009,-0.022,-0.01,-0.022,0,0,-0.004,-0.064,-0.005,-0.064,0.028,-0.078,0,0,-0.168,-0.005,0,0,0,0,0,0,0.183,0.272,-0.322,-0.144,0.019,0.078,-0.043,0.013,-0.019,0.013,-0.015,0.012,-0.002,-0.047,0.013,-0.021,0.013,-0.001,,,,,,-0.029,-0.028,0.167,-0.029,-0.029,-0.112,0,0,0,0,0,0,0,0,,,,,,,,,-0.092,-0.187,-0.092,-0.187,0,0,0,0,0,0,0,0,,,,,,,,,,,,,,,,,,,,,,,,,,,,,,,,,,,,,,,,,,,,,,,,,,,,,,,,,,,,,,,,,,,,,,,,,,,,,,,,,,,,,,0
391,0.043,-0.011,0.312,0.312,0.031,0.116,0.015,0.128,0.158,0.184,0.025,0.025,0.201,-0.103,,,,,,,,,,0.009,-0.041,0.049,-0.302,-0.004,0,0.019,-0.046,0.042,,,-0.187,-0.206,,,,-0.164,0.453,-0.018,-0.157,0,0.001,,,,,,,,,,,,,,,,,,,,,,,,,0.071,0.097,-0.018,-0.058,-0.112,-0.071,-0.11,-0.064,0.02,-0.093,-0.036,0.009,,,,,,,,,,,,,,,,,,,,,,,,,,,,,,,,,,,,,,,,,,,,,,,,,,,,,,,,,,,,,,,,,,,,,,,,,,,,,,,,,,,,,,,,,,,,,,,,,,,,,,,,,,,,,,,,,,,,,,,,,,,,,,,,,,,,,,,,,,,,,,,,,,,,,,,,,,,,,,,,,,,,,,,,,,,,,,,,,,,,,,,,,,,,,,,,,,,,,,,,,,,,,,,,,,,,,,,,,,,,,,,,,,,,,,,,,,,,,,,,,,,,,,,,,,,,,,,,,,,,,,,,,,,,,,,,,,,,,,,,,,,,,,,,,,,,,,,,,,,,,,,,,,,,,,,,,,,,,,,,,,,,,,,,,,,,,,,,,,,,,,,,,,,,,,,,,,,,,,,,,,,,,,,,,,,,,,,,,,,,,,,,,,,,,,,,,,,,,,,,,,,,,,,,,,,,,,,,,,,,,,,,,,,,,,,,,,,,,,,,,,,,,,,,,,,,,,,,,,,,,,,,,,,,,,,,,,,,,,,,,,,,,,,,,,,,,,,,,,,,,,,,,,,,,,,,,,,,,,,,,,,,,,,,,,,,,,,,,,,,,,,,,,,,,,,,,,,,,,,,,,,,,,,,,,,,,,,,,,,,,,,,,,,,,,,,,,,,,,,,,,,,,,,,,,,,,,,,,,,,,,,,,,,,,,,,,,,,,,,,,,,-0.216,-0.03,0.296,-0.207,0.16,0.136,-0.038,0.038,-0.09,-0.031,-0.165,-0.153,0.101,-0.212,0.017,-0.115,-0.207,0.038,-0.39,-0.002,0.453,0.002,0.296,-0.038,-0.153,-0.115,-0.165,0.017,0.063,0.063,-0.03,0.136,-0.005,0.162,-0.022,0.136,-0.216,0.16,-0.031,-0.212,-0.09,0.101,0.017,-0.48,0.017,-0.48,-0.023,-0.017,-0.035,0,0,0,0,-0.009,-0.009,0.004,0.003,-0.11,0.112,-0.007,0.004,0.019,-0.11,-0.012,-0.007,0.013,0.019,0.004,-0.119,0.141,-0.078,-0.006,0.035,0,0,-0.016,0.073,0,0,0.004,0.084,-0.002,0.074,-0.002,0.074,0,0,-0.013,0.037,-0.014,0.037,-0.012,0.018,0,0,-0.189,-0.004,0,0,0,0,0,0,0.167,0.271,0.081,-0.073,0.017,0.044,0.067,0.013,0.031,0.013,-0.002,0.013,0.046,0.024,0.013,0.013,0.013,-0.036,,,,,,-0.029,-0.019,0.202,-0.029,-0.029,0.01,0,0,0,0,0,0,0,0,0,0.098,-0.082,0.25,0,0,0,0,,,,,,,,,0,0,0,0,,,,,,,,,,,,,,,,,,,,,,,,,,,,,,,,,,,,,,,,,,,,,,,,,,,,,,,,,,,,,,,,,,,,,,,,,,,,,,,,,,,,,,0
396,-0.121,-0.078,-0.197,-0.197,0.031,-0.021,0.015,0.008,-0.291,-0.276,0.104,0.104,-0.12,0.163,,,,,,,,,,-0.091,0.502,-0.051,-0.047,0,0,-0.081,0.369,0,-0.088,-0.028,,,,,,-0.164,0.482,0.054,-0.157,0,0.001,,,,,,,,,,,,,,,,,,,,,,,,,0.046,-0.083,-0.007,0.068,-0.112,-0.044,0.045,-0.038,0.22,0.052,-0.036,0.115,,,,,,,,,,,,,,,,,,,,,,,,,,,,,,,,,,,,,,,,,,,,,,,,,,,,,,,,,,,,,,,,,,,,,,,,,,,,,,,,,,,,,,,,,,,,,,,,,,,,,,,,,,,,,,,,,,,,,,,,,,,,,,,,,,,,,,,,,,,,,,,,,,,,,,,,,,,,,,,,,,,,,,,,,,,,,,,,,,,,,,,,,,,,,,,,,,,,,,,,,,,,,,,,,,,,,,,,,,,,,,,,,,,,,,,,,,,,,,,,,,,,,,,,,,,,,,,,,,,,,,,,,,,,,,,,,,,,,,,,,,,,,,,,,,,,,,,,,,,,,,,,,,,,,,,,,,,,,,,,,,,,,,,,,,,,,,,,,,,,,,,,,,,,,,,,,,,,,,,,,,,,,,,,,,,,,,,,,,,,,,,,,,,,,,,,,,,,,,,,,,,,,,,,,,,,,,,,,,,,,,,,,,,,,,,,,,,,,,,,,,,,,,,,,,,,,,,,,,,,,,,,,,,,,,,,,,,,,,,,,,,,,,,,,,,,,,,,,,,,,,,,,,,,,,,,,,,,,,,,,,,,,,,,,,,,,,,,,,,,,,,,,,,,,,,,,,,,,,,,,,,,,,,,,,,,,,,,,,,,,,,,,,,,,,,,,,,,,,,,,,,,,,,,,,,,,,,,,,,,,,,,,,,,,,,,,,,,,,,,,,,0.036,0.066,0.294,0.002,-0.062,-0.06,0.308,0.285,0.141,0.118,-0.34,-0.301,-0.167,-0.2,0.15,-0.115,0.002,0.285,0.333,0.303,-0.139,0.294,0.294,0.308,-0.301,-0.115,-0.34,0.15,-0.029,-0.029,0.066,-0.06,0.067,-0.063,0.012,-0.06,0.036,-0.062,0.118,-0.2,0.141,-0.167,-0.354,0.52,-0.354,0.52,,,,0,0,0,0,0.002,0.002,0,-0.001,-0.029,-0.02,-0.001,0,-0.101,-0.029,0.001,-0.001,-0.097,-0.101,,,,,,,,,,,,,,,,,,,,,,,,,,,,,,,,,0,0,0,0,0.064,-0.088,0.061,-0.071,0.018,0.019,0.013,0.013,0.007,0.013,-0.009,0.016,0.044,0.043,0.013,0.019,0.013,0.012,,,,,,0.199,0.164,0.001,0.199,0.199,0.222,0,0,0,0,0,0,0,0,0,-0.064,0.03,-0.164,0,0,0,0,,,,,,,,,0,0,0,0,,,,,,,,,,,,,,,,,,,,,,,,,,,,,,,,,,,,,,,,,,,,,,,,,,,,,,,,,,,,,,,,,,,,,,,,,,,,,,,,,,,,,,0
399,,,,,,,,,,,,,,,,,,,,,,,,,,,,,,,,,,,,,,,,,,,,,,,,,,,,,,,,,,,,,,,,,,,,,,,,,,,,,,,,,,,,,,,,,,,,,,,,,,,,,,,,,,,,,,,,,,,,,,,,,,,,,,,,,,,,,,,,,,,,,,,,,,,,,,,,,,,,,,,,,,,,,,,,,,,,,,,,,,,,,,,,,,,,,,,,,,,,,,,,,,,,,,,,,,,,,,,,,,,,,,,,,,,,,,,,,,,,,,,,,,,,,,,,,,,,-0.025,0.009,-0.053,-0.02,-0.162,0.02,-0.064,0.005,0.094,-0.045,-0.06,0.008,0.118,-0.023,,,,,,,,,,,,,,,,-0.105,-0.001,-0.02,0.034,-0.036,0.007,0.008,0.003,0.097,-0.014,-0.01,-0.165,0.005,0.221,0.019,0.104,0,-0.002,0.209,0,-0.011,0,-0.059,0.037,,,,,,,,,,-0.194,0.02,0.117,0.118,0.111,0,-0.131,-0.07,0.005,-0.191,-0.005,,,,,,,,,,,,,,,,,,,,,,,,,,,,,,,,,,,,,,,,,,,,,,,,,,,,,,,,,,,,,,,,,,,,,,,,,,,,,,,,,,,,,,,,,,,,,,,,,,,,,,,,,,,,,,,,,,,,,,,,,,,,,,,,,,,,,,,,,,,,,,,,,,,,,,,,,,,,,,,,,,,,,,,,,,,,,,,,,,,,,,,,,,,,,,,,,,,,,,,,,,,,,,,,,,,,,,,,,,,,,,,,,,,,,,,,,,,,,,,,,,,,,,,,,,,,,,,,,,,,,,,,,,,,,,,,,,,,,,,,,,,,,,,,,,,,,,,,,,,,,,,,,,,,,,,,,,,,,,,,,,,,,,,,,,,,,,,,,,,,,,,,,,,,,,,,,,,,,,-0.275,-0.065,-0.044,-0.161,-0.031,0.03,-0.075,-0.234,-0.035,0.085,-0.099,-0.183,-0.201,-0.034,,,,,,,,,,,,,,,,,,,,,,,,,,,,,-0.039,-0.102,-0.216,0.056,-0.077,-0.069,0.038,0.077,-0.055,-0.047,-0.054,-0.104,0.033,-0.257,-0.05,-0.115,0.056,0.077,-0.231,0.036,0.155,0.08,-0.216,0.038,-0.104,-0.115,-0.054,-0.05,0.037,0.037,-0.102,-0.069,-0.068,-0.079,-0.046,-0.068,-0.039,-0.077,-0.047,-0.257,-0.055,0.033,0.417,0.52,0.417,0.52,0.062,0.038,0.102,0,0,0,0,-0.005,-0.005,-0.002,0.003,0.052,-0.099,-0.001,-0.002,0.259,0.052,-0.02,-0.001,0.04,0.259,,,,,,,,,,,,,,,,,,,,,,,,,,,,,,,,,0,0,0,0,0.148,0.183,-0.386,-0.13,0.012,-0.009,-0.053,0.013,-0.023,0.013,0.051,0.004,-0.14,0.076,0.013,0.033,0.013,0.137,,,,,,0.108,0.106,0.202,0.108,0.108,-0.087,0,0,0,0,0,0,0,0,0,0.078,-0.082,0.199,0,0,0,0,,,,,,,,,0,0,0,0,,,,,,,,,,,,,,,,,,,,,,,,,,,,,,,,,,,,,,,,,,,,,,,,,,,,,,,,,,,,,,,,,,,,,,,,,,,,,,,,,,,,,,0
400,,,,,,,,,,,,,,,,,,,,,,,,,,,,,,,,,,,,,,,,,,,,,,,,,,,,,,,,,,,,,,,,,,,,,,,,,,,,,,,,,,,,,,,,,,,,,,,,,,,,,,,,,,,,,,,,,,,,,,,,,,,,,,,,,,,,,,,,,,,,,,,,,,,,,,,,,,,,,,,,,,,,,,,,,,,,,,,,,,,,,,,,,,,,,,,,,,,,,,,,,,,,,,,,,,,,,,,,,,,,,,,,,,,,,,,,,,,,,,,,,,,,,,,,,,,,,,,,,,,,,,,,,,,,,,,,,,,,,,,,,,,,,,,,,,,,,,,,,,,,,,,,,,,,,,,,,,,,,,,,,,,,,0,0.053,0.069,0.007,-0.045,-0.008,0.005,-0.024,0.057,-0.06,-0.065,-0.038,0.045,0.034,0.037,0.001,0.002,-0.008,0.029,0.005,0.004,-0.003,-0.193,0.001,0.004,-0.001,0.003,-0.017,-0.02,,,,,,,,,,,,,,,,-0.195,0.001,-0.027,0.253,-0.001,0.022,-0.002,-0.014,0.004,,,,,,,,,,0.013,-0.113,0.057,0.045,-0.024,0,0.098,0.081,-0.126,0.012,-0.065,,,,,,,,,,,,,,,,,,,,,,,,,,,,,,,,,,,,,,,,,,,,,,,,,,,,,,,,,,,,,,,,,,,,,,,,,,,,,,,,,,,,,,,,,,,,,,,,,,,,,,,,,,,,,,,,,,,,,,,,,,,,,,,,,,,,,,,,,,,,,,,,,,,,,,,,,,,,,,,,,,,,,,,,,,,,,,,,,,,,,,,,,,,,,,,,,,,,,,,,,,,,,,,,,,,,,,,,,,,,,,,,,,,,,,,,,,,,,,,,,,,,,,,,,,,,,,,,,,,,,,,,,,,,,,,,,,,,,,,,,,,,,-0.046,-0.026,-0.478,-0.155,-0.031,-0.093,0.063,0.019,-0.035,0.082,-0.37,-0.026,0.026,-0.034,,,,,,,,,,,,,,,,,,,,,,,,,,,,,-0.28,-0.19,-0.147,0.238,0.26,0.19,-0.069,-0.027,0.105,0.16,0.018,-0.053,-0.155,0.137,-0.05,-0.115,0.238,-0.027,-0.122,-0.066,0.195,-0.031,-0.147,-0.069,-0.053,-0.115,0.018,-0.05,0.057,0.057,-0.19,0.19,-0.023,0.264,-0.076,0.19,-0.28,0.26,0.16,0.137,0.105,-0.155,-0.04,0.52,-0.04,0.52,-0.019,0.003,0.059,0,0,0,0,0.007,0.007,-0.002,0.002,-0.164,0.112,0.015,-0.002,-0.121,-0.164,0.008,0.015,0.118,-0.121,-0.002,-0.173,-0.025,-0.169,0.015,-0.105,0,0,0.02,0.008,0,0,0.001,-0.042,0.005,-0.013,0.005,-0.013,0,0,0.004,0.116,0.003,0.116,0.008,0.124,0,0,-0.086,-0.005,0,0,0,0,0,0,-0.085,-0.153,-0.071,-0.113,0.013,0.05,-0.009,0.013,-0.003,0.013,-0.015,0.014,0.015,-0.059,0.013,-0.025,0.013,-0.024,,,,,,-0.074,-0.057,0.063,-0.074,-0.074,-0.022,0,0,0,0,0,0,0,0,0,0.165,-0.193,0.42,0,0,0,0,,,,,,,,,0,0,0,0,,,,,,,,,,,,,,,,,,,,,,,,,,,,,,,,,,,,,,,,,,,,,,,,,,,,,,,,,,,,,,,,,,,,,,,,,,,,,,,,,,,,,,0
401,,,,,,,,,,,,,,,,,,,,,,,,,,,,,,,,,,,,,,,,,,,,,,,,,,,,,,,,,,,,,,,,,,,,,,,,,,,,,,,,,,-0.038,-0.068,0.081,0.175,0.058,0.077,0.014,0.115,-0.034,0.196,-0.277,-0.277,0.056,0.005,0.033,-0.035,0.066,-0.292,-0.005,0,0.043,0.014,0.077,,,,,,,,,,,,0.139,0.106,,,,-0.044,-0.083,0.011,0.803,0,0,,,,,,,,,,,,,,,,,,,,,,,,,,,,,-0.018,-0.53,-0.014,0.683,0.488,0.445,0.138,0.018,-0.114,0.16,-0.12,0.032,0.451,-0.061,,,,,,,,,,,,,,,,,,,,,,,,,,,,,,,,,,,,,,,,,,,,,,,,,,,,,,,,,,,,,,,,,,,,,,,,,,,,,,,,,,,,,,,,,,,,,,,,,,,,,,,,,,,,,,,,,,,,,,,,,,,,,,,,,,,,,,,,,,,,,,,,,,,,,,,,,,,,,,,,,,,,,,,,,,,,,,,,,,,,,,,,,,,,,,,,,,,,,,,,,,,,,,,,,,,,,,,,,,,,,,,,,,,,,,,,,,,,,,,,,,,,,,,,,,,,,,,,,,,,,,,,,,,,,,,,,,,,,,,,,,,,,,,,,,,,,,,,,,,,,,,,,,,,,,,,,,,,,,,,,,,,,,,,,,,,,,,,,,,,,,,,,,,,,,,,,,,,,,,,,,,,,,,,,,,,,,,,,,,,,,,,,,,,,,,,,,,,,,,,,,,,,,,,,,,,,,,,,,,,,,,,,,,,,,,,,,,,,,,,,,,,,,,,,,,,,,,,,,,,,,,,,,,,,,,,,,,,,,,,,,,,,,,,,,,,,,,,,,,,,,,,,,,,,,,,,,,,,,,,,,,,,,,,,,,,,,,,,,,,,,,,,,,,,,,,,,,,-0.216,0.077,0.121,-0.038,-0.083,-0.066,-0.012,0.012,-0.012,-0.056,0.048,0.089,0.101,0.238,-0.05,-0.115,-0.038,0.012,0.232,-0.021,-0.163,0.021,0.121,-0.012,0.089,-0.115,0.048,-0.05,0.104,0.104,0.077,-0.066,-0.005,-0.085,0.015,-0.066,-0.216,-0.083,-0.056,0.238,-0.012,0.101,0.017,-0.48,0.017,-0.48,-0.033,-0.024,-0.075,0,0,0,0,-0.011,-0.011,-0.005,-0.002,0.079,0.191,-0.006,-0.005,0.079,0.079,-0.011,-0.006,-0.134,0.079,-0.005,0.07,0.027,0.073,-0.006,0.095,0,0,-0.025,-0.072,0,0,0.005,-0.073,-0.002,-0.072,-0.002,-0.072,0,0,0.013,-0.143,0.012,-0.143,-0.011,-0.129,0,0,0.119,0.006,0,0,0,0,0.001,0,-0.108,0.239,-0.022,-0.064,0.011,-0.021,-0.074,0.013,-0.035,0.013,-0.002,0.013,0.024,-0.047,0.013,-0.019,0.013,-0.03,,,,,,-0.029,-0.021,-0.055,-0.029,-0.029,-0.014,0,0,0,0,0,0,0,0,,,,,,,,,0.108,-0.124,0.108,-0.124,0,0,0,0,0,0,0,0,,,,,,,,,,,,,,,,,,,,,,,,,,,,,,,,,,,,,,,,,,,,,,,,,,,,,,,,,,,,,,,,,,,,,,,,,,,,,,,,,,,,,,0
403,0.115,0.123,0.003,-0.016,0.031,0.116,-0.022,-0.112,0.102,0.275,-0.134,-0.134,0.093,-0.073,-0.013,-0.087,0.008,-0.254,0,0,0.01,-0.225,0,,,,,,,,,,,,-0.154,-0.019,0.164,-0.278,-0.129,,,,0.343,0,0.001,,,,,,,,,,,,,,,,,,,,,,,,,0.171,0.243,0.002,-0.084,0.088,0.048,0.002,-0.071,0.138,-0.007,0.034,0.008,,,,,,,,,,,,,,,,,,,,,,,,,,,,,,,,,,,,,,,,,,,,,,,,,,,,,,,,,,,,,,,,,,,,,,,,,,,,,,,,,,,,,,,,,,,,,,,,,,,,,,,,,,,,,,,,,,,,,,,,,,,,,,,,,,,,,,,,,,,,,,,,,,,,,,,,,,,,,,,,,,,,,,,,,,,,,,,,,,,,,,,,,,,,,,,,,,,,,,,,,,,,,,,,,,,,,,,,,,,,,,,,,,,,,,,,,,,,,,,,,,,,,,,,,,,,,,,,,,,,,,,,,,,,,,,,,,,,,,,,,,,,,,,,,,,,,,,,,,,,,,,,,,,,,,,,,,,,,,,,,,,,,,,,,,,,,,,,,,,,,,,,,,,,,,,,,,,,,,,,,,,,,,,,,,,,,,,,,,,,,,,,,,,,,,,,,,,,,,,,,,,,,,,,,,,,,,,,,,,,,,,,,,,,,,,,,,,,,,,,,,,,,,,,,,,,,,,,,,,,,,,,,,,,,,,,,,,,,,,,,,,,,,,,,,,,,,,,,,,,,,,,,,,,,,,,,,,,,,,,,,,,,,,,,,,,,,,,,,,,,,,,,,,,,,,,,,,,,,,,,,,,,,,,,,,,,,,,,,,,,,,,,,,,,,,,,,,,,,,,,,,,,,,,,,,,,,,,,,,,,,,,,,,,,,,,,,,,,,,,,,,0.182,-0.139,0.296,0.012,-0.006,-0.007,0.013,0.006,-0.09,-0.081,-0.086,-0.019,0.113,-0.156,-0.017,-0.115,0.012,0.006,0.335,0.004,-0.133,0.015,0.296,0.013,-0.019,-0.115,-0.086,-0.017,0.063,0.063,-0.139,-0.007,0.109,-0.007,-0.059,-0.007,0.182,-0.006,-0.081,-0.156,-0.09,0.113,0.017,-0.48,0.017,-0.48,-0.014,-0.013,-0.031,-0.001,0,0,0,0.009,0.009,0.009,0,-0.002,0.059,-0.007,0.009,0.079,-0.002,-0.014,-0.007,-0.033,0.079,0.008,-0.011,0.141,0.013,-0.007,0.095,0,0,-0.065,0.076,0,0,-0.006,0.171,0.008,0.149,0.008,0.149,0,0,-0.014,-0.007,-0.015,-0.007,-0.014,-0.028,0,0,-0.13,0.001,0,0,0,0,0,0,0.137,0.105,0.088,0.037,0.012,-0.001,0.043,0.013,0.019,0.013,0.018,0.014,-0.007,-0.025,0.013,-0.011,0.013,0.044,,,,,,0.062,0.053,-0.037,0.062,0.062,0.132,0,0,0,0,0,0,0,0,0,0.031,-0.082,0.078,0,0,0,0,,,,,,,,,0,0,0,0,,,,,,,,,,,,,,,,,,,,,,,,,,,,,,,,,,,,,,,,,,,,,,,,,,,,,,,,,,,,,,,,,,,,,,,,,,,,,,,,,,,,,,0
404,-0.082,-0.093,-0.215,-0.161,-0.1,-0.384,0.008,0.008,-0.087,-0.158,-0.007,-0.007,-0.122,0.011,-0.013,0.114,0.008,0.009,-0.001,0,0.01,-0.176,-0.084,,,,,,,,,,-0.007,-0.006,,,,,,-0.164,0.415,0.006,0.343,0,0.001,0.005,-0.072,-0.019,0.102,0.001,0.017,0.126,0.013,0.217,0.084,0,0.006,,,,,,,,,,,,,,,,,,,,,,,,,,,,,,,,,,,,,,,,,,,,,,,,,,,,,,,,,,,,,,,,,,,,,,,,,,,,,,,,,,,,,,,,,,,,,,,,,,,,,,,,,,,,,,,,,,,,,,,,,,,,,,,,,,,,,,,,,,,,,,,,,,,,,,,,,,,,,,,,,,,,,,,,,,,,,,,,,,,,,,,,,,,,,,,,,,,,,,,,,,,,,,,,,,,,,,,,,,,,,,,,,,,,,,,,,,,,,,,,,,,,,,,,,,,,,,,,,,,,,,,,,,,,,,,,,,,,,,,,,,,,,,,,,,,,,,,,,,,,,,,,,,,,,,,,,,,,,,,,,,,,,,,,,,,,,,,,,,,,,,,,,,,,,,,,,,,,,,,,,,,,,,,,,,,,,,,,,,,,,,,,,,,,,,,,,,,,,,,,,,,,,,,,,,,,,,,,,,,,,,,,,,,,,,,,,,,,,,,,,,,,,,,,,,,,,,,,,,,,,,,,,,,,,,,,,,,,,,,,,,,,,,,,,,,,,,,,,,,,,,,,,,,,,,,,,,,,,,,,,,,,,,,,,,,,,,,,,,,,,,,,,,,,,,,,,,,,,,,,,,,,,,,,,,,,,,,,,,,,,,,,,,,,,,,,,,,,,,,,,,,,,,,,,,,,,,,,,,,,,,,,,,,,,,,,,,,,,,,,,,,,,,,,,,,,,,,,,,,,,,,,,,,0.182,0.185,-0.21,0.07,-0.004,-0.01,-0.05,-0.079,-0.168,-0.157,0.146,0.165,0.254,0.238,-0.05,-0.115,0.07,-0.079,0.037,-0.06,-0.099,-0.07,-0.21,-0.05,0.165,-0.115,0.146,-0.05,0.104,0.104,0.185,-0.01,0.109,-0.004,0.053,-0.01,0.182,-0.004,-0.157,0.238,-0.168,0.254,0.017,-0.48,0.017,-0.48,-0.023,-0.02,-0.075,0,0,0,0,-0.015,-0.015,0.001,-0.002,0.079,-0.02,0.004,0.001,-0.001,0.079,-0.002,0.004,0.077,-0.001,0.001,0.07,-0.054,-0.078,0.004,0.015,0,0,-0.022,-0.09,0,0,-0.002,-0.089,0.001,-0.075,0.001,-0.075,0,0,-0.004,0.037,-0.006,0.037,-0.002,0.082,0,0,0.136,0.007,0,0,0,0,0,0,-0.201,-0.067,-0.156,-0.021,0.011,-0.009,0.031,0.013,0.013,0.013,0.011,0.012,-0.01,0.001,0.013,0.001,0.013,-0.024,,,,,,-0.119,-0.09,-0.144,-0.119,-0.119,-0.014,0,0,0,0,0,0,0,0,0,0.036,-0.082,0.093,0,0,0,0,,,,,,,,,0,0,0,0,,,,,,,,,,,,,,,,,,,,,,,,,,,,,,,,,,,,,,,,,,,,,,,,,,,,,,,,,,,,,,,,,,,,,,,,,,,,,,,,,,,,,,0
405,-0.082,-0.093,-0.215,-0.161,-0.1,-0.384,0.008,0.008,-0.087,-0.158,-0.007,-0.007,-0.122,0.011,-0.013,0.114,0.008,0.009,-0.001,0,0.01,-0.176,-0.084,,,,,,,,,,-0.007,-0.006,,,,,,-0.164,0.415,0.006,0.343,0,0.001,0.005,-0.072,-0.019,0.102,0.001,0.017,0.126,0.013,0.217,0.084,0,0.006,,,,,,,,,,,,,,,,,,,,,,,,,,,,,,,,,,,,,,,,,,,,,,,,,,,,,,,,,,,,,,,,,,,,,,,,,,,,,,,,,,,,,,,,,,,,,,,,,,,,,,,,,,,,,,,,,,,,,,,,,,,,,,,,,,,,,,,,,,,,,,,,,,,,,,,,,,,,,,,,,,,,,,,,,,,,,,,,,,,,,,,,,,,,,,,,,,,,,,,,,,,,,,,,,,,,,,,,,,,,,,,,,,,,,,,,,,,,,,,,,,,,,,,,,,,,,,,,,,,,,,,,,,,,,,,,,,,,,,,,,,,,,,,,,,,,,,,,,,,,,,,,,,,,,,,,,,,,,,,,,,,,,,,,,,,,,,,,,,,,,,,,,,,,,,,,,,,,,,,,,,,,,,,,,,,,,,,,,,,,,,,,,,,,,,,,,,,,,,,,,,,,,,,,,,,,,,,,,,,,,,,,,,,,,,,,,,,,,,,,,,,,,,,,,,,,,,,,,,,,,,,,,,,,,,,,,,,,,,,,,,,,,,,,,,,,,,,,,,,,,,,,,,,,,,,,,,,,,,,,,,,,,,,,,,,,,,,,,,,,,,,,,,,,,,,,,,,,,,,,,,,,,,,,,,,,,,,,,,,,,,,,,,,,,,,,,,,,,,,,,,,,,,,,,,,,,,,,,,,,,,,,,,,,,,,,,,,,,,,,,,,,,,,,,,,,,,,,,,,,,,,,,,,0.182,0.185,-0.21,0.07,-0.004,-0.01,-0.05,-0.079,-0.168,-0.157,0.146,0.165,0.254,0.238,-0.05,-0.115,0.07,-0.079,0.037,-0.06,-0.099,-0.07,-0.21,-0.05,0.165,-0.115,0.146,-0.05,0.104,0.104,0.185,-0.01,0.109,-0.004,0.053,-0.01,0.182,-0.004,-0.157,0.238,-0.168,0.254,0.017,-0.48,0.017,-0.48,-0.023,-0.02,-0.075,0,0,0,0,-0.015,-0.015,0.001,-0.002,0.079,-0.02,0.004,0.001,-0.001,0.079,-0.002,0.004,0.077,-0.001,0.001,0.07,-0.054,-0.078,0.004,0.015,0,0,-0.022,-0.09,0,0,-0.002,-0.089,0.001,-0.075,0.001,-0.075,0,0,-0.004,0.037,-0.006,0.037,-0.002,0.082,0,0,0.136,0.007,0,0,0,0,0,0,-0.201,-0.067,-0.156,-0.021,0.011,-0.009,0.031,0.013,0.013,0.013,0.011,0.012,-0.01,0.001,0.013,0.001,0.013,-0.024,,,,,,-0.119,-0.09,-0.144,-0.119,-0.119,-0.014,0,0,0,0,0,0,0,0,0,0.036,-0.082,0.093,0,0,0,0,,,,,,,,,0,0,0,0,,,,,,,,,,,,,,,,,,,,,,,,,,,,,,,,,,,,,,,,,,,,,,,,,,,,,,,,,,,,,,,,,,,,,,,,,,,,,,,,,,,,,,0
406,,,,,,,,,,,,,,,,,,,,,,,,,,,,,,,,,,,,,,,,,,,,,,,,,,,,,,,,,,,,,,,,,,,,,,,,,,,,,,,,,,0.096,0.155,0.081,0.192,0.002,0,-0.006,-0.041,0.238,0.056,-0.051,-0.051,-0.116,0.016,,,,,,,,,,0.012,-0.188,-0.052,0.132,0.003,0,0.013,-0.041,0.126,,,0.032,0.223,-0.01,-0.074,0.016,,,,-0.197,0,0,,,,,,,,,,,,,,,,,,,,,,,,,,,,,-0.075,-0.036,-0.042,0.021,-0.148,-0.162,0.057,-0.032,-0.285,0.002,-0.167,0.072,-0.07,0.106,,,,,,,,,,,,,,,,,,,,,,,,,,,,,,,,,,,,,,,,,,,,,,,,,,,,,,,,,,,,,,,,,,,,,,,,,,,,,,,,,,,,,,,,,,,,,,,,,,,,,,,,,,,,,,,,,,,,,,,,,,,,,,,,,,,,,,,,,,,,,,,,,,,,,,,,,,,,,,,,,,,,,,,,,,,,,,,,,,,,,,,,,,,,,,,,,,,,,,,,,,,,,,,,,,,,,,,,,,,,,,,,,,,,,,,,,,,,,,,,,,,,,,,,,,,,,,,,,,,,,,,,,,,,,,,,,,,,,,,,,,,,,,,,,,,,,,,,,,,,,,,,,,,,,,,,,,,,,,,,,,,,,,,,,,,,,,,,,,,,,,,,,,,,,,,,,,,,,,,,,,,,,,,,,,,,,,,,,,,,,,,,,,,,,,,,,,,,,,,,,,,,,,,,,,,,,,,,,,,,,,,,,,,,,,,,,,,,,,,,,,,,,,,,,,,,,,,,,,,,,,,,,,,,,,,,,,,,,,,,,,,,,,,,,,,,,,,,,,,,,,,,,,,,,,,,,,,,,,,,,,,,,,,,,,,,,,,,,,,,,,,,,,,,,,,,,,,,0.385,-0.082,-0.037,0.131,0.076,0.042,-0.082,-0.053,-0.025,-0.017,-0.139,-0.147,-0.143,0.08,-0.017,0.218,0.131,-0.053,-0.186,-0.091,-0.062,-0.044,-0.037,-0.082,-0.147,0.218,-0.139,-0.017,0.057,0.057,-0.082,0.042,0.166,0.077,-0.039,0.042,0.385,0.076,-0.017,0.08,-0.025,-0.143,-0.04,0.52,-0.04,0.52,0.005,0.007,0.027,0,0,0,0,0.011,0.011,-0.005,0,0.079,-0.099,-0.006,-0.005,0.039,0.079,-0.011,-0.006,-0.074,0.039,-0.005,0.07,0.064,0.104,-0.006,0.055,0,0,0.014,-0.093,0,0,0.005,-0.105,0.009,-0.106,0.009,-0.106,0,0,0.013,-0.082,0.012,-0.082,-0.011,-0.069,0,0,-0.125,-0.011,0,0,0,0,0,0,0.146,0.237,0.081,-0.1,0.012,0.005,-0.021,0.013,-0.011,0.013,-0.015,0.013,-0.004,-0.023,0.013,-0.009,0.013,-0.03,,,,,,-0.21,-0.202,-0.169,-0.21,-0.21,0.026,0,0,0,0,0,0,0,0,0,0.087,-0.082,0.22,0,0,0,0,,,,,,,,,0,0,0,0,,,,,,,,,,,,,,,,,,,,,,,,,,,,,,,,,,,,,,,,,,,,,,,,,,,,,,,,,,,,,,,,,,,,,,,,,,,,,,,,,,,,,,0
407,,,,,,,,,,,,,,,,,,,,,,,,,,,,,,,,,,,,,,,,,,,,,,,,,,,,,,,,,,,,,,,,,,,,,,,,,,,,,,,,,,-0.051,-0.061,-0.057,-0.153,-0.053,0,0.002,-0.01,-0.098,-0.259,0.1,0.1,0.135,-0.243,,,,,,,,,,-0.088,0.509,-0.052,0.066,0.005,0,-0.087,0.623,-0.063,-0.138,-0.019,,,-0.01,0.217,0.043,,,,-0.197,0,0,,,,,,,,,,,,,,,,,,,,,,,,,,,,,0.056,0.025,0.048,0.067,0.124,0.093,0.044,0.018,0.092,0.009,0.188,0.023,0.083,-0.217,,,,,,,,,,,,,,,,,,,,,,,,,,,,,,,,,,,,,,,,,,,,,,,,,,,,,,,,,,,,,,,,,,,,,,,,,,,,,,,,,,,,,,,,,,,,,,,,,,,,,,,,,,,,,,,,,,,,,,,,,,,,,,,,,,,,,,,,,,,,,,,,,,,,,,,,,,,,,,,,,,,,,,,,,,,,,,,,,,,,,,,,,,,,,,,,,,,,,,,,,,,,,,,,,,,,,,,,,,,,,,,,,,,,,,,,,,,,,,,,,,,,,,,,,,,,,,,,,,,,,,,,,,,,,,,,,,,,,,,,,,,,,,,,,,,,,,,,,,,,,,,,,,,,,,,,,,,,,,,,,,,,,,,,,,,,,,,,,,,,,,,,,,,,,,,,,,,,,,,,,,,,,,,,,,,,,,,,,,,,,,,,,,,,,,,,,,,,,,,,,,,,,,,,,,,,,,,,,,,,,,,,,,,,,,,,,,,,,,,,,,,,,,,,,,,,,,,,,,,,,,,,,,,,,,,,,,,,,,,,,,,,,,,,,,,,,,,,,,,,,,,,,,,,,,,,,,,,,,,,,,,,,,,,,,,,,,,,,,,,,,,,,,,,,,,,,,,,-0.171,-0.102,0.12,0.056,0.035,0.018,0.315,0.298,0.075,0.104,0.066,0.069,0.033,-0.2,0.083,-0.115,0.056,0.298,0.231,0.31,-0.107,0.307,0.12,0.315,0.069,-0.115,0.066,0.083,0.037,0.037,-0.102,0.018,0.008,0.035,-0.046,0.018,-0.171,0.035,0.104,-0.2,0.075,0.033,0.417,0.52,0.417,0.52,0.043,0.034,0.125,-0.001,0,0,0,-0.005,-0.005,-0.004,-0.001,-0.029,-0.151,0,-0.004,-0.041,-0.029,0.003,0,0.118,-0.041,,,,,,,,,,,,,,,,,,,,,,,,,,,,,,,,,0,0,0,0,0.111,0.024,0.121,0.015,0.012,0.022,0.071,0.013,0.029,0.013,0.005,0.015,0.029,0.021,0.013,0.009,0.013,-0.001,,,,,,0.108,0.075,-0.296,0.108,0.108,0.01,0,0,0,0,0,0,0,0,0,0.004,0.03,0.011,0,0,0,0.022,,,,,,,,,0,0,0,0,,,,,,,,,,,,,,,,,,,,,,,,,,,,,,,,,,,,,,,,,,,,,,,,,,,,,,,,,,,,,,,,,,,,,,,,,,,,,,,,,,,,,,0
409,-0.068,-0.108,0.003,-0.016,0.118,0.025,0.015,0.128,0.046,0.136,-0.047,-0.047,-0.148,-0.022,-0.113,0.358,-0.092,0.081,0.006,0,-0.09,0.128,0.022,,,,,,,,,,0.015,0.004,,,-0.336,0.144,-0.018,,,,-0.157,0,0.001,-0.044,-0.059,-0.007,-0.001,-0.001,-0.015,-0.007,-0.009,0.031,-0.004,0,0.007,,,,,,,,,,,,,,,,,,,,,,,,,,,,,,,,,,,,,,,,,,,,,,,,,,,,,,,,,,,,,,,,,,,,,,,,,,,,,,,,,,,,,,,,,,,,,,,,,,,,,,,,,,,,,,,,,,,,,,,,,,,,,,,,,,,,,,,,,,,,,,,,,,,,,,,,,,,,,,,,,,,,,,,,,,,,,,,,,,,,,,,,,,,,,,,,,,,,,,,,,,,,,,,,,,,,,,,,,,,,,,,,,,,,,,,,,,,,,,,,,,,,,,,,,,,,,,,,,,,,,,,,,,,,,,,,,,,,,,,,,,,,,,,,,,,,,,,,,,,,,,,,,,,,,,,,,,,,,,,,,,,,,,,,,,,,,,,,,,,,,,,,,,,,,,,,,,,,,,,,,,,,,,,,,,,,,,,,,,,,,,,,,,,,,,,,,,,,,,,,,,,,,,,,,,,,,,,,,,,,,,,,,,,,,,,,,,,,,,,,,,,,,,,,,,,,,,,,,,,,,,,,,,,,,,,,,,,,,,,,,,,,,,,,,,,,,,,,,,,,,,,,,,,,,,,,,,,,,,,,,,,,,,,,,,,,,,,,,,,,,,,,,,,,,,,,,,,,,,,,,,,,,,,,,,,,,,,,,,,,,,,,,,,,,,,,,,,,,,,,,,,,,,,,,,,,,,,,,,,,,,,,,,,,,,,,,,,,,,,,,,,,,,,,,,,,,,,,,,,,,,,,,,,0.03,-0.047,-0.231,-0.18,0.056,0.061,-0.132,-0.092,0.01,0.016,-0.193,-0.16,-0.002,-0.088,0.283,-0.115,-0.18,-0.092,-0.374,-0.13,0.146,-0.096,-0.231,-0.132,-0.16,-0.115,-0.193,0.283,-0.702,-0.702,-0.047,0.061,0.065,0.056,-0.027,0.061,0.03,0.056,0.016,-0.088,0.01,-0.002,-0.24,0.52,-0.24,0.52,0.02,0.019,0.098,-0.001,0,0,0,-0.006,-0.006,0,-0.001,-0.029,-0.125,0.015,0,-0.121,-0.029,0.002,0.015,0.059,-0.121,,,,,,,,,,,,,,,,,,,,,,,,,,,,,,,,,0,0,0,0,-0.433,-0.15,0.107,0.241,0.011,-0.041,0.011,0.013,0.005,0.013,0.044,0.014,0.027,0.024,0.013,0.011,0.013,-0.014,-0.001,0,0.028,0,,-0.074,-0.078,0.054,-0.074,-0.074,0.059,0,0,0,0,0,0,0,0,,,,,,,,,0.108,-0.146,0.108,-0.146,0,0,0,0,0,0,0,0,,,,,,,,,,,,,,,,,,,,,,,,,,,,,,,,,,,,,,,,,,,,,,,,,,,,,,,,,,,,,,,,,,,,,,,,,,,,,,,,,,,,,,0
410,0.121,0.145,-0.015,-0.016,0.031,0.07,-0.022,-0.112,0.107,0.061,-0.063,-0.063,0.098,-0.049,-0.013,-0.137,-0.092,0.388,-0.001,0,0.01,-0.207,0.075,,,,,,,,,,-0.127,0.024,,,,,,-0.164,0.311,-0.016,-0.157,0,0.001,,,,,,,,,,,,,,,,,,,,,,,,,0.05,-0.039,-0.012,-0.014,-0.012,-0.016,-0.035,-0.058,0.153,-0.004,-0.105,0.155,,,,,,,,,,,,,,,,,,,,,,,,,,,,,,,,,,,,,,,,,,,,,,,,,,,,,,,,,,,,,,,,,,,,,,,,,,,,,,,,,,,,,,,,,,,,,,,,,,,,,,,,,,,,,,,,,,,,,,,,,,,,,,,,,,,,,,,,,,,,,,,,,,,,,,,,,,,,,,,,,,,,,,,,,,,,,,,,,,,,,,,,,,,,,,,,,,,,,,,,,,,,,,,,,,,,,,,,,,,,,,,,,,,,,,,,,,,,,,,,,,,,,,,,,,,,,,,,,,,,,,,,,,,,,,,,,,,,,,,,,,,,,,,,,,,,,,,,,,,,,,,,,,,,,,,,,,,,,,,,,,,,,,,,,,,,,,,,,,,,,,,,,,,,,,,,,,,,,,,,,,,,,,,,,,,,,,,,,,,,,,,,,,,,,,,,,,,,,,,,,,,,,,,,,,,,,,,,,,,,,,,,,,,,,,,,,,,,,,,,,,,,,,,,,,,,,,,,,,,,,,,,,,,,,,,,,,,,,,,,,,,,,,,,,,,,,,,,,,,,,,,,,,,,,,,,,,,,,,,,,,,,,,,,,,,,,,,,,,,,,,,,,,,,,,,,,,,,,,,,,,,,,,,,,,,,,,,,,,,,,,,,,,,,,,,,,,,,,,,,,,,,,,,,,,,,,,,,,,,,,,,,,,,,,,,,,,,,,,,,,,,,,,,,,,,,,,,,,,,,,,,,,,,,,,,,,,,,,,,,,,,,,,,,,,,,,,,,,,,,,,,,,,,,,,,,,,,,,,,,,,,,,,,,,,,,,,,,,,,,,,,,,,,,,,,,,,,,,,,,,,,,,,,,,,,,,,,,,,,,,,,,,,,,,,,,,,,,,,,,,,,,,,0,0,0,0,0.316,0.098,0.201,0.075,0,0,0,0,0,0,-0.001,0,0.075,-0.003,-0.116,-0.087,0.113,0.484,-0.062,0.246,0.075,0.088,,,,,,,,,0,0,0,0,0.007,-0.068,0.083,-0.003,0.006,0,0,0,0,0.043,0.001,0.049,-0.074,-0.092,-0.101,0.049,0,0,0,0,0.48,-0.065,0.022,0,0,0,,,,,,,,-0.131,0.129,0,0,0,0,0.25,0,0,0,0,0
412,,,,,,,,,,,,,,,,,,,,,,,,,,,,,,,,,,,,,,,,,,,,,,,,,,,,,,,,,,,,,,,,,,,,,,,,,,,,,,,,,,-0.069,-0.104,0.067,0.157,-0.053,-0.077,0.014,0.115,0.006,0.061,-0.331,-0.331,-0.11,-0.239,,,,,,,,,,0.012,0.537,0.148,-0.348,0,0,0.013,0.005,0.041,0.141,-0.006,,,-0.01,-0.085,0.009,,,,-0.197,0,0,,,,,,,,,,,,,,,-0.041,0.113,-0.03,-0.033,-0.048,-0.048,0.005,0.008,0.006,-0.02,0.134,0.028,-0.017,0,,,,,,,,,,,,,,,,,,,,,,,,,,,,,,,,,,,,,,,,,,,,,,,,,,,,,,,,,,,,,,,,,,,,,,,,,,,,,,,,,,,,,,,,,,,,,,,,,,,,,,,,,,,,,,,,,,,,,,,,,,,,,,,,,,,,,,,,,,,,,,,,,,,,,,,,,,,,,,,,,,,,,,,,,,,,,,,,,,,,,,,,,,,,,,,,,,,,,,,,,,,,,,,,,,,,,,,,,,,,,,,,,,,,,,,,,,,,,,,,,,,,,,,,,,,,,,,,,,,,,,,,,,,,,,,,,,,,,,,,,,,,,,,,,,,,,,,,,,,,,,,,,,,,,,,,,,,,,,,,,,,,,,,,,,,,,,,,,,,,,,,,,,,,,,,,,,,,,,,,,,,,,,,,,,,,,,,,,,,,,,,,,,,,,,,,,,,,,,,,,,,,,,,,,,,,,,,,,,,,,,,,,,,,,,,,,,,,,,,,,,,,,,,,,,,,,,,,,,,,,,,,,,,,,,,,,,,,,,,,,,,,,,,,,,,,,,,,,,,,,,,,,,,,,,,,,,,,,,,,,,,,,,,,,,,,,,,,,,,,,,,,,,,,,,,,,,,,,,,,,,,,,,,,,,,,,,,,,,,,,,,,,,,,,,,,,,,,,,,,,,,,,,,,,,,,,,,,,,,,,,,,,,,,,,,,,,,,,,,,,,,,,,,,,,,,,,,,,,,,,,,,,,,,,,,,,,,,,,,,,,,,,,,,,,,,,,,,,,,,,,,,,,,,,,,,,,,,,,,,,,,,,,,,,,,,,0,0,0,0,-0.016,0.221,0.032,0.162,0,0,0,0,0,0,0,0,-0.011,0.19,-0.101,-0.099,-0.046,-0.179,0.168,0.244,0.081,-0.207,,,,,,,,,0,0,0,0,-0.361,-0.055,-0.142,-0.032,0.04,0,0,0,0,-0.077,0,-0.088,-0.049,0.071,-0.161,-0.088,0,0,0,0,-0.52,-0.027,0.003,0,0,0,-0.001,-0.042,0,0,0,0,0.251,,,,,,,,0,0,0,0,0
416,0.082,0.041,-0.197,-0.179,0.118,0.161,-0.022,-0.072,0.153,0.109,-0.252,-0.252,0.047,0.236,-0.013,-0.017,0.008,-0.271,0.004,0,0.01,-0.09,0.067,,,,,,,,,,,,-0.079,0.279,0.164,-0.305,-0.117,,,,0.343,0,0.001,,,,,,,,,,,,,0.023,-0.013,0.045,-0.001,0.018,0.019,-0.008,-0.017,0.045,-0.002,0,0.001,,,,,,,,,,,,,,,,,,,,,,,,,,,,,,,,,,,,,,,,,,,,,,,,,,,,,,,,,,,,,,,,,,,,,,,,,,,,,,,,,,,,,,,,,,,,,,,,,,,,,,,,,,,,,,,,,,,,,,,,,,,,,,,,,,,,,,,,,,,,,,,,,,,,,,,,,,,,,,,,,,,,,,,,,,,,,,,,,,,,,,,,,,,,,,,,,,,,,,,,,,,,,,,,,,,,,,,,,,,,,,,,,,,,,,,,,,,,,,,,,,,,,,,,,,,,,,,,,,,,,,,,,,,,,,,,,,,,,,,,,,,,,,,,,,,,,,,,,,,,,,,,,,,,,,,,,,,,,,,,,,,,,,,,,,,,,,,,,,,,,,,,,,,,,,,,,,,,,,,,,,,,,,,,,,,,,,,,,,,,,,,,,,,,,,,,,,,,,,,,,,,,,,,,,,,,,,,,,,,,,,,,,,,,,,,,,,,,,,,,,,,,,,,,,,,,,,,,,,,,,,,,,,,,,,,,,,,,,,,,,,,,,,,,,,,,,,,,,,,,,,,,,,,,,,,,,,,,,,,,,,,,,,,,,,,,,,,,,,,,,,,,,,,,,,,,,,,,,,,,,,,,,,,,,,,,,,,,,,,,,,,,,,,,,,,,,,,,,,,,,,,,,,,,,,,,,,,,,,,,,,,,,,,,,,,,,,,,,,,,,,,,,,,,,,,,,,,0.315,-0.03,-0.151,-0.097,-0.047,-0.045,-0.044,-0.033,-0.064,-0.081,-0.086,-0.038,0.101,-0.156,-0.017,-0.115,-0.097,-0.033,0.071,-0.053,0.063,-0.031,-0.151,-0.044,-0.038,-0.115,-0.086,-0.017,0.063,0.063,-0.03,-0.045,0.146,-0.048,-0.022,-0.045,0.315,-0.047,-0.081,-0.156,-0.064,0.101,0.017,-0.48,0.017,-0.48,-0.019,-0.013,-0.031,0,0,0,0,0.006,0.006,0,-0.002,-0.083,0.007,-0.005,0,0.119,-0.083,-0.008,-0.005,0.04,0.119,0,-0.092,0.041,0.225,-0.005,0.135,0,0,0.034,0.071,0,0,0.006,0.088,0.01,0.068,0.01,0.068,0,0,-0.009,0.063,-0.01,0.063,-0.008,0.046,0,0,-0.24,0.03,0,0,0,0,0,0,0.202,0.182,-0.033,-0.165,0.013,-0.012,0,0.013,0.001,0.013,0.025,0.016,0.038,-0.046,0.013,-0.021,0.013,-0.014,,,,,,-0.119,-0.097,-0.055,-0.119,-0.119,-0.055,0,0,0,0,0,0,0,0,,,,,,,,,-0.092,-0.098,-0.092,-0.098,0,0,0,0,0,0,0,0,,,,,,,,,,,,,,,,,,,,,,,,,,,,,,,,,,,,,,,,,,,,,,,,,,,,,,,,,,,,,,,,,,,,,,,,,,,,,,,,,,,,,,0
421,0.108,0.123,-0.179,-0.179,-0.187,-0.339,-0.03,-0.152,-0.087,-0.121,-0.105,-0.105,0.026,-0.143,-0.013,0.024,0.008,-0.042,-0.006,0,0.01,-0.216,-0.077,,,,,,,,,,,,-0.152,-0.085,-0.336,0.563,-0.136,,,,-0.157,0,0.001,,,,,,,,,,,,,0.01,-0.061,0.043,0.001,0.018,0.024,0.034,-0.007,0.134,0.003,0,-0.001,,,,,,,,,,,,,,,,,,,,,,,,,,,,,,,,,,,,,,,,,,,,,,,,,,,,,,,,,,,,,,,,,,,,,,,,,,,,,,,,,,,,,,,,,,,,,,,,,,,,,,,,,,,,,,,,,,,,,,,,,,,,,,,,,,,,,,,,,,,,,,,,,,,,,,,,,,,,,,,,,,,,,,,,,,,,,,,,,,,,,,,,,,,,,,,,,,,,,,,,,,,,,,,,,,,,,,,,,,,,,,,,,,,,,,,,,,,,,,,,,,,,,,,,,,,,,,,,,,,,,,,,,,,,,,,,,,,,,,,,,,,,,,,,,,,,,,,,,,,,,,,,,,,,,,,,,,,,,,,,,,,,,,,,,,,,,,,,,,,,,,,,,,,,,,,,,,,,,,,,,,,,,,,,,,,,,,,,,,,,,,,,,,,,,,,,,,,,,,,,,,,,,,,,,,,,,,,,,,,,,,,,,,,,,,,,,,,,,,,,,,,,,,,,,,,,,,,,,,,,,,,,,,,,,,,,,,,,,,,,,,,,,,,,,,,,,,,,,,,,,,,,,,,,,,,,,,,,,,,,,,,,,,,,,,,,,,,,,,,,,,,,,,,,,,,,,,,,,,,,,,,,,,,,,,,,,,,,,,,,,,,,,,,,,,,,,,,,,,,,,,,,,,,,,,,,,,,,,,,,,,,,,,,,,,,,,,,,,,,,,,,,,,,,,,,,,,,-0.216,0.185,-0.21,0.177,0.132,0.125,-0.044,-0.066,-0.116,-0.106,0.166,0.127,0.172,0.013,-0.017,0.218,0.177,-0.066,0.037,-0.053,-0.034,-0.057,-0.21,-0.044,0.127,0.218,0.166,-0.017,0.104,0.104,0.185,0.125,-0.005,0.133,0.053,0.125,-0.216,0.132,-0.106,0.013,-0.116,0.172,0.017,-0.48,0.017,-0.48,-0.009,-0.009,-0.047,-0.001,0,0,0,-0.004,-0.004,0.009,0.003,0.079,0.033,-0.007,0.009,-0.041,0.079,-0.013,-0.007,0.16,-0.041,0.009,0.07,-0.252,-0.078,-0.006,-0.025,0,0,0.081,0.016,0,0,0.015,-0.014,-0.002,-0.016,-0.003,-0.016,0,0,-0.013,0.146,-0.014,0.146,-0.013,0.165,0,0,-0.007,-0.009,0,0,0,0,0,0,-0.021,0.169,-0.126,-0.1,0.013,-0.009,0.054,0.013,0.019,0.013,0.031,0.012,0.007,-0.015,0.013,-0.007,0.013,-0.036,,,,,,-0.074,-0.075,-0.38,-0.074,-0.074,-0.095,0,0,0,0,0,0,0,0,0,-0.047,0.141,-0.121,0,0,0,0,,,,,,,,,0,0,0,0,,,,,,,,,,,,,,,,,,,,,,,,,,,,,,,,,,,,,,,,,,,,,,,,,,,,,,,,,,,,,,,,,,,,,,,,,,,,,,,,,,,,,,0
424,,,,,,,,,,,,,,,,,,,,,,,,,,,,,,,,,,,,,,,,,,,,,,,,,,,,,,,,,,,,,,,,,,,,,,,,,,,,,,,,,,,,,,,,,,,,,,,,,,,,,,,,,,,,,,,,,,,,,,,,,,,,,,,,,,,,,,,,,,,,,,,,,,,,,,,,,,,,,,,,,,,,,,,,,,,,,,,,,,,,,,,,,,,,,,,,,,,,,,,,,,,,,,,,,,,,,,,,,,,,,,,,,,,,,,,,,,,,,,,,,,,,,,,,,,,,,,,,,,,,,,,,,,,,,,,,,,,,,,,,,,,,,,,,,,,,,,,,,,,,,,,,,,,,,,,,,,,,,,,,,,,,,,,,,,,,,,,,,,,,,,,,,,,,,,,,,,,,,,,,,,,,,,,,,,,,,,,,,,,,,,,,,,,,,,,,,,,,,,0.08,0.088,0.104,0.072,0,0.008,0.029,0.055,-0.183,-0.182,-0.273,0.006,-0.07,0,0,0.009,-0.003,-0.092,0.005,0.005,0.042,0.006,0.02,0.002,-0.129,-0.061,,,,,,,,,,,,,,,0.318,-0.101,-0.017,0.022,-0.026,-0.004,-0.125,-0.104,,,,,,,,,-0.279,0.086,0.163,0.181,0.154,-0.065,-0.102,-0.285,-0.245,0.28,0.084,-0.106,,,,,,,,,,,,,,,,,,,,,,,,,,,,,,,,,,,,,,,,,,,,,,,,,,,,,,,,,,,,,,,,,,,,,,,,,,,,,,,,,,,,,,,,,,,,,,,,,,,,,,,,,,,,,,,,,,,,,,,,,,,,,,,,,,,,,,,,,,,,,,,,,,,,,,,,,,,,,,,,,,,,,,,,,,,,,,,,,,,,,,,,,,,,,,,,,,,,,,,,,,,,,,,,,,,,,,,,,,,,,,,,,,,,,,,0.053,0.098,0.02,0.166,-0.03,0.028,0.063,0.06,-0.035,-0.04,0.009,-0.02,0.06,-0.038,,,,,,,,,,,,,,,0.049,-0.139,-0.039,0.121,-0.057,-0.042,-0.05,0.006,-0.012,-0.005,0.014,0.135,0.184,-0.156,-0.017,0.218,0.121,0.006,-0.192,-0.034,0.258,-0.011,-0.039,-0.05,0.135,0.218,0.014,-0.017,0.063,0.063,-0.139,-0.042,-0.119,-0.059,-0.059,-0.042,0.049,-0.057,-0.005,-0.156,-0.012,0.184,0.017,-0.48,0.017,-0.48,0.001,0.003,0.039,0,0,0,0,0.004,0.004,0.008,0,-0.029,-0.072,0,0.008,0.099,-0.029,-0.018,0,-0.102,0.099,0.008,-0.038,0.145,0.043,0,0.115,0,0,-0.037,0.079,0,0,0.003,0.147,-0.004,0.102,-0.004,0.102,0,0,0.008,-0.077,0.006,-0.077,-0.018,-0.097,0,0,-0.017,0.006,0,0,0,0,0,0,0.111,0.085,-0.078,-0.122,0.012,0.005,-0.015,0.013,-0.007,0.013,-0.002,0.013,-0.019,-0.069,0.013,-0.031,0.013,0.044,,,,,,0.153,0.113,-0.183,0.153,0.153,0.116,0,0,0,0,0,0,0,0,0,-0.029,0.141,-0.074,0,0,0,0,,,,,,,,,0,0,0,0,,,,,,,,,,,,,,,,,,,,,,,,,,,,,,,,,,,,,,,,,,,,,,,,,,,,,,,,,,,,,,,,,,,,,,,,,,,,,,,,,,,,,,0
425,,,,,,,,,,,,,,,,,,,,,,,,,,,,,,,,,,,,,,,,,,,,,,,,,,,,,,,,,,,,,,,,,,,,,,,,,,,,,,,,,,,,,,,,,,,,,,,,,,,,,,,,,,,,,,,,,,,,,,,,,,,,,,,,,,,,,,,,,,,,,,,,,,,,,,,,,,,,,,,,,,,,,,,,,,,,,,,,,,,,,,,,,,,,,,,,,,,,,,,,,,,,,,,,,,,,,,,,,,,,,,,,,,,,,,,,,,,,,,,,,,,,,,,,,,,,,,,,,,,,,,,,,,,,,,,,,,,,,,,,,,,,,,,,,,,,,,,,,,,,,,,,,,,,,,,,,,,,,,,,,,,,,0.039,-0.032,-0.032,-0.008,-0.08,0.019,-0.009,-0.09,0.057,-0.103,-0.093,-0.115,0.071,-0.027,,,,,,,,,,,,,,,,0.232,0.029,0.008,-0.007,0.047,-0.608,-0.581,0,0.37,0.006,-0.008,0.02,-0.016,-0.1,-0.016,,,,,,,,,,0.371,0.023,0.114,-0.102,0.242,0.144,-0.048,0.201,0.012,0.084,0.251,0.057,0.071,-0.09,0,0.119,0.03,0.121,0.084,-0.056,,,,,,,,,,,,,,,,,,,,,,,,,,,,,,,,,,,,,,,,,,,,,,,,,,,,,,,,,,,,,,,,,,,,,,,,,,,,,,,,,,,,,,,,,,,,,,,,,,,,,,,,,,,,,,,,,,,,,,,,,,,,,,,,,,,,,,,,,,,,,,,,,,,,,,,,,,,,,,,,,,,,,,,,,,,,,,,,,,,,,,,,,,,,,,,,,,,,,,,,,,,,,,,,,,,,,,,,,,,,,,,,,,,,,,,,,,,,,,,,,,,,,,,,,,,,,,,,,,,,,,,,,,,,,,,,,,,,,,,,,,,,,-0.077,0.165,-0.121,0.027,-0.031,0.09,-0.145,-0.062,-0.035,-0.011,-0.073,0.053,-0.066,-0.034,,,,,,,,,,,,,,,,,,,,,,,,,,,,,0.049,-0.03,0.184,-0.207,0.168,0.144,0.032,-0.111,-0.09,-0.056,0.034,0.135,0.125,0.181,-0.017,0.218,-0.207,-0.111,0.269,0.023,-0.263,-0.102,0.184,0.032,0.135,0.218,0.034,-0.017,0.063,0.063,-0.03,0.144,0.071,0.17,-0.022,0.144,0.049,0.168,-0.056,0.181,-0.09,0.125,0.017,-0.48,0.017,-0.48,-0.028,-0.017,-0.043,-0.001,0,0,0,-0.001,-0.001,0.007,-0.001,0.025,-0.151,0.006,0.007,0.159,0.025,0.006,0.006,0.164,0.159,0.007,0.016,0.148,0.134,0.006,0.175,0,0,-0.01,0.211,0,0,0,0.249,-0.006,0.22,-0.007,0.22,0,0,0.002,0.16,0.001,0.159,0.005,0.169,0,0,-0.274,-0.004,0,0,0,0,0,0,0.086,-0.041,0.088,0.036,0.012,-0.043,-0.032,0.013,-0.013,0.013,0.081,0.013,0.018,0.008,0.013,0.003,0.013,-0.036,,,,,,-0.074,-0.055,0.204,-0.074,-0.074,0.1,0,0,0,0,0,0,0,0,0,0.132,-0.082,0.335,0,0,0,0,,,,,,,,,0,0,0,0,,,,,,,,,,,,,,,,,,,,,,,,,,,,,,,,,,,,,,,,,,,,,,,,,,,,,,,,,,,,,,,,,,,,,,,,,,,,,,,,,,,,,,0
427,0.115,0.063,-0.215,-0.179,0.031,-0.112,-0.03,-0.112,-0.021,0.056,-0.044,-0.044,0.006,-0.179,,,,,,,,,,0.009,-0.054,0.049,-0.347,0.003,0,0.019,-0.153,0.221,0.015,0.019,,,,,,-0.164,-0.023,0.001,-0.157,0,0.001,0.018,-0.046,-0.011,0.039,0.001,0.005,-0.056,-0.001,-0.189,-0.046,0,-0.002,,,,,,,,,,,,,,,,,,,,,,,,,,,,,,,,,,,,,,,,,,,,,,,,,,,,,,,,,,,,,,,,,,,,,,,,,,,,,,,,,,,,,,,,,,,,,,,,,,,,,,,,,,,,,,,,,,,,,,,,,,,,,,,,,,,,,,,,,,,,,,,,,,,,,,,,,,,,,,,,,,,,,,,,,,,,,,,,,,,,,,,,,,,,,,,,,,,,,,,,,,,,,,,,,,,,,,,,,,,,,,,,,,,,,,,,,,,,,,,,,,,,,,,,,,,,,,,,,,,,,,,,,,,,,,,,,,,,,,,,,,,,,,,,,,,,,,,,,,,,,,,,,,,,,,,,,,,,,,,,,,,,,,,,,,,,,,,,,,,,,,,,,,,,,,,,,,,,,,,,,,,,,,,,,,,,,,,,,,,,,,,,,,,,,,,,,,,,,,,,,,,,,,,,,,,,,,,,,,,,,,,,,,,,,,,,,,,,,,,,,,,,,,,,,,,,,,,,,,,,,,,,,,,,,,,,,,,,,,,,,,,,,,,,,,,,,,,,,,,,,,,,,,,,,,,,,,,,,,,,,,,,,,,,,,,,,,,,,,,,,,,,,,,,,,,,,,,,,,,,,,,,,,,,,,,,,,,,,,,,,,,,,,,,,,,,,,,,,,,,,,,,,,,,,,,,,,,,,,,,,,,,,,,,,,,,,,,,,,,,,,,,,,,,,,,,,,,,,,,,,,,,,,,0.182,-0.03,-0.059,-0.118,-0.072,-0.063,-0.195,-0.15,0.066,0.07,0.194,0.25,-0.073,0.137,-0.083,0.218,-0.118,-0.15,-0.336,-0.187,0.116,-0.161,-0.059,-0.195,0.25,0.218,0.194,-0.083,0.082,0.082,-0.03,-0.063,0.109,-0.074,-0.022,-0.063,0.182,-0.072,0.07,0.137,0.066,-0.073,0.017,0.52,0.017,0.52,-0.004,0.003,0.031,0,0,0,0,0.005,0.005,-0.003,-0.002,0.052,-0.02,0.004,-0.003,0.099,0.052,-0.001,0.004,-0.129,0.099,,,,,,,,,,,,,,,,,,,,,,,,,,,,,,,,,0,0,0,0,0.018,-0.116,-0.133,-0.115,0.017,0.067,0.049,0.013,0.017,0.013,-0.002,0.015,0.061,0.024,0.013,0.009,0.013,-0.024,,,,,,-0.165,-0.162,0.038,-0.165,-0.165,0.262,0,0,0,0,0,0,0,0,,,,,,,,,-0.092,0.077,-0.092,0.077,0,0,0,0,0,0,0,0,,,,,,,,,,,,,,,,,,,,,,,,,,,,,,,,,,,,,,,,,,,,,,,,,,,,,,,,,,,,,,,,,,,,,,,,,,,,,,,,,,,,,,0
428,0.115,0.063,-0.215,-0.179,0.031,-0.112,-0.03,-0.112,-0.021,0.056,-0.044,-0.044,0.006,-0.179,,,,,,,,,,0.009,-0.054,0.049,-0.347,0.003,0,0.019,-0.153,0.221,0.015,0.019,,,,,,-0.164,-0.023,0.001,-0.157,0,0.001,0.018,-0.046,-0.011,0.039,0.001,0.005,-0.056,-0.001,-0.189,-0.046,0,-0.002,,,,,,,,,,,,,,,,,,,,,,,,,,,,,,,,,,,,,,,,,,,,,,,,,,,,,,,,,,,,,,,,,,,,,,,,,,,,,,,,,,,,,,,,,,,,,,,,,,,,,,,,,,,,,,,,,,,,,,,,,,,,,,,,,,,,,,,,,,,,,,,,,,,,,,,,,,,,,,,,,,,,,,,,,,,,,,,,,,,,,,,,,,,,,,,,,,,,,,,,,,,,,,,,,,,,,,,,,,,,,,,,,,,,,,,,,,,,,,,,,,,,,,,,,,,,,,,,,,,,,,,,,,,,,,,,,,,,,,,,,,,,,,,,,,,,,,,,,,,,,,,,,,,,,,,,,,,,,,,,,,,,,,,,,,,,,,,,,,,,,,,,,,,,,,,,,,,,,,,,,,,,,,,,,,,,,,,,,,,,,,,,,,,,,,,,,,,,,,,,,,,,,,,,,,,,,,,,,,,,,,,,,,,,,,,,,,,,,,,,,,,,,,,,,,,,,,,,,,,,,,,,,,,,,,,,,,,,,,,,,,,,,,,,,,,,,,,,,,,,,,,,,,,,,,,,,,,,,,,,,,,,,,,,,,,,,,,,,,,,,,,,,,,,,,,,,,,,,,,,,,,,,,,,,,,,,,,,,,,,,,,,,,,,,,,,,,,,,,,,,,,,,,,,,,,,,,,,,,,,,,,,,,,,,,,,,,,,,,,,,,,,,,,,,,,,,,,,,,,,,,,,,,,0.182,-0.03,-0.059,-0.118,-0.072,-0.063,-0.195,-0.15,0.066,0.07,0.194,0.25,-0.073,0.137,-0.083,0.218,-0.118,-0.15,-0.336,-0.187,0.116,-0.161,-0.059,-0.195,0.25,0.218,0.194,-0.083,0.082,0.082,-0.03,-0.063,0.109,-0.074,-0.022,-0.063,0.182,-0.072,0.07,0.137,0.066,-0.073,0.017,0.52,0.017,0.52,-0.004,0.003,0.031,0,0,0,0,0.005,0.005,-0.003,-0.002,0.052,-0.02,0.004,-0.003,0.099,0.052,-0.001,0.004,-0.129,0.099,,,,,,,,,,,,,,,,,,,,,,,,,,,,,,,,,0,0,0,0,0.018,-0.116,-0.133,-0.115,0.017,0.067,0.049,0.013,0.017,0.013,-0.002,0.015,0.061,0.024,0.013,0.009,0.013,-0.024,,,,,,-0.165,-0.162,0.038,-0.165,-0.165,0.262,0,0,0,0,0,0,0,0,,,,,,,,,-0.092,0.077,-0.092,0.077,0,0,0,0,0,0,0,0,,,,,,,,,,,,,,,,,,,,,,,,,,,,,,,,,,,,,,,,,,,,,,,,,,,,,,,,,,,,,,,,,,,,,,,,,,,,,,,,,,,,,,0
429,-0.18,-0.258,0.294,0.294,0.031,-0.203,0.052,0.328,0,-0.056,0.159,0.159,0.021,-0.028,-0.013,0.147,0.008,0.041,0.002,0,0.01,-0.16,-0.078,,,,,,,,,,-0.002,-0.012,,,,,,0.336,-0.502,-0.023,-0.157,0,0.001,,,,,,,,,,,,,,,,,,,,,,,,,0.045,0.01,0.007,-0.118,-0.112,-0.076,0.002,-0.091,0.022,0.025,-0.085,-0.002,,,,,,,,,,,,,,,,,,,,,,,,,,,,,,,,,,,,,,,,,,,,,,,,,,,,,,,,,,,,,,,,,,,,,,,,,,,,,,,,,,,,,,,,,,,,,,,,,,,,,,,,,,,,,,,,,,,,,,,,,,,,,,,,,,,,,,,,,,,,,,,,,,,,,,,,,,,,,,,,,,,,,,,,,,,,,,,,,,,,,,,,,,,,,,,,,,,,,,,,,,,,,,,,,,,,,,,,,,,,,,,,,,,,,,,,,,,,,,,,,,,,,,,,,,,,,,,,,,,,,,,,,,,,,,,,,,,,,,,,,,,,,,,,,,,,,,,,,,,,,,,,,,,,,,,,,,,,,,,,,,,,,,,,,,,,,,,,,,,,,,,,,,,,,,,,,,,,,,,,,,,,,,,,,,,,,,,,,,,,,,,,,,,,,,,,,,,,,,,,,,,,,,,,,,,,,,,,,,,,,,,,,,,,,,,,,,,,,,,,,,,,,,,,,,,,,,,,,,,,,,,,,,,,,,,,,,,,,,,,,,,,,,,,,,,,,,,,,,,,,,,,,,,,,,,,,,,,,,,,,,,,,,,,,,,,,,,,,,,,,,,,,,,,,,,,,,,,,,,,,,,,,,,,,,,,,,,,,,,,,,,,,,,,,,,,,,,,,,,,,,,,,,,,,,,,,,,,,,,,,,,,,,,,,,,,,,,,,,,,,,,-0.084,-0.139,0.121,-0.146,0.027,0.015,0,-0.001,-0.038,-0.081,-0.051,-0.081,0.125,-0.212,-0.05,-0.115,-0.146,-0.001,0.232,-0.009,-0.227,0.008,0.121,0,-0.081,-0.115,-0.051,-0.05,0.104,0.104,-0.139,0.015,0.033,0.027,-0.059,0.015,-0.084,0.027,-0.081,-0.212,-0.038,0.125,0.017,-0.48,0.017,-0.48,-0.019,-0.02,-0.082,0,0,0,0,-0.009,-0.009,-0.004,0.001,0.188,0.138,-0.004,-0.004,0.059,0.188,-0.003,-0.004,0.05,0.059,-0.004,0.178,0.143,-0.018,-0.004,0.075,0,0,0.026,-0.036,0,0,0.008,0.041,0.001,-0.003,0.001,-0.003,0,0,0.02,-0.003,0.019,-0.003,-0.003,0.055,0,0,0.013,0.014,0,0,0,0,0,0,0.152,0.172,-0.006,-0.045,0.013,0.008,0.088,0.013,0.041,0.013,-0.002,0.01,0.015,0.089,0.013,0.041,0.013,-0.043,,,,,,0.017,0.018,0.108,0.017,0.017,-0.095,0,0,0,0,0,0,0,0,,,,,,,,,0.108,0.265,0.108,0.265,0,0,0,0,0,0,0,0,,,,,,,,,,,,,,,,,,,,,,,,,,,,,,,,,,,,,,,,,,,,,,,,,,,,,,,,,,,,,,,,,,,,,,,,,,,,,,,,,,,,,,0
430,0.056,0.093,-0.215,-0.197,-0.187,-0.339,-0.015,-0.152,0.036,-0.142,0.068,0.068,0.08,-0.05,,,,,,,,,,0.009,-0.254,-0.051,0.179,0.001,0,0.019,-0.256,0.013,-0.016,-0.004,,,,,,-0.164,0.298,0.004,-0.157,0,0.001,,,,,,,,,,,,,,,,,,,,,,,,,-0.007,-0.105,-0.001,0.128,0.188,0.182,0.007,0.021,-0.198,-0.036,0.162,-0.116,,,,,,,,,,,,,,,,,,,,,,,,,,,,,,,,,,,,,,,,,,,,,,,,,,,,,,,,,,,,,,,,,,,,,,,,,,,,,,,,,,,,,,,,,,,,,,,,,,,,,,,,,,,,,,,,,,,,,,,,,,,,,,,,,,,,,,,,,,,,,,,,,,,,,,,,,,,,,,,,,,,,,,,,,,,,,,,,,,,,,,,,,,,,,,,,,,,,,,,,,,,,,,,,,,,,,,,,,,,,,,,,,,,,,,,,,,,,,,,,,,,,,,,,,,,,,,,,,,,,,,,,,,,,,,,,,,,,,,,,,,,,,,,,,,,,,,,,,,,,,,,,,,,,,,,,,,,,,,,,,,,,,,,,,,,,,,,,,,,,,,,,,,,,,,,,,,,,,,,,,,,,,,,,,,,,,,,,,,,,,,,,,,,,,,,,,,,,,,,,,,,,,,,,,,,,,,,,,,,,,,,,,,,,,,,,,,,,,,,,,,,,,,,,,,,,,,,,,,,,,,,,,,,,,,,,,,,,,,,,,,,,,,,,,,,,,,,,,,,,,,,,,,,,,,,,,,,,,,,,,,,,,,,,,,,,,,,,,,,,,,,,,,,,,,,,,,,,,,,,,,,,,,,,,,,,,,,,,,,,,,,,,,,,,,,,,,,,,,,,,,,,,,,,,,,,,,,,,,,,,,,,,,,,,,,,,,,,,,,,,,,-0.084,-0.03,0.011,0.177,0.104,0.077,0.044,0.006,-0.064,-0.056,-0.011,0.014,0.125,0.238,-0.017,0.218,0.177,0.006,0.167,0.036,-0.034,0.015,0.011,0.044,0.014,0.218,-0.011,-0.017,0.104,0.104,-0.03,0.077,0.033,0.105,-0.022,0.077,-0.084,0.104,-0.056,0.238,-0.064,0.125,0.017,-0.48,0.017,-0.48,-0.014,-0.013,-0.055,0,0,0,0,-0.011,-0.011,0.004,0,0.025,0.296,-0.007,0.004,-0.201,0.025,-0.013,-0.007,0.045,-0.201,0.004,0.016,-0.156,0.013,-0.006,-0.185,0,0,0.013,-0.01,0,0,-0.006,-0.07,0.008,-0.05,0.008,-0.05,0,0,-0.013,0.054,-0.014,0.054,-0.013,0.05,0,0,0.054,-0.001,0,0,0,0,0,0,-0.249,-0.147,-0.148,-0.082,0.008,-0.038,0.048,0.013,0.023,0.013,0.044,0.013,0.001,0.004,0.013,0.001,0.013,0.07,,,,,,0.017,0.006,-0.298,0.017,0.017,0.026,0,0,0,0,0,0,0,0,0,-0.055,0.03,-0.141,0,0,0,0,,,,,,,,,0,0,0,0,,,,,,,,,,,,,,,,,,,,,,,,,,,,,,,,,,,,,,,,,,,,,,,,,,,,,,,,,,,,,,,,,,,,,,,,,,,,,,,,,,,,,,0
431,0.003,0.078,-0.179,-0.234,-0.23,-0.112,-0.015,-0.112,-0.092,-0.067,-0.22,-0.22,-0.048,0.065,-0.013,-0.012,0.008,-0.069,-0.003,0,0.01,-0.245,-0.08,,,,,,,,,,,,-0.185,-0.015,-0.336,0.601,-0.129,,,,-0.157,0,0.001,,,,,,,,,,,,,0.004,-0.019,0.049,-0.004,-0.001,0.001,0.061,-0.007,-0.028,0.01,0,-0.001,,,,,,,,,,,,,,,,,,,,,,,,,,,,,,,,,,,,,,,,,,,,,,,,,,,,,,,,,,,,,,,,,,,,,,,,,,,,,,,,,,,,,,,,,,,,,,,,,,,,,,,,,,,,,,,,,,,,,,,,,,,,,,,,,,,,,,,,,,,,,,,,,,,,,,,,,,,,,,,,,,,,,,,,,,,,,,,,,,,,,,,,,,,,,,,,,,,,,,,,,,,,,,,,,,,,,,,,,,,,,,,,,,,,,,,,,,,,,,,,,,,,,,,,,,,,,,,,,,,,,,,,,,,,,,,,,,,,,,,,,,,,,,,,,,,,,,,,,,,,,,,,,,,,,,,,,,,,,,,,,,,,,,,,,,,,,,,,,,,,,,,,,,,,,,,,,,,,,,,,,,,,,,,,,,,,,,,,,,,,,,,,,,,,,,,,,,,,,,,,,,,,,,,,,,,,,,,,,,,,,,,,,,,,,,,,,,,,,,,,,,,,,,,,,,,,,,,,,,,,,,,,,,,,,,,,,,,,,,,,,,,,,,,,,,,,,,,,,,,,,,,,,,,,,,,,,,,,,,,,,,,,,,,,,,,,,,,,,,,,,,,,,,,,,,,,,,,,,,,,,,,,,,,,,,,,,,,,,,,,,,,,,,,,,,,,,,,,,,,,,,,,,,,,,,,,,,,,,,,,,,,,,,,,,,,,,,,,,,,,,,,,,,,,,,,,,,,-0.084,-0.03,-0.21,-0.146,0.06,0.036,-0.012,-0.007,-0.012,0.02,0.186,0.184,0.089,0.238,-0.083,0.218,-0.146,-0.007,0.037,-0.021,-0.227,0.002,-0.21,-0.012,0.184,0.218,0.186,-0.083,0.104,0.104,-0.03,0.036,0.033,0.061,-0.022,0.036,-0.084,0.06,0.02,0.238,-0.012,0.089,0.017,-0.48,0.017,-0.48,0.001,-0.001,-0.031,0,0,0,0,-0.004,-0.004,0,-0.003,0.106,0.059,-0.007,0,0.039,0.106,-0.013,-0.007,0.109,0.039,-0.001,0.097,-0.201,-0.048,-0.006,0.055,0,0,0.081,0.045,0,0,0.004,-0.046,0.008,-0.028,0.008,-0.028,0,0,-0.013,0.12,-0.014,0.12,-0.013,0.114,0,0,-0.007,0.011,0,0,0,0,0,0,0.053,0.364,-0.021,-0.098,0.012,0.025,0.041,0.013,0.019,0.013,0.011,0.013,-0.007,-0.042,0.013,-0.017,0.013,0.005,,,,,,0.062,0.054,-0.133,0.062,0.062,-0.095,0,0,0,0,0,0,0,0,,,,,,,,,0.108,-0.039,0.108,-0.039,0,0,0,0,0,0,0,0,,,,,,,,,,,,,,,,,,,,,,,,,,,,,,,,,,,,,,,,,,,,,,,,,,,,,,,,,,,,,,,,,,,,,,,,,,,,,,,,,,,,,,0
434,,,,,,,,,,,,,,,,,,,,,,,,,,,,,,,,,,,,,,,,,,,,,,,,,,,,,,,,,,,,,,,,,,,,,,,,,,,,,,,,,,0.01,0.026,0.14,0.278,-0.053,-0.077,0.01,0.053,0.075,0.221,-0.161,-0.161,0.105,0.031,-0.067,-0.002,-0.034,-0.248,-0.016,0,-0.069,-0.022,0.059,,,,,,,,,,0.001,-0.019,,,-0.01,-0.229,-0.06,,,,0.803,0,0,,,,,,,,,,,,,,,,,,,,,,,,,,,,,-0.063,0.011,-0.028,0.021,-0.057,-0.08,0.059,0.018,-0.235,-0.006,-0.25,0.06,-0.008,-0.224,,,,,,,,,,,,,,,,,,,,,,,,,,,,,,,,,,,,,,,,,,,,,,,,,,,,,,,,,,,,,,,,,,,,,,,,,,,,,,,,,,,,,,,,,,,,,,,,,,,,,,,,,,,,,,,,,,,,,,,,,,,,,,,,,,,,,,,,,,,,,,,,,,,,,,,,,,,,,,,,,,,,,,,,,,,,,,,,,,,,,,,,,,,,,,,,,,,,,,,,,,,,,,,,,,,,,,,,,,,,,,,,,,,,,,,,,,,,,,,,,,,,,,,,,,,,,,,,,,,,,,,,,,,,,,,,,,,,,,,,,,,,,,,,,,,,,,,,,,,,,,,,,,,,,,,,,,,,,,,,,,,,,,,,,,,,,,,,,,,,,,,,,,,,,,,,,,,,,,,,,,,,,,,,,,,,,,,,,,,,,,,,,,,,,,,,,,,,,,,,,,,,,,,,,,,,,,,,,,,,,,,,,,,,,,,,,,,,,,,,,,,,,,,,,,,,,,,,,,,,,,,,,,,,,,,,,,,,,,,,,,,,,,,,,,,,,,,,,,,,,,,,,,,,,,,,,,-0.1,0.052,-0.071,-0.125,-0.031,0.013,-0.109,-0.418,-0.035,-0.168,-0.12,-0.183,0.159,-0.034,,,,,,,,,,,,,,,,,,,,,,,,,,,,,0.182,-0.03,-0.127,0.258,-0.032,-0.029,-0.019,-0.007,-0.012,-0.056,-0.056,-0.067,0.089,0.069,-0.05,-0.115,0.258,-0.007,0.085,-0.028,0.014,0.002,-0.127,-0.019,-0.067,-0.115,-0.056,-0.05,0.082,0.082,-0.03,-0.029,0.109,-0.033,-0.022,-0.028,0.182,-0.032,-0.056,0.069,-0.012,0.089,0.017,-0.48,0.017,-0.48,0.091,0.042,0.055,0,0,0,0,-0.005,-0.005,-0.005,-0.003,0.052,-0.125,0.002,-0.005,-0.061,0.052,-0.011,0.002,-0.093,-0.061,-0.005,0.043,-0.251,-0.108,0.002,-0.045,0,0,-0.054,0.006,0,0,0.005,0.056,0.008,0.068,0.009,0.068,0,0,-0.012,-0.09,-0.013,-0.091,-0.011,-0.087,0,0,-0.004,0.001,0,0,0,0,0,0,-0.043,-0.047,0.109,0.253,0.011,-0.012,0.052,0.013,0.025,0.013,0.051,0.013,0.027,0.018,0.013,0.009,0.013,-0.036,,,,,,0.29,0.253,-0.135,0.29,0.29,-0.014,0,0,0.002,0,0,0,0,0,0,-0.013,-0.082,-0.033,0,0,0,0,,,,,,,,,0,0,0,0,,,,,,,,,,,,,,,,,,,,,,,,,,,,,,,,,,,,,,,,,,,,,,,,,,,,,,,,,,,,,,,,,,,,,,,,,,,,,,,,,,,,,,0
435,,,,,,,,,,,,,,,,,,,,,,,,,,,,,,,,,,,,,,,,,,,,,,,,,,,,,,,,,,,,,,,,,,,,,,,,,,,,,,,,,,0.084,0.09,-0.057,-0.153,0.169,0.154,-0.014,-0.103,-0.069,0.021,0.256,0.256,0.025,0.02,,,,,,,,,,0.012,-0.232,-0.052,-0.04,-0.001,0,0.013,-0.199,-0.041,,,0.135,0.078,,,,0.456,-0.536,0.028,-0.197,0,0,,,,,,,,,,,,,,,-0.012,-0.058,0.004,-0.038,-0.048,-0.036,0.044,0.008,0.096,-0.065,0.055,0.064,-0.015,0.003,,,,,,,,,,,,,,,,,,,,,,,,,,,,,,,,,,,,,,,,,,,,,,,,,,,,,,,,,,,,,,,,,,,,,,,,,,,,,,,,,,,,,,,,,,,,,,,,,,,,,,,,,,,,,,,,,,,,,,,,,,,,,,,,,,,,,,,,,,,,,,,,,,,,,,,,,,,,,,,,,,,,,,,,,,,,,,,,,,,,,,,,,,,,,,,,,,,,,,,,,,,,,,,,,,,,,,,,,,,,,,,,,,,,,,,,,,,,,,,,,,,,,,,,,,,,,,,,,,,,,,,,,,,,,,,,,,,,,,,,,,,,,,,,,,,,,,,,,,,,,,,,,,,,,,,,,,,,,,,,,,,,,,,,,,,,,,,,,,,,,,,,,,,,,,,,,,,,,,,,,,,,,,,,,,,,,,,,,,,,,,,,,,,,,,,,,,,,,,,,,,,,,,,,,,,,,,,,,,,,,,,,,,,,,,,,,,,,,,,,,,,,,,,,,,,,,,,,,,,,,,,,,,,,,,,,,,,,,,,,,,,,,,,,,,,,,,,,,,,,,,,,,,,,,,,,,,,,,,,,,,,,,,,,,,,,,,,,,,,,,,,,,,,,,,,,,,,,,,,,,,,,,,,,,,-0.216,0.077,-0.127,0.366,-0.006,0.001,-0.025,-0.001,-0.168,-0.157,0.023,0.066,0.16,-0.099,-0.017,-0.115,0.366,-0.001,0.085,-0.034,0.078,0.008,-0.127,-0.025,0.066,-0.115,0.023,-0.017,0.082,0.082,0.077,0.001,-0.005,-0.007,0.015,0.001,-0.216,-0.006,-0.157,-0.099,-0.168,0.16,0.017,-0.48,0.017,-0.48,-0.019,-0.013,-0.047,0,0,0,0,-0.008,-0.008,-0.003,-0.001,-0.164,0.243,0.004,-0.003,-0.181,-0.164,0,0.004,0.013,-0.181,-0.003,-0.173,-0.227,-0.078,0.005,-0.165,0,0,-0.012,-0.046,0,0,-0.002,-0.093,0.002,-0.069,0.002,-0.069,0,0,-0.003,0.015,-0.004,0.015,0,0.018,0,0,0.201,-0.001,0,0,0,0,0,0,0.115,0.029,0.142,0.083,0.012,-0.021,-0.047,0.013,-0.021,0.013,0.011,0.016,0.052,-0.059,0.013,-0.025,0.013,-0.056,,,,,,-0.165,-0.144,0.052,-0.165,-0.165,0.018,0,0,0,0,0,0,0,0,,,,,,,,,0.108,0.007,0.108,0.007,0,0,0,0,0,0,0,0,,,,,,,,,,,,,,,,,,,,,,,,,,,,,,,,,,,,,,,,,,,,,,,,,,,,,,,,,,,,,,,,,,,,,,,,,,,,,,,,,,,,,,0
436,-0.147,-0.146,-0.215,-0.179,0.031,-0.066,0.022,0.088,-0.077,-0.072,0.015,0.015,-0.107,-0.071,,,,,,,,,,0.009,-0.249,-0.051,0.022,0.003,0,0.019,-0.274,0.002,,,-0.035,-0.152,,,,0.336,-0.367,0.091,-0.157,0,0.001,0,0.018,0.015,0.023,0,0,0.001,-0.004,0.072,0.005,0,0.01,,,,,,,,,,,,,,,,,,,,,,,,,,,,,,,,,,,,,,,,,,,,,,,,,,,,,,,,,,,,,,,,,,,,,,,,,,,,,,,,,,,,,,,,,,,,,,,,,,,,,,,,,,,,,,,,,,,,,,,,,,,,,,,,,,,,,,,,,,,,,,,,,,,,,,,,,,,,,,,,,,,,,,,,,,,,,,,,,,,,,,,,,,,,,,,,,,,,,,,,,,,,,,,,,,,,,,,,,,,,,,,,,,,,,,,,,,,,,,,,,,,,,,,,,,,,,,,,,,,,,,,,,,,,,,,,,,,,,,,,,,,,,,,,,,,,,,,,,,,,,,,,,,,,,,,,,,,,,,,,,,,,,,,,,,,,,,,,,,,,,,,,,,,,,,,,,,,,,,,,,,,,,,,,,,,,,,,,,,,,,,,,,,,,,,,,,,,,,,,,,,,,,,,,,,,,,,,,,,,,,,,,,,,,,,,,,,,,,,,,,,,,,,,,,,,,,,,,,,,,,,,,,,,,,,,,,,,,,,,,,,,,,,,,,,,,,,,,,,,,,,,,,,,,,,,,,,,,,,,,,,,,,,,,,,,,,,,,,,,,,,,,,,,,,,,,,,,,,,,,,,,,,,,,,,,,,,,,,,,,,,,,,,,,,,,,,,,,,,,,,,,,,,,,,,,,,,,,,,,,,,,,,,,,,,,,,,,,,,,,,,,,,,,,,,,,,,,,,,,,,,,,,,,-0.002,0.036,0.406,0.002,-0.039,-0.028,-0.019,0.025,-0.048,-0.04,-0.059,-0.031,-0.155,0.08,0.083,0.218,0.002,0.025,0.001,-0.002,0.517,0.021,0.406,-0.019,-0.031,0.218,-0.059,0.083,-0.029,-0.029,0.036,-0.028,-0.096,-0.04,0.001,-0.028,-0.002,-0.039,-0.04,0.08,-0.048,-0.155,-0.269,0.52,-0.269,0.52,0.053,0.038,0.102,0,0,0,0,0.007,0.007,-0.004,-0.001,-0.002,-0.02,-0.001,-0.004,-0.021,-0.002,0.001,-0.001,-0.051,-0.021,,,,,,,,,,,,,,,,,,,,,,,,,,,,,,,,,0,0,0,0,-0.064,-0.171,0.049,-0.103,0.01,-0.029,0.016,0.013,0.009,0.013,0.064,0.01,-0.036,0.015,0.013,0.009,0.013,0.079,,,,,,0.017,0.016,0.07,0.017,0.017,-0.063,0,0,0,0,0,0,0,0,,,,,,,,,0.008,-0.045,0.008,-0.045,0,0,0,0,0,0,0,0,,,,,,,,,,,,,,,,,,,,,,,,,,,,,,,,,,,,,,,,,,,,,,,,,,,,,,,,,,,,,,,,,,,,,,,,,,,,,,,,,,,,,,0
439,0.075,0.123,-0.015,-0.034,-0.013,0.116,-0.015,-0.072,0.27,0.013,-0.039,-0.039,0.093,-0.09,,,,,,,,,,-0.091,0.531,-0.051,0.33,0.007,0,-0.081,0.188,-0.038,,,0.082,-0.044,,,,-0.164,0.391,-0.011,0.343,0,0.001,,,,,,,,,,,,,-0.025,-0.013,-0.017,0.004,0.038,0.029,-0.018,0.03,-0.211,-0.006,0,-0.001,,,,,,,,,,,,,,,,,,,,,,,,,,,,,,,,,,,,,,,,,,,,,,,,,,,,,,,,,,,,,,,,,,,,,,,,,,,,,,,,,,,,,,,,,,,,,,,,,,,,,,,,,,,,,,,,,,,,,,,,,,,,,,,,,,,,,,,,,,,,,,,,,,,,,,,,,,,,,,,,,,,,,,,,,,,,,,,,,,,,,,,,,,,,,,,,,,,,,,,,,,,,,,,,,,,,,,,,,,,,,,,,,,,,,,,,,,,,,,,,,,,,,,,,,,,,,,,,,,,,,,,,,,,,,,,,,,,,,,,,,,,,,,,,,,,,,,,,,,,,,,,,,,,,,,,,,,,,,,,,,,,,,,,,,,,,,,,,,,,,,,,,,,,,,,,,,,,,,,,,,,,,,,,,,,,,,,,,,,,,,,,,,,,,,,,,,,,,,,,,,,,,,,,,,,,,,,,,,,,,,,,,,,,,,,,,,,,,,,,,,,,,,,,,,,,,,,,,,,,,,,,,,,,,,,,,,,,,,,,,,,,,,,,,,,,,,,,,,,,,,,,,,,,,,,,,,,,,,,,,,,,,,,,,,,,,,,,,,,,,,,,,,,,,,,,,,,,,,,,,,,,,,,,,,,,,,,,,,,,,,,,,,,,,,,,,,,,,,,,,,,,,,,,,,,,,,,,,,,,,,,,,,,,,,,,,,,,,,,,,,,,,,,,,,,,,,,,0.315,-0.03,-0.017,0.042,-0.045,-0.034,-0.075,-0.027,0.014,-0.056,-0.095,-0.124,0.113,0.125,-0.05,0.218,0.042,-0.027,-0.24,-0.066,0.271,-0.037,-0.017,-0.075,-0.124,0.218,-0.095,-0.05,0.082,0.082,-0.03,-0.034,0.146,-0.046,-0.022,-0.034,0.315,-0.045,-0.056,0.125,0.014,0.113,0.017,-0.48,0.017,-0.48,-0.014,-0.017,-0.071,0,0,0,0,0.005,0.005,0.001,0.002,0.079,0.138,0.004,0.001,0.139,0.079,0,0.004,0.068,0.139,0.001,0.07,0.052,0.164,0.005,0.155,0,0,0.046,0.068,0,0,-0.002,-0.003,0.002,0,0.002,0,0,0,-0.003,0.072,-0.004,0.072,0,0.073,0,0,0.14,-0.001,0,0,0,0,0,0,-0.213,0.207,-0.06,-0.053,0.008,-0.021,0.07,0.013,0.031,0.013,0.018,0.014,0.072,0.027,0.013,0.011,0.013,-0.024,,,,,,0.062,0.05,-0.014,0.062,0.062,-0.014,0,0,0,0,0,0,0,0,0,-0.015,0.03,-0.038,0,0,0,0,,,,,,,,,0,0,0,0,,,,,,,,,,,,,,,,,,,,,,,,,,,,,,,,,,,,,,,,,,,,,,,,,,,,,,,,,,,,,,,,,,,,,,,,,,,,,,,,,,,,,,0
440,-0.127,-0.101,-0.07,-0.034,-0.1,0.07,0.022,0.088,-0.01,0.072,-0.318,-0.318,0.219,-0.009,-0.013,0.315,0.008,-0.039,0.002,0,0.01,0.002,0,,,,,,,,,,,,-0.183,-0.057,,,,0.336,-0.48,-0.024,0.343,0,0.001,,,,,,,,,,,,,,,,,,,,,,,,,-0.119,0.133,-0.008,-0.023,-0.012,-0.007,-0.001,0.008,-0.286,-0.028,0.103,-0.052,,,,,,,,,,,,,,,,,,,,,,,,,,,,,,,,,,,,,,,,,,,,,,,,,,,,,,,,,,,,,,,,,,,,,,,,,,,,,,,,,,,,,,,,,,,,,,,,,,,,,,,,,,,,,,,,,,,,,,,,,,,,,,,,,,,,,,,,,,,,,,,,,,,,,,,,,,,,,,,,,,,,,,,,,,,,,,,,,,,,,,,,,,,,,,,,,,,,,,,,,,,,,,,,,,,,,,,,,,,,,,,,,,,,,,,,,,,,,,,,,,,,,,,,,,,,,,,,,,,,,,,,,,,,,,,,,,,,,,,,,,,,,,,,,,,,,,,,,,,,,,,,,,,,,,,,,,,,,,,,,,,,,,,,,,,,,,,,,,,,,,,,,,,,,,,,,,,,,,,,,,,,,,,,,,,,,,,,,,,,,,,,,,,,,,,,,,,,,,,,,,,,,,,,,,,,,,,,,,,,,,,,,,,,,,,,,,,,,,,,,,,,,,,,,,,,,,,,,,,,,,,,,,,,,,,,,,,,,,,,,,,,,,,,,,,,,,,,,,,,,,,,,,,,,,,,,,,,,,,,,,,,,,,,,,,,,,,,,,,,,,,,,,,,,,,,,,,,,,,,,,,,,,,,,,,,,,,,,,,,,,,,,,,,,,,,,,,,,,,,,,,,,,,,,,,,,,,,,,,,,,,,,,,,,,,,,,,,,,,,,,,-0.216,0.077,-0.151,0.121,-0.04,-0.023,0.019,0.025,-0.038,-0.056,-0.046,-0.057,0.089,0.294,-0.017,0.218,0.121,0.025,0.071,0.011,-0.068,0.034,-0.151,0.019,-0.057,0.218,-0.046,-0.017,0.063,0.063,0.077,-0.023,-0.005,-0.041,0.015,-0.023,-0.216,-0.04,-0.056,0.294,-0.038,0.089,0.017,-0.48,0.017,-0.48,-0.023,-0.02,-0.055,0,0,0,0,0.005,0.005,0.004,-0.003,0.079,0.007,-0.007,0.004,0.039,0.079,-0.014,-0.007,-0.038,0.039,0.004,0.07,0.141,-0.048,-0.007,0.055,0,0,-0.074,-0.012,0,0,-0.006,0.096,-0.003,0.068,-0.003,0.068,0,0,-0.014,-0.06,-0.015,-0.06,-0.014,-0.032,0,0,-0.191,0,0,0,0,0,0,0,0.118,0.085,0.109,0.12,0.011,0.002,-0.043,0.013,-0.019,0.013,0.031,0.014,0.018,-0.008,0.013,-0.003,0.013,-0.036,,,,,,-0.029,-0.01,0.106,-0.029,-0.029,-0.014,0,0,0,0,0,0,0,0,,,,,,,,,0.008,0.02,0.008,0.02,0,0,0,0,0,0,0,0,,,,,,,,,,,,,,,,,,,,,,,,,,,,,,,,,,,,,,,,,,,,,,,,,,,,,,,,,,,,,,,,,,,,,,,,,,,,,,,,,,,,,,0
441,0.016,0.004,-0.197,-0.216,0.031,0.161,-0.015,-0.072,0.076,0.04,-0.183,-0.183,0.16,-0.065,,,,,,,,,,0.009,-0.042,0.049,-0.101,0,0,0.019,-0.203,-0.066,0.063,0.001,,,0.164,-0.028,0.132,,,,-0.157,0,0.001,,,,,,,,,,,,,,,,,,,,,,,,,0.011,-0.03,-0.013,-0.037,-0.012,-0.021,0.007,-0.032,-0.022,0.033,-0.095,-0.123,,,,,,,,,,,,,,,,,,,,,,,,,,,,,,,,,,,,,,,,,,,,,,,,,,,,,,,,,,,,,,,,,,,,,,,,,,,,,,,,,,,,,,,,,,,,,,,,,,,,,,,,,,,,,,,,,,,,,,,,,,,,,,,,,,,,,,,,,,,,,,,,,,,,,,,,,,,,,,,,,,,,,,,,,,,,,,,,,,,,,,,,,,,,,,,,,,,,,,,,,,,,,,,,,,,,,,,,,,,,,,,,,,,,,,,,,,,,,,,,,,,,,,,,,,,,,,,,,,,,,,,,,,,,,,,,,,,,,,,,,,,,,,,,,,,,,,,,,,,,,,,,,,,,,,,,,,,,,,,,,,,,,,,,,,,,,,,,,,,,,,,,,,,,,,,,,,,,,,,,,,,,,,,,,,,,,,,,,,,,,,,,,,,,,,,,,,,,,,,,,,,,,,,,,,,,,,,,,,,,,,,,,,,,,,,,,,,,,,,,,,,,,,,,,,,,,,,,,,,,,,,,,,,,,,,,,,,,,,,,,,,,,,,,,,,,,,,,,,,,,,,,,,,,,,,,,,,,,,,,,,,,,,,,,,,,,,,,,,,,,,,,,,,,,,,,,,,,,,,,,,,,,,,,,,,,,,,,,,,,,,,,,,,,,,,,,,,,,,,,,0.043,0.05,0.007,0,-0.031,-0.053,0.096,0.171,-0.035,-0.009,-0.002,-0.018,-0.066,-0.034,,,,,,,,,,,,,,,,,,,,,,,,,,,,,-0.014,0.134,-0.151,-0.207,0.007,0.006,-0.113,-0.046,0.105,0.084,-0.205,-0.249,-0.263,0.013,-0.017,0.218,-0.207,-0.046,-0.39,-0.085,0.193,-0.076,-0.151,-0.113,-0.249,0.218,-0.205,-0.017,0.063,0.063,0.134,0.006,0.053,0.006,0.035,0.007,-0.014,0.007,0.084,0.013,0.105,-0.263,-0.04,-0.48,-0.04,-0.48,0.01,0.007,0.051,0,0,0,0,0.004,0.004,-0.002,0.002,-0.002,0.007,-0.001,-0.002,-0.141,-0.002,0.008,-0.001,-0.065,-0.141,-0.002,-0.011,-0.089,-0.169,-0.001,-0.125,0,0,0.01,-0.015,0,0,0.001,0.013,0.005,0,0.005,0,0,0,0.004,-0.033,0.003,-0.034,0.008,-0.06,0,0,-0.087,-0.004,0,0,0,0,0,0,0.15,0.205,-0.176,-0.133,0.011,0.008,0.019,0.013,0.009,0.013,0.005,0.018,0.097,0.023,0.013,0.011,0.013,0.05,,,,,,0.062,0.071,0.174,0.062,0.062,-0.095,0,0,0,0,0,0,0,0,0,0.033,-0.082,0.083,0,0,0,0,,,,,,,,,0,0,0,0,,,,,,,,,,,,,,,,,,,,,,,,,,,,,,,,,,,,,,,,,,,,,,,,,,,,,,,,,,,,,,,,,,,,,,,,,,,,,,,,,,,,,,0
442,0.088,0.108,0.33,0.33,0.031,0.116,0,0.008,-0.031,0.067,0.515,0.515,0.121,-0.009,,,,,,,,,,0.009,0.219,0.049,-0.11,-0.001,0,0.019,0.318,-0.069,-0.01,0.001,,,0.164,-0.117,0.133,,,,-0.157,0,0.001,,,,,,,,,,,,,,,,,,,,,,,,,-0.138,0.069,-0.004,-0.033,-0.212,-0.177,-0.046,-0.084,-0.118,0.016,-0.214,-0.029,,,,,,,,,,,,,,,,,,,,,,,,,,,,,,,,,,,,,,,,,,,,,,,,,,,,,,,,,,,,,,,,,,,,,,,,,,,,,,,,,,,,,,,,,,,,,,,,,,,,,,,,,,,,,,,,,,,,,,,,,,,,,,,,,,,,,,,,,,,,,,,,,,,,,,,,,,,,,,,,,,,,,,,,,,,,,,,,,,,,,,,,,,,,,,,,,,,,,,,,,,,,,,,,,,,,,,,,,,,,,,,,,,,,,,,,,,,,,,,,,,,,,,,,,,,,,,,,,,,,,,,,,,,,,,,,,,,,,,,,,,,,,,,,,,,,,,,,,,,,,,,,,,,,,,,,,,,,,,,,,,,,,,,,,,,,,,,,,,,,,,,,,,,,,,,,,,,,,,,,,,,,,,,,,,,,,,,,,,,,,,,,,,,,,,,,,,,,,,,,,,,,,,,,,,,,,,,,,,,,,,,,,,,,,,,,,,,,,,,,,,,,,,,,,,,,,,,,,,,,,,,,,,,,,,,,,,,,,,,,,,,,,,,,,,,,,,,,,,,,,,,,,,,,,,,,,,,,,,,,,,,,,,,,,,,,,,,,,,,,,,,,,,,,,,,,,,,,,,,,,,,,,,,,,,,,,,,,,,,,,,,,,,,,,,,,,,,,,,,,,,,,,,,,,,,,,,,0.095,0.12,0.203,-0.021,-0.03,0.094,0.195,0.02,-0.035,0.011,0.145,-0.005,0.004,-0.038,,,,,,,,,,,,,,,-0.216,0.077,-0.039,0.23,0.053,0.041,-0.075,-0.079,-0.038,-0.005,0.074,0,0.113,0.294,-0.05,0.218,0.23,-0.079,0.137,-0.085,-0.003,-0.07,-0.039,-0.075,0,0.218,0.074,-0.05,0.063,0.063,0.077,0.041,-0.005,0.053,0.015,0.042,-0.216,0.053,-0.005,0.294,-0.038,0.113,0.017,-0.48,0.017,-0.48,-0.023,-0.013,-0.027,-0.001,0,0,0,-0.014,-0.014,0,-0.002,-0.002,-0.099,0.002,0,-0.081,-0.002,-0.01,0.002,-0.033,-0.081,0,-0.011,0.036,0.043,0.002,-0.065,0,0,0.014,-0.005,0,0,-0.005,-0.073,0.009,-0.041,0.009,-0.041,0,0,0.014,-0.012,0.013,-0.012,-0.011,-0.028,0,0,0.364,0.004,0,0,0,0,0,0,0.133,0.248,-0.115,-0.14,0.01,-0.009,0.053,0.013,0.027,0.013,0.044,0.013,0.055,0.021,0.013,0.011,0.013,-0.056,,,,,,0.017,0.002,0.147,0.017,0.017,0.018,0,0,0,0,0,0,0,0,,,,,,,,,-0.092,-0.016,-0.092,-0.016,0,0,0,0,0,0,0,0,,,,,,,,,,,,,,,,,,,,,,,,,,,,,,,,,,,,,,,,,,,,,,,,,,,,,,,,,,,,,,,,,,,,,,,,,,,,,,,,,,,,,,0
444,0.049,0.063,-0.179,-0.179,0.161,0.07,-0.015,-0.112,0.015,-0.062,-0.066,-0.066,-0.143,-0.012,,,,,,,,,,0.009,-0.16,0.049,-0.33,0.002,0,0.019,-0.247,-0.007,-0.086,-0.028,,,-0.336,0.27,-0.078,,,,-0.157,0,0.001,0.087,0.043,0.022,-0.026,0.002,0.035,0.049,0.007,0.051,0.018,0,0.003,,,,,,,,,,,,,,,,,,,,,,,,,,,,,,,,,,,,,,,,,,,,,,,,,,,,,,,,,,,,,,,,,,,,,,,,,,,,,,,,,,,,,,,,,,,,,,,,,,,,,,,,,,,,,,,,,,,,,,,,,,,,,,,,,,,,,,,,,,,,,,,,,,,,,,,,,,,,,,,,,,,,,,,,,,,,,,,,,,,,,,,,,,,,,,,,,,,,,,,,,,,,,,,,,,,,,,,,,,,,,,,,,,,,,,,,,,,,,,,,,,,,,,,,,,,,,,,,,,,,,,,,,,,,,,,,,,,,,,,,,,,,,,,,,,,,,,,,,,,,,,,,,,,,,,,,,,,,,,,,,,,,,,,,,,,,,,,,,,,,,,,,,,,,,,,,,,,,,,,,,,,,,,,,,,,,,,,,,,,,,,,,,,,,,,,,,,,,,,,,,,,,,,,,,,,,,,,,,,,,,,,,,,,,,,,,,,,,,,,,,,,,,,,,,,,,,,,,,,,,,,,,,,,,,,,,,,,,,,,,,,,,,,,,,,,,,,,,,,,,,,,,,,,,,,,,,,,,,,,,,,,,,,,,,,,,,,,,,,,,,,,,,,,,,,,,,,,,,,,,,,,,,,,,,,,,,,,,,,,,,,,,,,,,,,,,,,,,,,,,,,,,,,,,,,,,,,,,,,,,,,,,,,,,,,,,,,,,,,,,,,,,,,,,,,,,,,,,,,,,,,,,,,,0.03,-0.154,0.294,0.332,-0.108,-0.095,0.063,0.09,0.114,0.117,-0.039,0.046,-0.12,-0.2,0.083,0.218,0.332,0.09,0.333,0.055,0.058,0.099,0.294,0.063,0.046,0.218,-0.039,0.083,-0.029,-0.029,-0.154,-0.095,-0.086,-0.11,-0.064,-0.095,0.03,-0.108,0.117,-0.2,0.114,-0.12,-0.24,0.52,-0.24,0.52,0.005,0.007,0.024,0,0,0,0,0.001,0.001,-0.001,-0.002,-0.083,-0.151,-0.003,-0.001,-0.081,-0.083,-0.008,-0.003,-0.134,-0.081,,,,,,,,,,,,,,,,,,,,,,,,,,,,,,,,,0,0,0,0,-0.174,-0.179,0.12,-0.028,0.01,-0.041,-0.101,0.013,-0.045,0.013,0.031,0.015,0.024,0.063,0.013,0.029,0.013,0.025,,,,,,-0.029,-0.025,0.017,-0.029,-0.029,-0.144,0,0,0,0,0,0,0,0,,,,,,,,,-0.092,-0.032,-0.092,-0.032,0,0,0,0,0,0,0,0,,,,,,,,,,,,,,,,,,,,,,,,,,,,,,,,,,,,,,,,,,,,,,,,,,,,,,,,,,,,,,,,,,,,,,,,,,,,,,,,,,,,,,0
445,,,,,,,,,,,,,,,,,,,,,,,,,,,,,,,,,,,,,,,,,,,,,,,,,,,,,,,,,,,,,,,,,,,,,,,,,,,,,,,,,,0.029,0.011,-0.065,-0.153,-0.109,-0.077,-0.006,-0.041,0.115,-0.174,-0.133,-0.133,0.04,0.225,-0.067,0.366,-0.034,0.111,-0.001,0,-0.069,0.173,-0.003,,,,,,,,,,,,-0.083,0.186,,,,-0.044,0.189,0.141,-0.197,0,0,,,,,,,,,,,,,,,0.019,0.028,-0.024,0.001,-0.009,-0.01,-0.104,0.008,-0.145,0.057,-0.186,-0.098,0,-0.003,,,,,,,,,,,,,,,,,,,,,,,,,,,,,,,,,,,,,,,,,,,,,,,,,,,,,,,,,,,,,,,,,,,,,,,,,,,,,,,,,,,,,,,,,,,,,,,,,,,,,,,,,,,,,,,,,,,,,,,,,,,,,,,,,,,,,,,,,,,,,,,,,,,,,,,,,,,,,,,,,,,,,,,,,,,,,,,,,,,,,,,,,,,,,,,,,,,,,,,,,,,,,,,,,,,,,,,,,,,,,,,,,,,,,,,,,,,,,,,,,,,,,,,,,,,,,,,,,,,,,,,,,,,,,,,,,,,,,,,,,,,,,,,,,,,,,,,,,,,,,,,,,,,,,,,,,,,,,,,,,,,,,,,,,,,,,,,,,,,,,,,,,,,,,,,,,,,,,,,,,,,,,,,,,,,,,,,,,,,,,,,,,,,,,,,,,,,,,,,,,,,,,,,,,,,,,,,,,,,,,,,,,,,,,,,,,,,,,,,,,,,,,,,,,,,,,,,,,,,,,,,,,,,,,,,,,,,,,,,,,,,,,,,,,,,,,,,,,,,,,,,,,,,,,,,,,,,,,,,,,,,,,,,,,,,,,,,,,,,,,,,,,,,,,,,,,,,,,,,,,,,,,,,,,,-0.032,0.011,0.008,-0.163,-0.039,-0.036,0.032,-0.053,0.05,0.03,-0.014,-0.027,0.104,-0.032,0.15,-0.115,-0.163,-0.053,0.165,0.023,-0.237,-0.044,0.008,0.032,-0.027,-0.115,-0.014,0.15,0.037,0.037,0.011,-0.036,0.048,-0.04,-0.007,-0.036,-0.032,-0.039,0.03,-0.032,0.05,0.104,0.303,0.52,0.303,0.52,0.048,0.027,0.075,0,0,0,0,-0.007,-0.007,0.003,0.001,-0.056,-0.125,-0.003,0.003,0.059,-0.056,-0.007,-0.003,-0.038,0.059,,,,,,,,,,,,,,,,,,,,,,,,,,,,,,,,,0,0,0,0,0.155,0.093,0.11,0.261,0.008,-0.018,-0.008,0.013,-0.003,0.013,0.011,0.012,0.027,0.031,0.013,0.015,0.013,-0.03,,,,,,-0.029,-0.035,-0.319,-0.029,-0.029,0.148,0,0,0,0,0,0,0,0,0,-0.036,0.03,-0.091,0,0,0,0,,,,,,,,,0,0,0,0,,,,,,,,,,,,,,,,,,,,,,,,,,,,,,,,,,,,,,,,,,,,,,,,,,,,,,,,,,,,,,,,,,,,,,,,,,,,,,,,,,,,,,0
450,0.075,0.063,-0.161,-0.197,-0.013,0.116,-0.022,-0.072,0.199,0.158,-0.328,-0.328,-0.122,0.011,0.087,-0.103,0.108,-0.134,0.003,0,0.01,0.572,0.008,,,,,,,,,,,,0.049,0.271,0.164,-0.285,0.099,,,,-0.157,0,0.001,-0.043,-0.072,-0.017,0.089,0.001,0.02,-0.024,0.004,0.002,-0.029,0,0.004,,,,,,,,,,,,,,,,,,,,,,,,,,,,,,,,,,,,,,,,,,,,,,,,,,,,,,,,,,,,,,,,,,,,,,,,,,,,,,,,,,,,,,,,,,,,,,,,,,,,,,,,,,,,,,,,,,,,,,,,,,,,,,,,,,,,,,,,,,,,,,,,,,,,,,,,,,,,,,,,,,,,,,,,,,,,,,,,,,,,,,,,,,,,,,,,,,,,,,,,,,,,,,,,,,,,,,,,,,,,,,,,,,,,,,,,,,,,,,,,,,,,,,,,,,,,,,,,,,,,,,,,,,,,,,,,,,,,,,,,,,,,,,,,,,,,,,,,,,,,,,,,,,,,,,,,,,,,,,,,,,,,,,,,,,,,,,,,,,,,,,,,,,,,,,,,,,,,,,,,,,,,,,,,,,,,,,,,,,,,,,,,,,,,,,,,,,,,,,,,,,,,,,,,,,,,,,,,,,,,,,,,,,,,,,,,,,,,,,,,,,,,,,,,,,,,,,,,,,,,,,,,,,,,,,,,,,,,,,,,,,,,,,,,,,,,,,,,,,,,,,,,,,,,,,,,,,,,,,,,,,,,,,,,,,,,,,,,,,,,,,,,,,,,,,,,,,,,,,,,,,,,,,,,,,,,,,,,,,,,,,,,,,,,,,,,,,,,,,,,,,,,,,,,,,,,,,,,,,,,,,,,,,,,,,,,,,,,,,,,,,,,,,,,,,,,,,,,,,,,,,,,,,,-0.078,-0.134,-0.171,-0.118,-0.09,-0.087,0.088,-0.007,-0.089,-0.08,-0.026,0.058,-0.085,0.08,0.017,-0.115,-0.118,-0.007,0.059,0.081,-0.211,0.002,-0.171,0.088,0.058,-0.115,-0.026,0.017,0.082,0.082,-0.134,-0.087,-0.155,-0.092,-0.057,-0.087,-0.078,-0.09,-0.08,0.08,-0.089,-0.085,-0.097,0.52,-0.097,0.52,0.048,0.031,0.086,0,0,0,0,0.005,0.005,-0.005,0.003,-0.056,-0.072,-0.006,-0.005,-0.021,-0.056,-0.01,-0.006,-0.07,-0.021,-0.005,-0.065,0.032,-0.048,-0.006,-0.005,0,0,0.004,-0.095,0,0,0.005,-0.085,-0.002,-0.094,-0.002,-0.093,0,0,-0.011,-0.09,-0.012,-0.091,-0.011,-0.064,0,0,0.12,-0.003,0,0,0,0,0,0,0.005,-0.106,-0.122,-0.131,0.009,-0.043,-0.033,0.013,-0.013,0.013,0.058,0.008,-0.061,0.065,0.013,0.031,0.013,0.025,,,,,,-0.029,-0.027,-0.014,-0.029,-0.029,-0.006,0,0,0,0,0,0,0,0,0,0.11,-0.082,0.28,0,0,0,0,,,,,,,,,0,0,0,0,,,,,,,,,,,,,,,,,,,,,,,,,,,,,,,,,,,,,,,,,,,,,,,,,,,,,,,,,,,,,,,,,,,,,,,,,,,,,,,,,,,,,,0
451,,,,,,,,,,,,,,,,,,,,,,,,,,,,,,,,,,,,,,,,,,,,,,,,,,,,,,,,,,,,,,,,,,,,,,,,,,,,,,,,,,-0.087,-0.118,0.14,0.33,0.002,0,0.022,0.178,-0.034,0.046,-0.346,-0.346,-0.058,0.067,-0.067,0.397,-0.034,0.035,-0.002,0,-0.069,0.426,-0.026,,,,,,,,,,0.133,0.005,,,,,,-0.044,0.328,-0.008,-0.197,0,0,,,,,,,,,,,,,,,,,,,,,,,,,,,,,-0.047,0.163,-0.039,-0.056,-0.148,-0.176,-0.039,-0.007,0.055,-0.038,-0.136,0.017,-0.243,-0.091,,,,,,,,,,,,,,,,,,,,,,,,,,,,,,,,,,,,,,,,,,,,,,,,,,,,,,,,,,,,,,,,,,,,,,,,,,,,,,,,,,,,,,,,,,,,,,,,,,,,,,,,,,,,,,,,,,,,,,,,,,,,,,,,,,,,,,,,,,,,,,,,,,,,,,,,,,,,,,,,,,,,,,,,,,,,,,,,,,,,,,,,,,,,,,,,,,,,,,,,,,,,,,,,,,,,,,,,,,,,,,,,,,,,,,,,,,,,,,,,,,,,,,,,,,,,,,,,,,,,,,,,,,,,,,,,,,,,,,,,,,,,,,,,,,,,,,,,,,,,,,,,,,,,,,,,,,,,,,,,,,,,,,,,,,,,,,,,,,,,,,,,,,,,,,,,,,,,,,,,,,,,,,,,,,,,,,,,,,,,,,,,,,,,,,,,,,,,,,,,,,,,,,,,,,,,,,,,,,,,,,,,,,,,,,,,,,,,,,,,,,,,,,,,,,,,,,,,,,,,,,,,,,,,,,,,,,,,,,,,,,,,,,,,,,,,,,,,,,,,,,,,,,,,,,,,,,,,,,,,,,,,,,,,,,,,,,,,,,,,,,,,,,,,,,,,,,,,0.182,-0.03,0.165,-0.118,-0.141,-0.13,-0.012,-0.098,0.169,0.171,0.034,0,-0.12,0.193,-0.017,0.218,-0.118,-0.098,0.257,-0.021,-0.211,-0.089,0.165,-0.012,0,0.218,0.034,-0.017,0.082,0.082,-0.03,-0.13,-0.043,-0.144,-0.022,-0.13,0.182,-0.141,0.171,0.193,0.169,-0.12,0.017,0.52,0.017,0.52,0.043,0.031,0.114,0,0,0,0,-0.01,-0.01,0.001,0.001,-0.083,-0.151,0.004,0.001,0.079,-0.083,-0.001,0.004,0.022,0.079,,,,,,,,,,,,,,,,,,,,,,,,,,,,,,,,,0,0,0,0,0.095,0.088,0.067,-0.014,0.013,0.008,-0.075,0.013,-0.039,0.013,-0.002,0.013,0.021,0.002,0.013,0.003,0.013,-0.03,,,,,,0.244,0.22,0.104,0.244,0.244,0.059,0,0,0,0,0,0,0,0,,,,,,,,,-0.092,-0.025,-0.092,-0.025,0,0,0,0,0,0,0,0,,,,,,,,,,,,,,,,,,,,,,,,,,,,,,,,,,,,,,,,,,,,,,,,,,,,,,,,,,,,,,,,,,,,,,,,,,,,,,,,,,,,,,0
452,,,,,,,,,,,,,,,,,,,,,,,,,,,,,,,,,,,,,,,,,,,,,,,,,,,,,,,,,,,,,,,,,,,,,,,,,,,,,,,,,,-0.051,-0.032,-0.072,-0.119,0.058,0.154,-0.002,-0.01,-0.123,-0.089,-0.318,-0.318,0.04,0.03,0.033,-0.32,-0.034,0.07,0.006,0,0.043,-0.288,-0.008,,,,,,,,,,,,0.175,0.084,-0.01,0.228,-0.06,,,,-0.197,0,0,,,,,,,,,,,,,,,,,,,,,,,,,,,,,-0.085,-0.058,-0.048,0.027,-0.239,-0.263,-0.083,-0.007,-0.391,-0.047,-0.141,-0.029,-0.243,-0.009,,,,,,,,,,,,,,,,,,,,,,,,,,,,,,,,,,,,,,,,,,,,,,,,,,,,,,,,,,,,,,,,,,,,,,,,,,,,,,,,,,,,,,,,,,,,,,,,,,,,,,,,,,,,,,,,,,,,,,,,,,,,,,,,,,,,,,,,,,,,,,,,,,,,,,,,,,,,,,,,,,,,,,,,,,,,,,,,,,,,,,,,,,,,,,,,,,,,,,,,,,,,,,,,,,,,,,,,,,,,,,,,,,,,,,,,,,,,,,,,,,,,,,,,,,,,,,,,,,,,,,,,,,,,,,,,,,,,,,,,,,,,,,,,,,,,,,,,,,,,,,,,,,,,,,,,,,,,,,,,,,,,,,,,,,,,,,,,,,,,,,,,,,,,,,,,,,,,,,,,,,,,,,,,,,,,,,,,,,,,,,,,,,,,,,,,,,,,,,,,,,,,,,,,,,,,,,,,,,,,,,,,,,,,,,,,,,,,,,,,,,,,,,,,,,,,,,,,,,,,,,,,,,,,,,,,,,,,,,,,,,,,,,,,,,,,,,,,,,,,,,,,,,,,,,,,,,,,,,,,,,,,,,,,,,,,,,,,,,,,,,,,,,,,,,,,,,,,0.049,0.185,-0.238,0.15,-0.029,-0.021,-0.069,-0.059,-0.09,-0.031,0.141,0.122,0.207,0.125,-0.017,-0.115,0.15,-0.059,0.02,-0.079,-0.051,-0.05,-0.238,-0.069,0.122,-0.115,0.141,-0.017,0.082,0.082,0.185,-0.021,0.071,-0.03,0.053,-0.02,0.049,-0.029,-0.031,0.125,-0.09,0.207,0.017,-0.48,0.017,-0.48,-0.028,-0.02,-0.071,0,0,0,0,0.002,0.002,0,-0.003,-0.083,0.086,0.002,0,0.039,-0.083,-0.011,0.002,0.063,0.039,0,-0.092,0.036,0.164,0.002,0.055,0,0,0.004,0.05,0,0,0.005,0.108,-0.002,0.071,-0.002,0.071,0,0,-0.012,0.076,-0.013,0.076,-0.011,0.069,0,0,0.057,-0.003,0,0,0,0,0,0,0.027,-0.11,-0.083,-0.078,0.014,-0.015,-0.047,0.013,-0.021,0.013,0.025,0.015,0.015,-0.07,0.013,-0.029,0.013,-0.043,,,,,,0.017,0.015,0.127,0.017,0.017,-0.047,0,0,0,0,0,0,0,0,,,,,,,,,0.108,0.08,0.108,0.08,0,0,0,0,0,0,0,0,,,,,,,,,,,,,,,,,,,,,,,,,,,,,,,,,,,,,,,,,,,,,,,,,,,,,,,,,,,,,,,,,,,,,,,,,,,,,,,,,,,,,,0
456,-0.062,-0.019,-0.052,-0.034,0.074,0.161,0.015,0.008,0.28,0.035,0.089,0.089,0.037,-0.038,-0.013,-0.119,0.008,-0.262,0.005,0,0.01,-0.252,-0.009,,,,,,,,,,,,-0.199,0.241,,,,-0.164,0.478,-0.017,-0.157,0,0.001,,,,,,,,,,,,,,,,,,,,,,,,,0,0.05,-0.005,-0.164,0.088,0.076,-0.003,0.087,-0.266,-0.045,0.162,-0.084,,,,,,,,,,,,,,,,,,,,,,,,,,,,,,,,,,,,,,,,,,,,,,,,,,,,,,,,,,,,,,,,,,,,,,,,,,,,,,,,,,,,,,,,,,,,,,,,,,,,,,,,,,,,,,,,,,,,,,,,,,,,,,,,,,,,,,,,,,,,,,,,,,,,,,,,,,,,,,,,,,,,,,,,,,,,,,,,,,,,,,,,,,,,,,,,,,,,,,,,,,,,,,,,,,,,,,,,,,,,,,,,,,,,,,,,,,,,,,,,,,,,,,,,,,,,,,,,,,,,,,,,,,,,,,,,,,,,,,,,,,,,,,,,,,,,,,,,,,,,,,,,,,,,,,,,,,,,,,,,,,,,,,,,,,,,,,,,,,,,,,,,,,,,,,,,,,,,,,,,,,,,,,,,,,,,,,,,,,,,,,,,,,,,,,,,,,,,,,,,,,,,,,,,,,,,,,,,,,,,,,,,,,,,,,,,,,,,,,,,,,,,,,,,,,,,,,,,,,,,,,,,,,,,,,,,,,,,,,,,,,,,,,,,,,,,,,,,,,,,,,,,,,,,,,,,,,,,,,,,,,,,,,,,,,,,,,,,,,,,,,,,,,,,,,,,,,,,,,,,,,,,,,,,,,,,,,,,,,,,,,,,,,,,,,,,,,,,,,,,,0.017,0.112,0.091,-0.024,-0.031,-0.045,0.131,0.168,-0.035,-0.096,0.141,0.203,0.014,-0.034,,,,,,,,,,,,,,,,,,,,,,,,,,,,,-0.014,0.026,0.072,0.012,-0.032,-0.021,0.088,-0.02,0.131,0.134,-0.106,-0.134,-0.299,0.238,-0.083,-0.115,0.012,-0.02,0.203,0.081,-0.003,-0.018,0.072,0.088,-0.134,-0.115,-0.106,-0.083,0.063,0.063,0.026,-0.021,-0.213,-0.033,-0.002,-0.02,-0.014,-0.032,0.134,0.238,0.131,-0.299,-0.04,-0.48,-0.04,-0.48,-0.014,-0.009,-0.02,0,0,0,0,0.006,0.006,0.003,0,-0.083,-0.046,0,0.003,-0.161,-0.083,-0.017,0,-0.171,-0.161,0.003,-0.092,0.012,-0.078,0,-0.145,0,0,-0.047,-0.051,0,0,-0.008,-0.022,-0.004,0,-0.004,0,0,0,0.008,-0.183,0.007,-0.183,-0.018,-0.165,0,0,-0.138,0.006,0,0,0,0,0,0,0.137,0.191,0.038,-0.024,0.014,0.027,0.065,0.013,0.029,0.013,0.005,0.011,0.001,0.021,0.013,0.009,0.013,-0.024,,,,,,0.017,0.012,0.117,0.017,0.017,-0.03,0,0,0,0,0,0,0,0,,,,,,,,,-0.092,0.103,-0.092,0.103,0,0,0,0,0,0,0,0,0.002,-0.125,0.011,,,,,,,,,,,,,,,,,,,,,,,,,,,,,,,,,,,,,,,,,,,,,,,,,,,,,,,,,,,,,,,,,,,,,,,,,,,,,,,,,,,0
457,-0.062,-0.019,-0.052,-0.034,0.074,0.161,0.015,0.008,0.28,0.035,0.089,0.089,0.037,-0.038,-0.013,-0.119,0.008,-0.262,0.005,0,0.01,-0.252,-0.009,,,,,,,,,,,,-0.199,0.241,,,,-0.164,0.478,-0.017,-0.157,0,0.001,,,,,,,,,,,,,,,,,,,,,,,,,0,0.05,-0.005,-0.164,0.088,0.076,-0.003,0.087,-0.266,-0.045,0.162,-0.084,,,,,,,,,,,,,,,,,,,,,,,,,,,,,,,,,,,,,,,,,,,,,,,,,,,,,,,,,,,,,,,,,,,,,,,,,,,,,,,,,,,,,,,,,,,,,,,,,,,,,,,,,,,,,,,,,,,,,,,,,,,,,,,,,,,,,,,,,,,,,,,,,,,,,,,,,,,,,,,,,,,,,,,,,,,,,,,,,,,,,,,,,,,,,,,,,,,,,,,,,,,,,,,,,,,,,,,,,,,,,,,,,,,,,,,,,,,,,,,,,,,,,,,,,,,,,,,,,,,,,,,,,,,,,,,,,,,,,,,,,,,,,,,,,,,,,,,,,,,,,,,,,,,,,,,,,,,,,,,,,,,,,,,,,,,,,,,,,,,,,,,,,,,,,,,,,,,,,,,,,,,,,,,,,,,,,,,,,,,,,,,,,,,,,,,,,,,,,,,,,,,,,,,,,,,,,,,,,,,,,,,,,,,,,,,,,,,,,,,,,,,,,,,,,,,,,,,,,,,,,,,,,,,,,,,,,,,,,,,,,,,,,,,,,,,,,,,,,,,,,,,,,,,,,,,,,,,,,,,,,,,,,,,,,,,,,,,,,,,,,,,,,,,,,,,,,,,,,,,,,,,,,,,,,,,,,,,,,,,,,,,,,,,,,,,,,,,,,,,,,0.017,0.112,0.091,-0.024,-0.031,-0.045,0.131,0.168,-0.035,-0.096,0.141,0.203,0.014,-0.034,,,,,,,,,,,,,,,,,,,,,,,,,,,,,-0.014,0.026,0.072,0.012,-0.032,-0.021,0.088,-0.02,0.131,0.134,-0.106,-0.134,-0.299,0.238,-0.083,-0.115,0.012,-0.02,0.203,0.081,-0.003,-0.018,0.072,0.088,-0.134,-0.115,-0.106,-0.083,0.063,0.063,0.026,-0.021,-0.213,-0.033,-0.002,-0.02,-0.014,-0.032,0.134,0.238,0.131,-0.299,-0.04,-0.48,-0.04,-0.48,-0.014,-0.009,-0.02,0,0,0,0,0.006,0.006,0.003,0,-0.083,-0.046,0,0.003,-0.161,-0.083,-0.017,0,-0.171,-0.161,0.003,-0.092,0.012,-0.078,0,-0.145,0,0,-0.047,-0.051,0,0,-0.008,-0.022,-0.004,0,-0.004,0,0,0,0.008,-0.183,0.007,-0.183,-0.018,-0.165,0,0,-0.138,0.006,0,0,0,0,0,0,0.137,0.191,0.038,-0.024,0.014,0.027,0.065,0.013,0.029,0.013,0.005,0.011,0.001,0.021,0.013,0.009,0.013,-0.024,,,,,,0.017,0.012,0.117,0.017,0.017,-0.03,0,0,0,0,0,0,0,0,,,,,,,,,-0.092,0.103,-0.092,0.103,0,0,0,0,0,0,0,0,0.002,-0.125,0.011,,,,,,,,,,,,,,,,,,,,,,,,,,,,,,,,,,,,,,,,,,,,,,,,,,,,,,,,,,,,,,,,,,,,,,,,,,,,,,,,,,,0
459,0.01,0.078,-0.033,-0.016,0.031,0.07,0,-0.072,-0.087,0.008,0.127,0.127,0.144,-0.099,,,,,,,,,,0.009,0.075,0.049,-0.313,0,0,0.019,0.019,0.031,,,-0.197,-0.172,-0.336,0.524,0.147,,,,-0.157,0,0.001,,,,,,,,,,,,,,,,,,,,,,,,,-0.01,-0.03,0.02,0.008,0.188,0.136,0.048,0.054,0.126,0.014,0.113,-0.007,,,,,,,,,,,,,,,,,,,,,,,,,,,,,,,,,,,,,,,,,,,,,,,,,,,,,,,,,,,,,,,,,,,,,,,,,,,,,,,,,,,,,,,,,,,,,,,,,,,,,,,,,,,,,,,,,,,,,,,,,,,,,,,,,,,,,,,,,,,,,,,,,,,,,,,,,,,,,,,,,,,,,,,,,,,,,,,,,,,,,,,,,,,,,,,,,,,,,,,,,,,,,,,,,,,,,,,,,,,,,,,,,,,,,,,,,,,,,,,,,,,,,,,,,,,,,,,,,,,,,,,,,,,,,,,,,,,,,,,,,,,,,,,,,,,,,,,,,,,,,,,,,,,,,,,,,,,,,,,,,,,,,,,,,,,,,,,,,,,,,,,,,,,,,,,,,,,,,,,,,,,,,,,,,,,,,,,,,,,,,,,,,,,,,,,,,,,,,,,,,,,,,,,,,,,,,,,,,,,,,,,,,,,,,,,,,,,,,,,,,,,,,,,,,,,,,,,,,,,,,,,,,,,,,,,,,,,,,,,,,,,,,,,,,,,,,,,,,,,,,,,,,,,,,,,,,,,,,,,,,,,,,,,,,,,,,,,,,,,,,,,,,,,,,,,,,,,,,,,,,,,,,,,,,,,,,,,,,,,,,,,,,,,,,,,,,,,,,,,,,,,,,,,,,,,,,,,,,,,,,,,,,,,,,,,,,,,,,,,,,,,-0.28,0.026,-0.037,0.238,0.027,0.023,-0.019,-0.027,0.105,0.084,0.117,0.042,-0.287,0.125,-0.15,-0.115,0.238,-0.027,0.138,-0.028,0.002,-0.018,-0.037,-0.019,0.042,-0.115,0.117,-0.15,0.057,0.057,0.026,0.023,-0.023,0.027,-0.002,0.023,-0.28,0.027,0.084,0.125,0.105,-0.287,-0.04,-0.48,-0.04,-0.48,-0.019,-0.013,-0.039,0,0,0,0,-0.003,-0.003,0.004,0,-0.137,0.296,0.001,0.004,0.039,-0.137,-0.013,0.001,0.114,0.039,0.004,-0.146,0.146,-0.048,0.002,0.055,0,0,0.081,0.146,0,0,0.004,0.029,-0.002,0.04,-0.003,0.04,0,0,-0.013,0.138,-0.014,0.137,-0.013,0.119,0,0,-0.312,-0.011,0,0,0,0,0,0,0.127,-0.049,0.097,0.07,0.012,0.013,-0.063,0.013,-0.029,0.013,-0.015,0.01,-0.041,0.003,0.013,0.003,0.013,0.018,,,,,,-0.029,-0.01,0.147,-0.029,-0.029,0.132,0,0,0,0,0,0,0,0,0,0.086,-0.082,0.218,0,0,0,0,,,,,,,,,0,0,0,0,,,,,,,,,,,,,,,,,,,,,,,,,,,,,,,,,,,,,,,,,,,,,,,,,,,,,,,,,,,,,,,,,,,,,,,,,,,,,,,,,,,,,,0
463,0.128,0.108,0.33,0.348,0.074,0.206,-0.007,0.008,0.204,0.195,-0.19,-0.19,0.147,-0.175,,,,,,,,,,0.009,0.22,0.049,-0.192,0.006,0,0.019,0.109,0.027,,,-0.291,0.118,,,,0.336,-0.502,-0.014,-0.157,0,0.001,,,,,,,,,,,,,,,,,,,,,,,,,-0.101,0.084,-0.023,-0.136,-0.212,-0.214,-0.117,-0.15,0.124,-0.05,-0.224,-0.006,,,,,,,,,,,,,,,,,,,,,,,,,,,,,,,,,,,,,,,,,,,,,,,,,,,,,,,,,,,,,,,,,,,,,,,,,,,,,,,,,,,,,,,,,,,,,,,,,,,,,,,,,,,,,,,,,,,,,,,,,,,,,,,,,,,,,,,,,,,,,,,,,,,,,,,,,,,,,,,,,,,,,,,,,,,,,,,,,,,,,,,,,,,,,,,,,,,,,,,,,,,,,,,,,,,,,,,,,,,,,,,,,,,,,,,,,,,,,,,,,,,,,,,,,,,,,,,,,,,,,,,,,,,,,,,,,,,,,,,,,,,,,,,,,,,,,,,,,,,,,,,,,,,,,,,,,,,,,,,,,,,,,,,,,,,,,,,,,,,,,,,,,,,,,,,,,,,,,,,,,,,,,,,,,,,,,,,,,,,,,,,,,,,,,,,,,,,,,,,,,,,,,,,,,,,,,,,,,,,,,,,,,,,,,,,,,,,,,,,,,,,,,,,,,,,,,,,,,,,,,,,,,,,,,,,,,,,,,,,,,,,,,,,,,,,,,,,,,,,,,,,,,,,,,,,,,,,,,,,,,,,,,,,,,,,,,,,,,,,,,,,,,,,,,,,,,,,,,,,,,,,,,,,,,,,,,,,,,,,,,,,,,,,,,,,,,,,,,,,,,,,,,,,,,,,,,,,,,,,,,,,,,,,,,,,,,,,,,,,,,,,-0.28,-0.19,0.072,-0.207,-0.017,-0.026,0.069,0.044,0.131,0.109,-0.125,-0.134,-0.311,0.069,-0.017,0.218,-0.207,0.044,0.203,0.061,-0.263,0.054,0.072,0.069,-0.134,0.218,-0.125,-0.017,0.063,0.063,-0.19,-0.026,-0.023,-0.017,-0.076,-0.026,-0.28,-0.017,0.109,0.069,0.131,-0.311,-0.04,-0.48,-0.04,-0.48,-0.028,-0.017,-0.047,0,0,0,0,0.009,0.009,0.003,0.002,-0.056,0.086,-0.002,0.003,0.199,-0.056,0.007,-0.002,0.05,0.199,0.002,-0.065,0.144,0.195,-0.001,0.215,0,0,-0.019,0.271,0,0,-0.009,0.257,-0.006,0.276,-0.006,0.276,0,0,0.003,0.059,0.002,0.059,0.007,0.055,0,0,-0.271,-0.005,0,0,0,0,0,0,0.147,0.174,0.046,0.092,0.017,0.022,-0.064,0.013,-0.029,0.013,-0.032,0.017,0.128,0.02,0.013,0.009,0.013,-0.049,,,,,,0.153,0.118,-0.119,0.153,0.153,0.116,0,0,0,0,0,0,0,0,0,0.091,0.03,0.231,0,0,0,0,,,,,,,,,0,0,0,0,,,,,,,,,,,,,,,,,,,,,,,,,,,,,,,,,,,,,,,,,,,,,,,,,,,,,,,,,,,,,,,,,,,,,,,,,,,,,,,,,,,,,,0
464,-0.062,-0.123,0.003,0.003,-0.23,0.07,0.015,0.128,0.061,0.265,-0.105,-0.105,-0.063,0.165,,,,,,,,,,0.009,-0.148,0.049,-0.258,-0.002,0,0.019,-0.245,-0.024,,,0.109,-0.061,,,,-0.164,0.235,-0.02,0.343,0,0.001,,,,,,,,,,,,,,,,,,,,,,,,,-0.02,0.039,-0.015,-0.07,-0.012,-0.002,0.029,-0.051,-0.174,0.018,0.034,0.006,,,,,,,,,,,,,,,,,,,,,,,,,,,,,,,,,,,,,,,,,,,,,,,,,,,,,,,,,,,,,,,,,,,,,,,,,,,,,,,,,,,,,,,,,,,,,,,,,,,,,,,,,,,,,,,,,,,,,,,,,,,,,,,,,,,,,,,,,,,,,,,,,,,,,,,,,,,,,,,,,,,,,,,,,,,,,,,,,,,,,,,,,,,,,,,,,,,,,,,,,,,,,,,,,,,,,,,,,,,,,,,,,,,,,,,,,,,,,,,,,,,,,,,,,,,,,,,,,,,,,,,,,,,,,,,,,,,,,,,,,,,,,,,,,,,,,,,,,,,,,,,,,,,,,,,,,,,,,,,,,,,,,,,,,,,,,,,,,,,,,,,,,,,,,,,,,,,,,,,,,,,,,,,,,,,,,,,,,,,,,,,,,,,,,,,,,,,,,,,,,,,,,,,,,,,,,,,,,,,,,,,,,,,,,,,,,,,,,,,,,,,,,,,,,,,,,,,,,,,,,,,,,,,,,,,,,,,,,,,,,,,,,,,,,,,,,,,,,,,,,,,,,,,,,,,,,,,,,,,,,,,,,,,,,,,,,,,,,,,,,,,,,,,,,,,,,,,,,,,,,,,,,,,,,,,,,,,,,,,,,,,,,,,,,,,,,,,,,,,,,,,,,,,,,,,,,,,,,,,,,,,,,,,,,,,,,,,,,,,,,,,0.182,0.077,0.232,-0.146,0.053,0.039,-0.05,-0.014,-0.142,-0.106,0.068,0.033,0.148,-0.043,-0.017,0.218,-0.146,-0.014,-0.028,-0.047,0.416,-0.011,0.232,-0.05,0.033,0.218,0.068,-0.017,0.104,0.104,0.077,0.039,0.109,0.053,0.015,0.039,0.182,0.053,-0.106,-0.043,-0.142,0.148,0.017,-0.48,0.017,-0.48,-0.033,-0.02,-0.063,0,0,0,0,-0.003,-0.003,-0.005,-0.002,0.215,0.243,-0.006,-0.005,0.019,0.215,-0.011,-0.006,0.27,0.019,-0.005,0.205,-0.055,0.043,-0.006,0.035,0,0,0.023,0.063,0,0,0.015,0.021,-0.002,0.012,-0.002,0.012,0,0,-0.012,0.265,-0.013,0.265,-0.011,0.275,0,0,0.119,0.003,0,0,0,0,0,0,-0.223,0.209,0.022,0.03,0.007,-0.052,0.117,0.013,0.055,0.013,0.051,0.013,0.029,0.019,0.013,0.011,0.013,-0.03,,,,,,0.017,-0.008,-0.38,0.017,0.017,0.067,0,0,0,0,0,0,0,0,,,,,,,,,0.108,-0.117,0.108,-0.117,0,0,0,0,0,0,0,0,,,,,,,,,,,,,,,,,,,,,,,,,,,,,,,,,,,,,,,,,,,,,,,,,,,,,,,,,,,,,,,,,,,,,,,,,,,,,,,,,,,,,,0
466,-0.003,0.101,-0.015,0.021,0.031,0.025,0,-0.072,0.036,0.013,-0.008,-0.008,0.167,-0.061,-0.013,-0.062,-0.092,0.573,-0.001,0,0.01,-0.147,0.056,,,,,,,,,,,,-0.189,0.134,-0.336,0.512,0.152,,,,-0.157,0,0.001,,,,,,,,,,,,,-0.042,0.026,-0.028,-0.003,-0.039,-0.042,-0.063,-0.032,-0.149,-0.006,0,0.001,,,,,,,,,,,,,,,,,,,,,,,,,,,,,,,,,,,,,,,,,,,,,,,,,,,,,,,,,,,,,,,,,,,,,,,,,,,,,,,,,,,,,,,,,,,,,,,,,,,,,,,,,,,,,,,,,,,,,,,,,,,,,,,,,,,,,,,,,,,,,,,,,,,,,,,,,,,,,,,,,,,,,,,,,,,,,,,,,,,,,,,,,,,,,,,,,,,,,,,,,,,,,,,,,,,,,,,,,,,,,,,,,,,,,,,,,,,,,,,,,,,,,,,,,,,,,,,,,,,,,,,,,,,,,,,,,,,,,,,,,,,,,,,,,,,,,,,,,,,,,,,,,,,,,,,,,,,,,,,,,,,,,,,,,,,,,,,,,,,,,,,,,,,,,,,,,,,,,,,,,,,,,,,,,,,,,,,,,,,,,,,,,,,,,,,,,,,,,,,,,,,,,,,,,,,,,,,,,,,,,,,,,,,,,,,,,,,,,,,,,,,,,,,,,,,,,,,,,,,,,,,,,,,,,,,,,,,,,,,,,,,,,,,,,,,,,,,,,,,,,,,,,,,,,,,,,,,,,,,,,,,,,,,,,,,,,,,,,,,,,,,,,,,,,,,,,,,,,,,,,,,,,,,,,,,,,,,,,,,,,,,,,,,,,,,,,,,,,,,,,,,,,,,,,,,,,,,,,,,,,,,,,,,,,,,,,,,,,,,,,-0.363,0.153,-0.057,0.001,-0.036,0.083,0.025,-0.166,-0.036,0.02,0.003,0.148,0.116,-0.037,-0.147,0.134,-0.147,0.023,-0.022,-0.023,0.013,-0.085,0.157,0.16,0.038,-0.034,-0.322,-0.043,-0.083,0.218,0.023,-0.085,0.073,0.004,-0.127,-0.076,-0.147,0.013,-0.034,0.218,0.038,-0.083,0.057,0.057,0.134,-0.023,0.015,-0.022,0.035,-0.023,-0.147,-0.022,0.16,-0.043,0.157,-0.322,-0.04,-0.48,-0.04,-0.48,-0.023,-0.017,-0.047,0,0,0,0,0.011,0.011,0,0,-0.029,0.138,-0.007,0,0.099,-0.029,-0.013,-0.007,0.128,0.099,-0.001,-0.038,0.141,0.043,-0.006,0.115,0,0,-0.074,-0.067,0,0,0.004,-0.003,0.008,-0.007,0.008,-0.007,0,0,-0.013,0.067,0.086,0.08,-0.013,0.133,0,0,-0.312,-0.007,0,0,0,0,0,0,0.141,-0.045,0.12,0.038,0.019,0.09,0.043,0.013,0.021,0.013,-0.065,0.017,0.086,0.043,0.013,0.021,0.013,-0.03,,,,,,0.062,0.05,-0.012,0.062,0.062,-0.006,0,0,0,0,0,0,0,0,0,0.06,0.03,0.152,0,0,0,0,,,,,,,,,0,0,0,0,,,,,,,,,,,,,,,,,,,,,,,,,,,,,,,,,,,,,,,,,,,,,,,,,,,,,,,,,,,,,,,,,,,,,,,,,,,,,,,,,,,,,,0
469,-0.003,0.101,-0.015,0.021,0.031,0.025,0,-0.072,0.036,0.013,-0.008,-0.008,0.167,-0.061,-0.013,-0.062,-0.092,0.573,-0.001,0,0.01,-0.147,0.056,,,,,,,,,,,,-0.189,0.134,-0.336,0.512,0.152,,,,-0.157,0,0.001,,,,,,,,,,,,,-0.042,0.026,-0.028,-0.003,-0.039,-0.042,-0.063,-0.032,-0.149,-0.006,0,0.001,,,,,,,,,,,,,,,,,,,,,,,,,,,,,,,,,,,,,,,,,,,,,,,,,,,,,,,,,,,,,,,,,,,,,,,,,,,,,,,,,,,,,,,,,,,,,,,,,,,,,,,,,,,,,,,,,,,,,,,,,,,,,,,,,,,,,,,,,,,,,,,,,,,,,,,,,,,,,,,,,,,,,,,,,,,,,,,,,,,,,,,,,,,,,,,,,,,,,,,,,,,,,,,,,,,,,,,,,,,,,,,,,,,,,,,,,,,,,,,,,,,,,,,,,,,,,,,,,,,,,,,,,,,,,,,,,,,,,,,,,,,,,,,,,,,,,,,,,,,,,,,,,,,,,,,,,,,,,,,,,,,,,,,,,,,,,,,,,,,,,,,,,,,,,,,,,,,,,,,,,,,,,,,,,,,,,,,,,,,,,,,,,,,,,,,,,,,,,,,,,,,,,,,,,,,,,,,,,,,,,,,,,,,,,,,,,,,,,,,,,,,,,,,,,,,,,,,,,,,,,,,,,,,,,,,,,,,,,,,,,,,,,,,,,,,,,,,,,,,,,,,,,,,,,,,,,,,,,,,,,,,,,,,,,,,,,,,,,,,,,,,,,,,,,,,,,,,,,,,,,,,,,,,,,,,,,,,,,,,,,,,,,,,,,,,,,,,,,,,,,,,,,,,,,,,,,,,,,,,,,,,,,,,,,,,,,,,,,,,,,-0.363,0.153,-0.057,0.001,-0.036,0.083,0.025,-0.166,-0.036,0.02,0.003,0.148,0.116,-0.037,-0.147,0.134,-0.147,0.023,-0.022,-0.023,0.013,-0.085,0.157,0.16,0.038,-0.034,-0.322,-0.043,-0.083,0.218,0.023,-0.085,0.073,0.004,-0.127,-0.076,-0.147,0.013,-0.034,0.218,0.038,-0.083,0.057,0.057,0.134,-0.023,0.015,-0.022,0.035,-0.023,-0.147,-0.022,0.16,-0.043,0.157,-0.322,-0.04,-0.48,-0.04,-0.48,-0.023,-0.017,-0.047,0,0,0,0,0.011,0.011,0,0,-0.029,0.138,-0.007,0,0.099,-0.029,-0.013,-0.007,0.128,0.099,-0.001,-0.038,0.141,0.043,-0.006,0.115,0,0,-0.074,-0.067,0,0,0.004,-0.003,0.008,-0.007,0.008,-0.007,0,0,-0.013,0.067,0.086,0.08,-0.013,0.133,0,0,-0.312,-0.007,0,0,0,0,0,0,0.141,-0.045,0.12,0.038,0.019,0.09,0.043,0.013,0.021,0.013,-0.065,0.017,0.086,0.043,0.013,0.021,0.013,-0.03,,,,,,0.062,0.05,-0.012,0.062,0.062,-0.006,0,0,0,0,0,0,0,0,0,0.06,0.03,0.152,0,0,0,0,,,,,,,,,0,0,0,0,,,,,,,,,,,,,,,,,,,,,,,,,,,,,,,,,,,,,,,,,,,,,,,,,,,,,,,,,,,,,,,,,,,,,,,,,,,,,,,,,,,,,,0
470,0.062,0.048,0.003,-0.016,-0.013,0.161,-0.015,-0.032,-0.01,0.035,-0.328,-0.328,0.008,-0.049,-0.013,0.535,0.108,-0.247,0,0,0.01,0.016,0.072,,,,,,,,,,0.024,0.014,,,,,,0.336,-0.41,0.174,-0.157,0,0.001,,,,,,,,,,,,,,,,,,,,,,,,,-0.051,-0.09,-0.01,0.019,-0.112,-0.099,-0.165,0.047,-0.253,-0.138,-0.066,-0.076,,,,,,,,,,,,,,,,,,,,,,,,,,,,,,,,,,,,,,,,,,,,,,,,,,,,,,,,,,,,,,,,,,,,,,,,,,,,,,,,,,,,,,,,,,,,,,,,,,,,,,,,,,,,,,,,,,,,,,,,,,,,,,,,,,,,,,,,,,,,,,,,,,,,,,,,,,,,,,,,,,,,,,,,,,,,,,,,,,,,,,,,,,,,,,,,,,,,,,,,,,,,,,,,,,,,,,,,,,,,,,,,,,,,,,,,,,,,,,,,,,,,,,,,,,,,,,,,,,,,,,,,,,,,,,,,,,,,,,,,,,,,,,,,,,,,,,,,,,,,,,,,,,,,,,,,,,,,,,,,,,,,,,,,,,,,,,,,,,,,,,,,,,,,,,,,,,,,,,,,,,,,,,,,,,,,,,,,,,,,,,,,,,,,,,,,,,,,,,,,,,,,,,,,,,,,,,,,,,,,,,,,,,,,,,,,,,,,,,,,,,,,,,,,,,,,,,,,,,,,,,,,,,,,,,,,,,,,,,,,,,,,,,,,,,,,,,,,,,,,,,,,,,,,,,,,,,,,,,,,,,,,,,,,,,,,,,,,,,,,,,,,,,,,,,,,,,,,,,,,,,,,,,,,,,,,,,,,,,,,,,,,,,,,,,,,,,,,,,,,,,,,,,,,,,,,,,,,,,,,,,,,,,,,,,,,,,,,,,,,,,,-0.147,-0.082,-0.091,-0.137,-0.049,-0.044,-0.094,-0.124,0.105,0.109,0.048,0.052,-0.202,-0.088,-0.017,-0.115,-0.137,-0.124,0.107,-0.104,-0.222,-0.115,-0.091,-0.094,0.052,-0.115,0.048,-0.017,0.101,0.101,-0.082,-0.044,0.015,-0.05,-0.039,-0.044,-0.147,-0.049,0.109,-0.088,0.105,-0.202,-0.04,0.52,-0.04,0.52,0.039,0.031,0.098,0,0,0,0,-0.001,-0.001,-0.005,0.001,-0.083,-0.125,-0.006,-0.005,0.079,-0.083,0.02,-0.006,-0.116,0.079,-0.005,-0.092,0.141,0.013,-0.006,0.095,0,0,-0.006,-0.033,0,0,0.005,-0.066,0.009,-0.031,0.009,-0.031,0,0,0.014,-0.099,0.013,-0.099,0.019,-0.11,0,0,-0.124,0.031,0,0,0,0,0,0,0.142,-0.08,-0.105,-0.142,0.008,-0.021,-0.018,0.013,-0.007,0.013,0.031,0.011,0.001,-0.017,0.013,-0.007,0.013,-0.069,,,,,,-0.074,-0.066,-0.083,-0.074,-0.074,-0.055,0,0,0,0,0,0,0,0,,,,,,,,,-0.092,0.25,-0.092,0.25,0,0,0,0,0,0,0,0,,,,,,,,,,,,,,,,,,,,,,,,,,,,,,,,,,,,,,,,,,,,,,,,,,,,,,,,,,,,,,,,,,,,,,,,,,,,,,,,,,,,,,0
471,,,,,,,,,,,,,,,,,,,,,,,,,,,,,,,,,,,,,,,,,,,,,,,,,,,,,,,,,,,,,,,,,,,,,,,,,,,,,,,,,,-0.002,0.026,-0.057,-0.153,-0.053,-0.077,-0.006,-0.041,0.025,0.111,0.172,0.172,-0.201,0.048,,,,,,,,,,0.012,-0.206,0.048,-0.347,-0.002,0,0.013,-0.229,0.041,,,0.022,-0.013,-0.01,-0.1,-0.014,,,,-0.197,0,0,0.055,0.103,-0.025,-0.075,0.013,0.016,0.047,-0.429,-0.281,0.044,-0.175,0.028,0.006,0.006,,,,,,,,,,,,,,,,,,,,,,,,,,,,,,,,,,,,,,,,,,,,,,,,,,,,,,,,,,,,,,,,,,,,,,,,,,,,,,,,,,,,,,,,,,,,,,,,,,,,,,,,,,,,,,,,,,,,,,,,,,,,,,,,,,,,,,,,,,,,,,,,,,,,,,,,,,,,,,,,,,,,,,,,,,,,,,,,,,,,,,,,,,,,,,,,,,,,,,,,,,,,,,,,,,,,,,,,,,,,,,,,,,,,,,,,,,,,,,,,,,,,,,,,,,,,,,,,,,,,,,,,,,,,,,,,,,,,,,,,,,,,,,,,,,,,,,,,,,,,,,,,,,,,,,,,,,,,,,,,,,,,,,,,,,,,,,,,,,,,,,,,,,,,,,,,,,,,,,,,,,,,,,,,,,,,,,,,,,,,,,,,,,,,,,,,,,,,,,,,,,,,,,,,,,,,,,,,,,,,,,,,,,,,,,,,,,,,,,,,,,,,,,,,,,,,,,,,,,,,,,,,,,,,,,,,,,,,,,,,,,,,,,,,,,,,,,,,,,,,,,,,,,,,,,,,,,,,,,,,,,,,,,,,,,,,,,,,,,,,,,,,,,,,,,,,,,,,,,,,,,,,,,,,,,,,,,,,,,,,,,,,-0.28,-0.19,0.073,-0.085,-0.039,-0.025,0.113,0.032,0.105,0.084,-0.041,-0.053,-0.143,0.137,-0.017,0.218,-0.085,0.032,0.203,0.106,-0.191,0.041,0.073,0.113,-0.053,0.218,-0.041,-0.017,0.057,0.057,-0.19,-0.025,-0.137,-0.04,-0.076,-0.025,-0.28,-0.039,0.084,0.137,0.105,-0.143,-0.04,0.52,-0.04,0.52,0.005,0.007,0.016,-0.001,0,0,0,-0.008,-0.008,0.001,-0.002,-0.002,-0.204,-0.004,0.001,0.219,-0.002,-0.001,-0.004,-0.056,0.219,0.001,-0.011,0.143,0.225,-0.003,0.235,0,0,-0.022,0.008,0,0,-0.002,-0.003,-0.009,0.009,-0.009,0.009,0,0,-0.004,-0.033,-0.005,-0.034,-0.002,-0.051,0,0,0.016,-0.007,0,0,0,0,0,0,0.149,-0.036,-0.025,-0.126,0.017,0.053,-0.013,0.013,-0.007,0.013,-0.025,0.014,0.075,0.022,0.013,0.011,0.013,-0.049,,,,,,0.062,0.056,-0.098,0.062,0.062,-0.063,0,0,0,0,0,0,0,0,,,,,,,,,0.008,-0.027,0.008,-0.027,0,0,0,0,0,0,0,0,,,,,,,,,,,,,,,,,,,,,,,,,,,,,,,,,,,,,,,,,,,,,,,,,,,,,,,,,,,,,,,,,,,,,,,,,,,,,,,,,,,,,,0
472,,,,,,,,,,,,,,,,,,,,,,,,,,,,,,,,,,,,,,,,,,,,,,,,,,,,,,,,,,,,,,,,,,,,,,,,,,,,,,,,,,,,,,,,,,,,,,,,,,,,,,,,,,,,,,,,,,,,,,,,,,,,,,,,,,,,,,,,,,,,,,,,,,,,,,,,,,,,,,,,,,,,,,,,,,,,,,,,,,,,,,,,,,,,,,,,,,,,,,,,,,,,,,,,,,,,,,,,,,,,,,,,,,,,,,,,,,,,,,,,,,,,,,,,,,,,,,,,,,,,,,,,,,,,,,,,,,,,,,,,,,,,,,,,,,,,,,,,,,,,,,,,,,,,,,,,,,,,,,,,,,,,,-0.039,0.035,-0.125,0.007,-0.122,-0.009,0.001,0.029,-0.211,0.244,0.218,0.295,-0.219,-0.001,,,,,,,,,,,,,,,,0.066,0.056,0.018,-0.007,0.044,0.106,0.091,0.001,0.26,0.013,0.014,0.02,0.002,-0.056,0.016,0.269,-0.001,-0.036,-0.002,0.003,0.018,0.001,0.033,0.003,,,,,,,,,,0.174,-0.125,-0.211,-0.219,0.029,0,0.109,0.094,0.122,0.177,0.021,,,,,,,,,,,,,,,,,,,,,,,,,,,,,,,,,,,,,,,,,,,,,,,,,,,,,,,,,,,,,,,,,,,,,,,,,,,,,,,,,,,,,,,,,,,,,,,,,,,,,,,,,,,,,,,,,,,,,,,,,,,,,,,,,,,,,,,,,,,,,,,,,,,,,,,,,,,,,,,,,,,,,,,,,,,,,,,,,,,,,,,,,,,,,,,,,,,,,,,,,,,,,,,,,,,,,,,,,,,,,,,,,,,,,,,,,,,,,,,,,,,,,,,,,,,,,,,,,,,,,,,,,,,,,,,,,,,,,,,,,,,,,,,,,,,,,,,,,,,0.044,0.115,-0.073,0.15,-0.03,0.01,0.101,0.06,-0.035,-0.002,-0.079,-0.077,0.043,-0.038,,,,,,,,,,,,,,,0.049,-0.03,-0.151,0.121,0.134,0.112,-0.132,-0.085,-0.038,-0.031,0.074,0.135,0.184,0.181,-0.05,-0.115,0.121,-0.085,-0.192,-0.123,0.193,-0.096,-0.151,-0.132,0.135,-0.115,0.074,-0.05,0.063,0.063,-0.03,0.112,0.071,0.136,-0.022,0.112,0.049,0.134,-0.031,0.181,-0.038,0.184,0.017,-0.48,0.017,-0.48,-0.009,-0.005,-0.008,0,0,0,0,0.016,0.016,0,-0.003,0.106,-0.072,0.001,0,-0.161,0.106,-0.012,0.001,0.233,-0.161,-0.001,0.097,-0.279,-0.169,0.002,-0.145,0,0,0.1,0.008,0,0,-0.006,-0.03,-0.002,0,-0.002,0,0,0,-0.013,0.208,-0.014,0.208,-0.012,0.238,0,0,-0.006,-0.001,0,0,0,0,0.001,0,0.118,-0.006,-0.01,-0.056,0.013,-0.001,0.038,0.013,0.019,0.013,-0.009,0.007,-0.095,0.028,0.013,0.013,0.013,0.05,,,,,,0.062,0.063,0.145,0.062,0.062,0.035,0,0,0,0,0,0,0,0,,,,,,,,,0.008,0.136,0.008,0.136,0,0,0,0,0,0,0,0,,,,,,,,,,,,,,,,,,,,,,,,,,,,,,,,,,,,,,,,,,,,,,,,,,,,,,,,,,,,,,,,,,,,,,,,,,,,,,,,,,,,,,0
473,,,,,,,,,,,,,,,,,,,,,,,,,,,,,,,,,,,,,,,,,,,,,,,,,,,,,,,,,,,,,,,,,,,,,,,,,,,,,,,,,,,,,,,,,,,,,,,,,,,,,,,,,,,,,,,,,,,,,,,,,,,,,,,,,,,,,,,,,,,,,,,,,,,,,,,,,,,,,,,,,,,,,,,,,,,,,,,,,,,,,,,,,,,,,,,,,,,,,,,,,,,,,,,,,,,,,,,,,,,,,,,,,,,,,,,,,,,,,,,,,,,,,,,,,,,,,,,,,,,,,,,,,,,,,,,,,,,,,,,,,,,,,,,,,,,,,,,,,,,,,,,,,,,,,,,,,,,,,,,,,,,,,-0.039,0.035,-0.125,0.007,-0.122,-0.009,0.001,0.029,-0.211,0.244,0.218,0.295,-0.219,-0.001,,,,,,,,,,,,,,,,0.066,0.056,0.018,-0.007,0.044,0.106,0.091,0.001,0.26,0.013,0.014,0.02,0.002,-0.056,0.016,0.269,-0.001,-0.036,-0.002,0.003,0.018,0.001,0.033,0.003,,,,,,,,,,0.174,-0.125,-0.211,-0.219,0.029,0,0.109,0.094,0.122,0.177,0.021,,,,,,,,,,,,,,,,,,,,,,,,,,,,,,,,,,,,,,,,,,,,,,,,,,,,,,,,,,,,,,,,,,,,,,,,,,,,,,,,,,,,,,,,,,,,,,,,,,,,,,,,,,,,,,,,,,,,,,,,,,,,,,,,,,,,,,,,,,,,,,,,,,,,,,,,,,,,,,,,,,,,,,,,,,,,,,,,,,,,,,,,,,,,,,,,,,,,,,,,,,,,,,,,,,,,,,,,,,,,,,,,,,,,,,,,,,,,,,,,,,,,,,,,,,,,,,,,,,,,,,,,,,,,,,,,,,,,,,,,,,,,,,,,,,,,,,,,,,,0.044,0.115,-0.073,0.15,-0.03,0.01,0.101,0.06,-0.035,-0.002,-0.079,-0.077,0.043,-0.038,,,,,,,,,,,,,,,0.049,-0.03,-0.151,0.121,0.134,0.112,-0.132,-0.085,-0.038,-0.031,0.074,0.135,0.184,0.181,-0.05,-0.115,0.121,-0.085,-0.192,-0.123,0.193,-0.096,-0.151,-0.132,0.135,-0.115,0.074,-0.05,0.063,0.063,-0.03,0.112,0.071,0.136,-0.022,0.112,0.049,0.134,-0.031,0.181,-0.038,0.184,0.017,-0.48,0.017,-0.48,-0.009,-0.005,-0.008,0,0,0,0,0.016,0.016,0,-0.003,0.106,-0.072,0.001,0,-0.161,0.106,-0.012,0.001,0.233,-0.161,-0.001,0.097,-0.279,-0.169,0.002,-0.145,0,0,0.1,0.008,0,0,-0.006,-0.03,-0.002,0,-0.002,0,0,0,-0.013,0.208,-0.014,0.208,-0.012,0.238,0,0,-0.006,-0.001,0,0,0,0,0.001,0,0.118,-0.006,-0.01,-0.056,0.013,-0.001,0.038,0.013,0.019,0.013,-0.009,0.007,-0.095,0.028,0.013,0.013,0.013,0.05,,,,,,0.062,0.063,0.145,0.062,0.062,0.035,0,0,0,0,0,0,0,0,,,,,,,,,0.008,0.136,0.008,0.136,0,0,0,0,0,0,0,0,,,,,,,,,,,,,,,,,,,,,,,,,,,,,,,,,,,,,,,,,,,,,,,,,,,,,,,,,,,,,,,,,,,,,,,,,,,,,,,,,,,,,,0
476,0.003,-0.011,-0.215,-0.197,-0.013,-0.066,-0.015,-0.072,0.061,0.115,-0.214,-0.214,-0.094,-0.055,0.087,-0.131,0.108,-0.184,0.003,0,0.01,0.436,0.02,,,,,,,,,,0.013,0.019,,,,,,-0.164,0.021,-0.033,-0.157,0,0.001,,,,,,,,,,,,,0.004,0.002,0.009,0,0.038,0.03,0.018,0.008,0.041,0.001,0,-0.003,,,,,,,,,,,,,,,,,,,,,,,,,,,,,,,,,,,,,,,,,,,,,,,,,,,,,,,,,,,,,,,,,,,,,,,,,,,,,,,,,,,,,,,,,,,,,,,,,,,,,,,,,,,,,,,,,,,,,,,,,,,,,,,,,,,,,,,,,,,,,,,,,,,,,,,,,,,,,,,,,,,,,,,,,,,,,,,,,,,,,,,,,,,,,,,,,,,,,,,,,,,,,,,,,,,,,,,,,,,,,,,,,,,,,,,,,,,,,,,,,,,,,,,,,,,,,,,,,,,,,,,,,,,,,,,,,,,,,,,,,,,,,,,,,,,,,,,,,,,,,,,,,,,,,,,,,,,,,,,,,,,,,,,,,,,,,,,,,,,,,,,,,,,,,,,,,,,,,,,,,,,,,,,,,,,,,,,,,,,,,,,,,,,,,,,,,,,,,,,,,,,,,,,,,,,,,,,,,,,,,,,,,,,,,,,,,,,,,,,,,,,,,,,,,,,,,,,,,,,,,,,,,,,,,,,,,,,,,,,,,,,,,,,,,,,,,,,,,,,,,,,,,,,,,,,,,,,,,,,,,,,,,,,,,,,,,,,,,,,,,,,,,,,,,,,,,,,,,,,,,,,,,,,,,,,,,,,,,,,,,,,,,,,,,,,,,,,,,,,,,,,,,,,,,,,,,,,,,,,,,,,,,,,,,,,,,,,,,,,,,,,,,,,,,,,,,,,,,,,,,,,,,,,,,,,,,,,,,,,,,,,,,,,,,,,,,,,,,,,,,,,,,,,,,,,,,,,,,,,,,,,,,,,,,,,,,,,,,,,,,,,,,,,,,,,,,,,,,,,,,,,,,,,,,,,,,,,,,,,,,,,,,,,,,,,,,,,,,,,,,,,,,,,,,,,,,,,,,,0,0,0,0,-0.05,0.033,0.025,0.068,0,0,0,0,0,0,0,0,-0.036,-0.086,0.136,0.134,0.083,-0.179,0.231,0.126,0.032,-0.163,,,,,,,,,0,0,0,0,-0.193,-0.012,-0.192,-0.045,-0.086,0,0,0,0.001,-0.067,0.004,-0.088,-0.112,-0.289,-0.055,-0.088,0,0,0,0,-0.52,0.048,-0.008,0,0,0,-0.001,-0.012,0,0,0,0,0.251,,,,,,,,0,0,0,0,0
477,,,,,,,,,,,,,,,,,,,,,,,,,,,,,,,,,,,,,,,,,,,,,,,,,,,,,,,,,,,,,,,,,,,,,,,,,,,,,,,,,,0.016,-0.01,-0.116,-0.291,0.002,0,-0.01,-0.072,-0.143,-0.174,0.146,0.146,-0.134,0.24,-0.067,0.227,-0.034,-0.064,-0.002,0,-0.069,0.088,0.016,,,,,,,,,,0.011,0.028,,,,,,-0.044,-0.093,0.159,-0.197,0,0,,,,,,,,,,,,,,,,,,,,,,,,,,,,,-0.013,0.154,-0.054,-0.021,-0.148,-0.158,0.039,-0.007,0.068,-0.042,-0.094,0.059,-0.09,-0.064,,,,,,,,,,,,,,,,,,,,,,,,,,,,,,,,,,,,,,,,,,,,,,,,,,,,,,,,,,,,,,,,,,,,,,,,,,,,,,,,,,,,,,,,,,,,,,,,,,,,,,,,,,,,,,,,,,,,,,,,,,,,,,,,,,,,,,,,,,,,,,,,,,,,,,,,,,,,,,,,,,,,,,,,,,,,,,,,,,,,,,,,,,,,,,,,,,,,,,,,,,,,,,,,,,,,,,,,,,,,,,,,,,,,,,,,,,,,,,,,,,,,,,,,,,,,,,,,,,,,,,,,,,,,,,,,,,,,,,,,,,,,,,,,,,,,,,,,,,,,,,,,,,,,,,,,,,,,,,,,,,,,,,,,,,,,,,,,,,,,,,,,,,,,,,,,,,,,,,,,,,,,,,,,,,,,,,,,,,,,,,,,,,,,,,,,,,,,,,,,,,,,,,,,,,,,,,,,,,,,,,,,,,,,,,,,,,,,,,,,,,,,,,,,,,,,,,,,,,,,,,,,,,,,,,,,,,,,,,,,,,,,,,,,,,,,,,,,,,,,,,,,,,,,,,,,,,,,,,,,,,,,,,,,,,,,,,,,,,,,,,,,,,,,,,,,,,,,-0.04,-0.103,-0.119,0.04,-0.072,-0.093,0.063,0.109,0.282,0.306,0.169,0.169,-0.132,0.137,0.183,-0.115,0.04,0.109,-0.241,0.068,0.212,0.105,-0.119,0.063,0.169,-0.115,0.169,0.183,-0.702,-0.702,-0.103,-0.093,0.045,-0.074,-0.047,-0.093,-0.04,-0.072,0.306,0.137,0.282,-0.132,-0.183,0.52,-0.183,0.52,0.02,0.019,0.086,0,0,0,0,-0.002,-0.002,0.004,0.001,-0.056,-0.02,0.005,0.004,-0.021,-0.056,-0.006,0.005,0.228,-0.021,,,,,,,,,,,,,,,,,,,,,,,,,,,,,,,,,0,0,0,0,-0.222,-0.164,0.059,-0.043,0.014,0.025,0.052,0.013,0.021,0.013,-0.025,0.014,0.001,-0.103,0.013,-0.045,0.013,0.018,,,,,,0.153,0.141,0.156,0.153,0.153,-0.03,0,0,0,0,0,0,0,0,0,-0.069,0.03,-0.176,0,0,0,0,,,,,,,,,0,0,0,0,,,,,,,,,,,,,,,,,,,,,,,,,,,,,,,,,,,,,,,,,,,,,,,,,,,,,,,,,,,,,,,,,,,,,,,,,,,,,,,,,,,,,,0
478,-0.095,-0.056,-0.197,-0.161,-0.013,0.116,0.008,0.008,0.234,-0.094,0.351,0.351,0.129,-0.061,-0.013,-0.112,0.008,-0.264,-0.001,0,0.01,-0.221,0.07,,,,,,,,,,0.064,-0.009,,,0.164,-0.262,-0.115,,,,0.343,0,0.001,,,,,,,,,,,,,,,,,,,,,,,,,0.056,-0.03,-0.002,-0.153,0.188,0.214,0.029,-0.051,-0.068,-0.003,0.113,-0.049,,,,,,,,,,,,,,,,,,,,,,,,,,,,,,,,,,,,,,,,,,,,,,,,,,,,,,,,,,,,,,,,,,,,,,,,,,,,,,,,,,,,,,,,,,,,,,,,,,,,,,,,,,,,,,,,,,,,,,,,,,,,,,,,,,,,,,,,,,,,,,,,,,,,,,,,,,,,,,,,,,,,,,,,,,,,,,,,,,,,,,,,,,,,,,,,,,,,,,,,,,,,,,,,,,,,,,,,,,,,,,,,,,,,,,,,,,,,,,,,,,,,,,,,,,,,,,,,,,,,,,,,,,,,,,,,,,,,,,,,,,,,,,,,,,,,,,,,,,,,,,,,,,,,,,,,,,,,,,,,,,,,,,,,,,,,,,,,,,,,,,,,,,,,,,,,,,,,,,,,,,,,,,,,,,,,,,,,,,,,,,,,,,,,,,,,,,,,,,,,,,,,,,,,,,,,,,,,,,,,,,,,,,,,,,,,,,,,,,,,,,,,,,,,,,,,,,,,,,,,,,,,,,,,,,,,,,,,,,,,,,,,,,,,,,,,,,,,,,,,,,,,,,,,,,,,,,,,,,,,,,,,,,,,,,,,,,,,,,,,,,,,,,,,,,,,,,,,,,,,,,,,,,,,,,,,,,,,,,,,,,,,,,,,,,,,,,,,,,,,,,,,,,,,,,,,,,,,,,,,,,,,,,,,,,,,,,,,,,,,,,,0.448,0.077,0.011,0.07,0.063,0.068,-0.006,-0.066,0.04,0.045,-0.011,0.033,0.137,-0.043,-0.017,-0.115,0.07,-0.066,0.167,-0.015,-0.099,-0.057,0.011,-0.006,0.033,-0.115,-0.011,-0.017,0.104,0.104,0.077,0.068,0.184,0.063,0.015,0.069,0.448,0.063,0.045,-0.043,0.04,0.137,0.017,-0.48,0.017,-0.48,-0.033,-0.028,-0.102,0,0,0,0,-0.01,-0.01,-0.002,0.002,0.052,0.112,-0.001,-0.002,-0.101,0.052,0.038,-0.001,-0.074,-0.101,-0.002,0.043,-0.13,-0.048,-0.001,-0.085,0,0,-0.029,-0.08,0,0,0.001,0.005,-0.006,-0.022,-0.006,-0.022,0,0,0.004,-0.112,0.003,-0.112,0.037,-0.069,0,0,0.095,0.012,0,0,0,0,0,0,0.029,0.065,-0.066,0.031,0.012,0.005,0.034,0.013,0.015,0.013,-0.015,0.009,-0.058,-0.014,0.013,-0.005,0.013,0.05,,,,,,0.153,0.147,-0.053,0.153,0.153,0.067,0,0,0,0,0,0,0,0,0,0.011,0.03,0.028,0,0,0,0,,,,,,,,,0,0,0,0,,,,,,,,,,,,,,,,,,,,,,,,,,,,,,,,,,,,,,,,,,,,,,,,,,,,,,,,,,,,,,,,,,,,,,,,,,,,,,,,,,,,,,0
479,-0.036,0.004,-0.215,-0.161,-0.143,-0.294,0,-0.072,-0.158,-0.174,-0.319,-0.319,-0.03,-0.184,,,,,,,,,,0.009,-0.205,-0.051,0.493,-0.004,0,0.019,-0.282,-0.028,,,0.063,0.046,,,,-0.164,0.004,0.014,-0.157,0,0.001,,,,,,,,,,,,,,,,,,,,,,,,,-0.13,-0.043,-0.007,0.097,0.188,0.177,-0.021,0.337,-0.23,-0.08,0.241,-0.076,,,,,,,,,,,,,,,,,,,,,,,,,,,,,,,,,,,,,,,,,,,,,,,,,,,,,,,,,,,,,,,,,,,,,,,,,,,,,,,,,,,,,,,,,,,,,,,,,,,,,,,,,,,,,,,,,,,,,,,,,,,,,,,,,,,,,,,,,,,,,,,,,,,,,,,,,,,,,,,,,,,,,,,,,,,,,,,,,,,,,,,,,,,,,,,,,,,,,,,,,,,,,,,,,,,,,,,,,,,,,,,,,,,,,,,,,,,,,,,,,,,,,,,,,,,,,,,,,,,,,,,,,,,,,,,,,,,,,,,,,,,,,,,,,,,,,,,,,,,,,,,,,,,,,,,,,,,,,,,,,,,,,,,,,,,,,,,,,,,,,,,,,,,,,,,,,,,,,,,,,,,,,,,,,,,,,,,,,,,,,,,,,,,,,,,,,,,,,,,,,,,,,,,,,,,,,,,,,,,,,,,,,,,,,,,,,,,,,,,,,,,,,,,,,,,,,,,,,,,,,,,,,,,,,,,,,,,,,,,,,,,,,,,,,,,,,,,,,,,,,,,,,,,,,,,,,,,,,,,,,,,,,,,,,,,,,,,,,,,,,,,,,,,,,,,,,,,,,,,,,,,,,,,,,,,,,,,,,,,,,,,,,,,,,,,,,,,,,,,,,,,,,,,,,,,,,,,,,,,,,,,,,,,,,,,,,,,,,,,,,,,0.151,0.161,-0.104,0.165,-0.088,-0.082,0.082,0.077,0.086,0.065,0.026,0.05,-0.049,-0.088,-0.083,0.218,0.165,0.077,0.099,0.074,-0.042,0.086,-0.104,0.082,0.05,0.218,0.026,-0.083,0.037,0.037,0.161,-0.082,0.1,-0.089,0.044,-0.082,0.151,-0.088,0.065,-0.088,0.086,-0.049,0.589,0.52,0.589,0.52,0.058,0.031,0.067,0,0,0,0,0.005,0.005,-0.002,-0.001,-0.218,-0.046,-0.007,-0.002,0.179,-0.218,-0.006,-0.007,0.059,0.179,,,,,,,,,,,,,,,,,,,,,,,,,,,,,,,,,0,0,0,0,0.118,-0.038,-0.061,-0.154,0.01,0.005,0.063,0.013,0.031,0.013,-0.002,0.009,-0.098,0.12,0.013,0.049,0.013,0.131,,,,,,0.108,0.103,-0.017,0.108,0.108,-0.039,0,0,0,0,0,0,0,0,0,-0.074,-0.082,-0.188,0,0,0,0,,,,,,,,,0,0,0,0,,,,,,,,,,,,,,,,,,,,,,,,,,,,,,,,,,,,,,,,,,,,,,,,,,,,,,,,,,,,,,,,,,,,,,,,,,,,,,,,,,,,,,0
484,,,,,,,,,,,,,,,,,,,,,,,,,,,,,,,,,,,,,,,,,,,,,,,,,,,,,,,,,,,,,,,,,,,,,,,,,,,,,,,,,,,,,,,,,,,,,,,,,,,,,,,,,,,,,,,,,,,,,,,,,,,,,,,,,,,,,,,,,,,,,,,,,,,,,,,,,,,,,,,,,,,,,,,,,,,,,,,,,,,,,,,,,,,,,,,,,,,,,,,,,,,,,,,,,,,,,,,,,,,,,,,,,,,,,,,,,,,,,,,,,,,,,,,,,,,,,,,,,,,,,,,,,,,,,,,,,,,,,,,,,,,,,,,,,,,,,,,,,,,,,,,,,,,,,,,,,,,,,,,,,,,,,,,,,,,,,,,,,,,,,,,,,,,,,,,,,,,,,,,,,,,,,,,,,,,,,,,,,,,,,,,,,,,,,,,,,,,,,,0.106,0.348,0.104,0.161,0,0.008,0.031,0.006,0.067,0.064,0.086,0,0.047,0.001,0,-0.01,0.004,0.116,0.022,0.004,-0.005,-0.007,-0.019,0,-0.023,0.015,,,,,,,,,,,,,,,,,,,,,,,-0.005,0.029,-0.024,-0.043,-0.024,0.003,-0.043,-0.003,0.363,-0.1,0.363,0.02,0.001,0.205,0.153,0.335,0.316,0.13,-0.099,0.075,,,,,,,,,,,,,,,,,,,,,,,,,,,,,,,,,,,,,,,,,,,,,,,,,,,,,,,,,,,,,,,,,,,,,,,,,,,,,,,,,,,,,,,,,,,,,,,,,,,,,,,,,,,,,,,,,,,,,,,,,,,,,,,,,,,,,,,,,,,,,,,,,,,,,,,,,,,,,,,,,,,,,,,,,,,,,,,,,,,,,,,,,,,,,,,,,,,,,,,,,,,,,,,,,,,,,,,,,-0.015,0.065,0.155,-0.179,-0.031,0.024,0.08,-0.288,-0.035,-0.005,0.093,-0.068,0.077,-0.034,,,,,,,,,,,,,,,,,,,,,,,,,,,,,0.182,-0.03,-0.039,-0.207,0.001,0.001,-0.113,-0.059,0.014,-0.005,-0.125,-0.019,0.266,-0.099,-0.017,0.218,-0.207,-0.059,-0.39,-0.098,0.063,-0.076,-0.039,-0.113,-0.019,0.218,-0.125,-0.017,0.063,0.063,-0.03,0.001,0.109,0.001,-0.022,0.001,0.182,0.001,-0.005,-0.099,0.014,0.266,0.017,-0.48,0.017,-0.48,0.01,0.007,0.059,0,0,0,0,-0.002,-0.002,0.004,-0.003,-0.056,0.007,-0.007,0.004,0.059,-0.056,0.017,-0.007,-0.148,0.059,0.004,-0.065,0.022,0.104,-0.007,0.075,0,0,-0.055,-0.043,0,0,0.004,0.045,-0.002,0.015,-0.003,0.015,0,0,-0.014,-0.126,-0.015,-0.126,0.017,-0.142,0,0,-0.13,0.01,0,0,0,0,0,0,0.154,0.157,-0.106,-0.134,0.016,0.027,0.044,0.013,0.021,0.013,0.005,0.008,-0.05,0.066,0.013,0.029,0.013,0.057,,,,,,0.199,0.163,-0.255,0.199,0.199,-0.274,0,0,0,0,0,0,0,0.002,0,-0.005,0.03,-0.013,0,0,0,0.001,,,,,,,,,0,0,0,0,,,,,,,,,,,,,,,,,,,,,,,,,,,,,,,,,,,,,,,,,,,,,,,,,,,,,,,,,,,,,,,,,,,,,,,,,,,,,,,,,,,,,,0
486,,,,,,,,,,,,,,,,,,,,,,,,,,,,,,,,,,,,,,,,,,,,,,,,,,,,,,,,,,,,,,,,,,,,,,,,,,,,,,,,,,-0.124,-0.125,0.14,0.33,0.169,0.231,0.026,0.178,0.016,-0.134,0.07,0.07,0.034,0.174,0.033,-0.045,0.066,-0.233,-0.005,0,0.043,-0.033,0.065,,,,,,,,,,,,0.148,0.109,-0.01,0.192,-0.057,,,,0.803,0,0,,,,,,,,,,,,,,,,,,,,,,,,,,,,,-0.024,-0.029,-0.017,-0.028,0.033,0.098,0.052,-0.007,-0.085,0.026,-0.262,0.027,0.104,0.149,,,,,,,,,,,,,,,,,,,,,,,,,,,,,,,,,,,,,,,,,,,,,,,,,,,,,,,,,,,,,,,,,,,,,,,,,,,,,,,,,,,,,,,,,,,,,,,,,,,,,,,,,,,,,,,,,,,,,,,,,,,,,,,,,,,,,,,,,,,,,,,,,,,,,,,,,,,,,,,,,,,,,,,,,,,,,,,,,,,,,,,,,,,,,,,,,,,,,,,,,,,,,,,,,,,,,,,,,,,,,,,,,,,,,,,,,,,,,,,,,,,,,,,,,,,,,,,,,,,,,,,,,,,,,,,,,,,,,,,,,,,,,,,,,,,,,,,,,,,,,,,,,,,,,,,,,,,,,,,,,,,,,,,,,,,,,,,,,,,,,,,,,,,,,,,,,,,,,,,,,,,,,,,,,,,,,,,,,,,,,,,,,,,,,,,,,,,,,,,,,,,,,,,,,,,,,,,,,,,,,,,,,,,,,,,,,,,,,,,,,,,,,,,,,,,,,,,,,,,,,,,,,,,,,,,,,,,,,,,,,,,,,,,,,,,,,,,,,,,,,,,,,,,,,,,,,,,,,,,,,,,,,,,,,,,,,,,,,,,,,,,,,,,,,,,,,,,,0.315,-0.03,0.093,-0.174,-0.009,-0.004,0,-0.098,-0.168,-0.157,0.063,0.028,0.184,-0.212,-0.083,-0.115,-0.174,-0.098,0.215,-0.009,-0.244,-0.089,0.093,0,0.028,-0.115,0.063,-0.083,0.082,0.082,-0.03,-0.004,0.146,-0.009,-0.022,-0.004,0.315,-0.009,-0.157,-0.212,-0.168,0.184,0.017,-0.48,0.017,-0.48,-0.009,-0.013,-0.059,0,0,0,0,-0.006,-0.006,-0.005,-0.002,0.133,0.27,-0.006,-0.005,-0.041,0.133,0.019,-0.006,0.004,-0.041,-0.005,0.124,0.036,-0.048,-0.006,-0.025,0,0,0.014,0.06,0,0,-0.005,-0.038,-0.002,0.009,-0.002,0.009,0,0,-0.012,0.067,-0.013,0.067,0.019,0.009,0,0,0.119,0,0,0,0,0,0,0,0.009,0.003,0.097,0.104,0.014,0.005,0.025,0.013,0.011,0.013,-0.002,0.012,-0.019,0.019,0.013,0.009,0.013,-0.03,,,,,,-0.21,-0.171,0.063,-0.21,-0.21,-0.014,0,0,0,0,0,0,0,0,,,,,,,,,0.108,0.116,0.108,0.116,0,0,0,0,0,0,0,0,,,,,,,,,,,,,,,,,,,,,,,,,,,,,,,,,,,,,,,,,,,,,,,,,,,,,,,,,,,,,,,,,,,,,,,,,,,,,,,,,,,,,,0
487,0.043,-0.071,-0.179,-0.197,-0.1,-0.157,-0.015,0.008,0.163,0.035,0.275,0.275,0.024,-0.047,,,,,,,,,,-0.091,0.568,-0.051,0.228,0.002,0,-0.081,0.055,-0.057,0.01,0.015,,,0.164,-0.271,0.091,,,,-0.157,0,0.001,,,,,,,,,,,,,0.012,0.033,-0.027,-0.008,0.038,0.025,0.041,0.061,-0.06,0.003,0,-0.003,,,,,,,,,,,,,,,,,,,,,,,,,,,,,,,,,,,,,,,,,,,,,,,,,,,,,,,,,,,,,,,,,,,,,,,,,,,,,,,,,,,,,,,,,,,,,,,,,,,,,,,,,,,,,,,,,,,,,,,,,,,,,,,,,,,,,,,,,,,,,,,,,,,,,,,,,,,,,,,,,,,,,,,,,,,,,,,,,,,,,,,,,,,,,,,,,,,,,,,,,,,,,,,,,,,,,,,,,,,,,,,,,,,,,,,,,,,,,,,,,,,,,,,,,,,,,,,,,,,,,,,,,,,,,,,,,,,,,,,,,,,,,,,,,,,,,,,,,,,,,,,,,,,,,,,,,,,,,,,,,,,,,,,,,,,,,,,,,,,,,,,,,,,,,,,,,,,,,,,,,,,,,,,,,,,,,,,,,,,,,,,,,,,,,,,,,,,,,,,,,,,,,,,,,,,,,,,,,,,,,,,,,,,,,,,,,,,,,,,,,,,,,,,,,,,,,,,,,,,,,,,,,,,,,,,,,,,,,,,,,,,,,,,,,,,,,,,,,,,,,,,,,,,,,,,,,,,,,,,,,,,,,,,,,,,,,,,,,,,,,,,,,,,,,,,,,,,,,,,,,,,,,,,,,,,,,,,,,,,,,,,,,,,,,,,,,,,,,,,,,,,,,,,,,,,,,,,,,,,,,,,,,,,,,,,,,,,,,,,,,,,,,,,,,,,,,,,-0.084,0.294,-0.171,-0.009,-0.121,-0.117,-0.063,-0.176,0.221,0.171,0.154,0.115,-0.108,-0.144,-0.083,-0.115,-0.009,-0.176,0.059,-0.072,-0.145,-0.167,-0.171,-0.063,0.115,-0.115,0.154,-0.083,0.082,0.082,0.294,-0.117,0.033,-0.123,0.09,-0.117,-0.084,-0.121,0.171,-0.144,0.221,-0.108,0.017,0.52,0.017,0.52,0.01,0.011,0.043,0,0,0,0,0.002,0.002,0.001,0.001,-0.029,-0.178,0.004,0.001,0.159,-0.029,-0.001,0.004,-0.051,0.159,,,,,,,,,,,,,,,,,,,,,,,,,,,,,,,,,0,0,0,0,0.02,-0.127,-0.099,-0.114,0.011,-0.012,-0.03,0.013,-0.013,0.013,0.025,0.01,-0.013,0.027,0.013,0.013,0.013,-0.007,,,,,,-0.165,-0.142,-0.092,-0.165,-0.165,-0.136,0,0,0,0,0,0,0,0,,,,,,,,,-0.092,0.056,-0.092,0.056,0,0,0,0,0,0,0,0,,,,,,,,,,,,,,,,,,,,,,,,,,,,,,,,,,,,,,,,,,,,,,,,,,,,,,,,,,,,,,,,,,,,,,,,,,,,,,,,,,,,,,0
488,,,,,,,,,,,,,,,,,,,,,,,,,,,,,,,,,,,,,,,,,,,,,,,,,,,,,,,,,,,,,,,,,,,,,,,,,,,,,,,,,,0.077,0.09,-0.138,-0.308,0.058,0.077,-0.018,-0.166,0.124,0.066,0.081,0.081,0.117,0.049,0.033,0.302,0.066,-0.033,0.008,0,0.043,0.206,-0.006,,,,,,,,,,0.004,0.021,,,,,,0.456,-0.521,-0.042,-0.197,0,0,,,,,,,,,,,,,,,,,,,,,,,,,,,,,-0.042,0.025,0.007,-0.059,-0.057,-0.098,-0.08,0.018,-0.286,-0.015,-0.163,-0.075,-0.019,-0.132,,,,,,,,,,,,,,,,,,,,,,,,,,,,,,,,,,,,,,,,,,,,,,,,,,,,,,,,,,,,,,,,,,,,,,,,,,,,,,,,,,,,,,,,,,,,,,,,,,,,,,,,,,,,,,,,,,,,,,,,,,,,,,,,,,,,,,,,,,,,,,,,,,,,,,,,,,,,,,,,,,,,,,,,,,,,,,,,,,,,,,,,,,,,,,,,,,,,,,,,,,,,,,,,,,,,,,,,,,,,,,,,,,,,,,,,,,,,,,,,,,,,,,,,,,,,,,,,,,,,,,,,,,,,,,,,,,,,,,,,,,,,,,,,,,,,,,,,,,,,,,,,,,,,,,,,,,,,,,,,,,,,,,,,,,,,,,,,,,,,,,,,,,,,,,,,,,,,,,,,,,,,,,,,,,,,,,,,,,,,,,,,,,,,,,,,,,,,,,,,,,,,,,,,,,,,,,,,,,,,,,,,,,,,,,,,,,,,,,,,,,,,,,,,,,,,,,,,,,,,,,,,,,,,,,,,,,,,,,,,,,,,,,,,,,,,,,,,,,,,,,,,,,,,,,,,,,,,,,,,,,,,,,,,,,,,,,,,,,,,,,,,,,,,,,,,,,,,0.315,-0.03,0.072,-0.207,-0.032,-0.031,0,-0.072,0.066,-0.005,-0.026,0,0.137,-0.043,-0.017,-0.115,-0.207,-0.072,0.203,-0.009,-0.263,-0.063,0.072,0,0,-0.115,-0.026,-0.017,0.063,0.063,-0.03,-0.031,0.146,-0.033,-0.022,-0.031,0.315,-0.032,-0.005,-0.043,0.066,0.137,0.017,-0.48,0.017,-0.48,-0.009,-0.013,-0.043,0,0,0,0,0.006,0.006,-0.003,-0.001,-0.164,-0.099,0.005,-0.003,-0.181,-0.164,0.002,0.005,-0.116,-0.181,-0.003,-0.173,0.016,-0.139,0.006,-0.165,0,0,-0.031,-0.059,0,0,0.009,0.013,0.003,-0.016,0.003,-0.016,0,0,-0.001,-0.099,-0.002,-0.099,0.002,-0.11,0,0,0.024,0,0,0,0,0,0,0,0.114,0.206,0.128,0.067,0.017,0.002,-0.038,0.013,-0.017,0.013,0.005,0.008,-0.1,0.018,0.013,0.009,0.013,0.025,,,,,,0.153,0.144,-0.114,0.153,0.153,0.018,0,0,0,0,0,0,0,0,,,,,,,,,0.008,0.007,0.008,0.007,0,0,0,0,0,0,0,0,,,,,,,,,,,,,,,,,,,,,,,,,,,,,,,,,,,,,,,,,,,,,,,,,,,,,,,,,,,,,,,,,,,,,,,,,,,,,,,,,,,,,,0
491,0.03,-0.026,-0.215,-0.197,0.031,-0.157,-0.015,-0.072,-0.097,0.013,-0.223,-0.223,-0.081,0.022,,,,,,,,,,0.009,-0.169,-0.051,0.227,0.002,0,0.019,-0.189,0.001,-0.106,-0.007,,,,,,-0.164,-0.012,0.01,-0.157,0,0.001,,,,,,,,,,,,,,,,,,,,,,,,,0.151,-0.122,0.022,0.062,0.088,0.039,0.096,0.1,0.041,0.085,0.014,0.009,,,,,,,,,,,,,,,,,,,,,,,,,,,,,,,,,,,,,,,,,,,,,,,,,,,,,,,,,,,,,,,,,,,,,,,,,,,,,,,,,,,,,,,,,,,,,,,,,,,,,,,,,,,,,,,,,,,,,,,,,,,,,,,,,,,,,,,,,,,,,,,,,,,,,,,,,,,,,,,,,,,,,,,,,,,,,,,,,,,,,,,,,,,,,,,,,,,,,,,,,,,,,,,,,,,,,,,,,,,,,,,,,,,,,,,,,,,,,,,,,,,,,,,,,,,,,,,,,,,,,,,,,,,,,,,,,,,,,,,,,,,,,,,,,,,,,,,,,,,,,,,,,,,,,,,,,,,,,,,,,,,,,,,,,,,,,,,,,,,,,,,,,,,,,,,,,,,,,,,,,,,,,,,,,,,,,,,,,,,,,,,,,,,,,,,,,,,,,,,,,,,,,,,,,,,,,,,,,,,,,,,,,,,,,,,,,,,,,,,,,,,,,,,,,,,,,,,,,,,,,,,,,,,,,,,,,,,,,,,,,,,,,,,,,,,,,,,,,,,,,,,,,,,,,,,,,,,,,,,,,,,,,,,,,,,,,,,,,,,,,,,,,,,,,,,,,,,,,,,,,,,,,,,,,,,,,,,,,,,,,,,,,,,,,,,,,,,,,,,,,,,,,,,,,,,,,,,,,,,,,,,,,,,,,,,,,,,,,,,,,,,-0.102,-0.154,-0.216,-0.054,-0.031,-0.055,-0.006,0.012,0.27,0.269,-0.174,-0.181,-0.002,-0.2,0.017,0.218,-0.054,0.012,0.033,-0.015,-0.172,0.021,-0.216,-0.006,-0.181,0.218,-0.174,0.017,0.037,0.037,-0.154,-0.055,0.028,-0.032,-0.064,-0.055,-0.102,-0.031,0.269,-0.2,0.27,-0.002,0.36,0.52,0.36,0.52,0.015,0.007,0,0,0,0,0,0.022,0.022,-0.003,0.002,-0.083,-0.072,-0.003,-0.003,-0.061,-0.083,0,-0.003,-0.038,-0.061,,,,,,,,,,,,,,,,,,,,,,,,,,,,,,,,,0,0,0,0,0.098,0.184,0.022,-0.082,0.01,-0.012,-0.01,0.013,-0.005,0.013,0.025,0.011,-0.061,0.046,0.013,0.023,0.013,0.111,,,,,,0.017,0.019,-0.042,0.017,0.017,0.075,0,0,0,0,0,0,0,0,0,0.028,0.03,0.072,0,0,0,0,,,,,,,,,0,0,0,0,,,,,,,,,,,,,,,,,,,,,,,,,,,,,,,,,,,,,,,,,,,,,,,,,,,,,,,,,,,,,,,,,,,,,,,,,,,,,,,,,,,,,,0
492,0.101,0.108,-0.179,-0.161,0.031,0.161,-0.03,-0.152,-0.143,-0.088,0.337,0.337,0.18,0.002,,,,,,,,,,0.009,0.103,0.049,-0.299,0.003,0,0.019,0.034,0.024,0.071,0.033,,,0.164,-0.306,-0.007,,,,-0.157,0,0.001,,,,,,,,,,,,,-0.008,0.005,-0.02,0.001,0.018,0.01,-0.004,-0.017,0.024,-0.001,0,0,,,,,,,,,,,,,,,,,,,,,,,,,,,,,,,,,,,,,,,,,,,,,,,,,,,,,,,,,,,,,,,,,,,,,,,,,,,,,,,,,,,,,,,,,,,,,,,,,,,,,,,,,,,,,,,,,,,,,,,,,,,,,,,,,,,,,,,,,,,,,,,,,,,,,,,,,,,,,,,,,,,,,,,,,,,,,,,,,,,,,,,,,,,,,,,,,,,,,,,,,,,,,,,,,,,,,,,,,,,,,,,,,,,,,,,,,,,,,,,,,,,,,,,,,,,,,,,,,,,,,,,,,,,,,,,,,,,,,,,,,,,,,,,,,,,,,,,,,,,,,,,,,,,,,,,,,,,,,,,,,,,,,,,,,,,,,,,,,,,,,,,,,,,,,,,,,,,,,,,,,,,,,,,,,,,,,,,,,,,,,,,,,,,,,,,,,,,,,,,,,,,,,,,,,,,,,,,,,,,,,,,,,,,,,,,,,,,,,,,,,,,,,,,,,,,,,,,,,,,,,,,,,,,,,,,,,,,,,,,,,,,,,,,,,,,,,,,,,,,,,,,,,,,,,,,,,,,,,,,,,,,,,,,,,,,,,,,,,,,,,,,,,,,,,,,,,,,,,,,,,,,,,,,,,,,,,,,,,,,,,,,,,,,,,,,,,,,,,,,,,,,,,,,,,,,,,,,,,,,,,,,,,,,0.09,-0.062,0.207,-0.052,-0.03,0.126,-0.186,0.001,-0.035,0.039,0.16,0.03,0.06,-0.038,,,,,,,,,,,,,,,-0.147,0.026,0.293,-0.085,0.05,0.055,0.126,0.09,0.053,0.033,-0.12,-0.128,-0.275,0.013,-0.05,-0.115,-0.085,0.09,0.333,0.119,-0.191,0.099,0.293,0.126,-0.128,-0.115,-0.12,-0.05,0.057,0.057,0.026,0.055,0.015,0.05,-0.002,0.055,-0.147,0.05,0.033,0.013,0.053,-0.275,-0.04,-0.48,-0.04,-0.48,-0.014,-0.009,-0.02,0,0,0,0,-0.005,-0.005,0.003,-0.001,-0.002,-0.02,0.006,0.003,-0.081,-0.002,0.007,0.006,-0.116,-0.081,0.002,-0.011,-0.226,-0.139,0.007,-0.065,0,0,-0.068,-0.075,0,0,0.001,-0.014,-0.006,-0.041,-0.006,-0.041,0,0,0.003,-0.143,0.002,-0.143,0.007,-0.11,0,0,-0.21,0,0,0,0,0,0,0,0.131,-0.047,0.112,0.271,0.012,0.01,0.037,0.013,0.017,0.013,-0.015,0.01,-0.004,0.016,0.013,0.009,0.013,-0.001,,,,,,-0.074,-0.075,-0.001,-0.074,-0.074,-0.014,0,0,0,0,0,0,0,0,0,-0.078,0.141,-0.198,0,0,0,0,,,,,,,,,0,0,0,0,,,,,,,,,,,,,,,,,,,,,,,,,,,,,,,,,,,,,,,,,,,,,,,,,,,,,,,,,,,,,,,,,,,,,,,,,,,,,,,,,,,,,,0
493,-0.016,-0.026,0.294,0.33,-0.013,0.116,0.022,0.128,0.219,0.056,-0.114,-0.114,0.226,0.223,,,,,,,,,,0.009,-0.127,0.049,-0.202,0.006,0,0.019,-0.223,-0.066,,,-0.185,-0.04,0.164,-0.249,0.127,,,,-0.157,0,0.001,,,,,,,,,,,,,,,,,,,,,,,,,-0.001,0.034,-0.01,-0.16,-0.212,-0.196,-0.038,-0.084,0.058,-0.007,-0.105,-0.126,,,,,,,,,,,,,,,,,,,,,,,,,,,,,,,,,,,,,,,,,,,,,,,,,,,,,,,,,,,,,,,,,,,,,,,,,,,,,,,,,,,,,,,,,,,,,,,,,,,,,,,,,,,,,,,,,,,,,,,,,,,,,,,,,,,,,,,,,,,,,,,,,,,,,,,,,,,,,,,,,,,,,,,,,,,,,,,,,,,,,,,,,,,,,,,,,,,,,,,,,,,,,,,,,,,,,,,,,,,,,,,,,,,,,,,,,,,,,,,,,,,,,,,,,,,,,,,,,,,,,,,,,,,,,,,,,,,,,,,,,,,,,,,,,,,,,,,,,,,,,,,,,,,,,,,,,,,,,,,,,,,,,,,,,,,,,,,,,,,,,,,,,,,,,,,,,,,,,,,,,,,,,,,,,,,,,,,,,,,,,,,,,,,,,,,,,,,,,,,,,,,,,,,,,,,,,,,,,,,,,,,,,,,,,,,,,,,,,,,,,,,,,,,,,,,,,,,,,,,,,,,,,,,,,,,,,,,,,,,,,,,,,,,,,,,,,,,,,,,,,,,,,,,,,,,,,,,,,,,,,,,,,,,,,,,,,,,,,,,,,,,,,,,,,,,,,,,,,,,,,,,,,,,,,,,,,,,,,,,,,,,,,,,,,,,,,,,,,,,,,,,,,,,,,,,,,,,,,,,,,,,,,,,,,,,,,,,,,,,,,,,0.049,-0.03,0.296,0.23,0.017,0.009,-0.082,-0.027,-0.09,-0.081,-0.185,-0.191,0.101,0.406,-0.05,-0.115,0.23,-0.027,-0.126,-0.066,0.453,-0.044,0.296,-0.082,-0.191,-0.115,-0.185,-0.05,0.063,0.063,-0.03,0.009,0.071,0.017,-0.022,0.009,0.049,0.017,-0.081,0.406,-0.09,0.101,0.017,-0.48,0.017,-0.48,0.024,0.015,0.063,-0.001,0,0.001,0,-0.011,-0.011,-0.005,-0.003,0.025,0.033,-0.007,-0.005,-0.001,0.025,-0.012,-0.007,0.068,-0.001,-0.005,0.016,0.045,-0.048,-0.006,0.015,0,0,0.042,-0.01,0,0,-0.006,-0.066,0.008,-0.059,0.009,-0.059,0,0,-0.013,0.103,-0.014,0.102,-0.012,0.073,0,0,-0.127,-0.009,0,0,0,0,0,0,0.143,0.156,0.083,-0.035,0.008,-0.052,0.01,0.013,0.005,0.013,0.044,0.012,-0.004,0.07,0.013,0.033,0.013,0.012,,,,,,0.108,0.074,0.061,0.108,0.108,0.124,0,0,0,0,0,0,0,0,,,,,,,,,-0.092,0.149,-0.092,0.149,0,0,0,0,0,0,0,0,,,,,,,,,,,,,,,,,,,,,,,,,,,,,,,,,,,,,,,,,,,,,,,,,,,,,,,,,,,,,,,,,,,,,,,,,,,,,,,,,,,,,,0
494,-0.042,-0.041,0.003,-0.016,0.031,0.161,0.008,0.048,-0.021,0.035,-0.116,-0.116,-0.069,-0.037,-0.013,-0.17,-0.092,0.202,0.001,0,0.01,-0.24,0.062,,,,,,,,,,0.072,0.003,,,0.164,-0.303,-0.117,,,,0.343,0,0.001,-0.002,-0.006,0.011,-0.049,-0.001,-0.028,0.081,-0.005,-0.216,0.071,0,-0.002,,,,,,,,,,,,,,,,,,,,,,,,,,,,,,,,,,,,,,,,,,,,,,,,,,,,,,,,,,,,,,,,,,,,,,,,,,,,,,,,,,,,,,,,,,,,,,,,,,,,,,,,,,,,,,,,,,,,,,,,,,,,,,,,,,,,,,,,,,,,,,,,,,,,,,,,,,,,,,,,,,,,,,,,,,,,,,,,,,,,,,,,,,,,,,,,,,,,,,,,,,,,,,,,,,,,,,,,,,,,,,,,,,,,,,,,,,,,,,,,,,,,,,,,,,,,,,,,,,,,,,,,,,,,,,,,,,,,,,,,,,,,,,,,,,,,,,,,,,,,,,,,,,,,,,,,,,,,,,,,,,,,,,,,,,,,,,,,,,,,,,,,,,,,,,,,,,,,,,,,,,,,,,,,,,,,,,,,,,,,,,,,,,,,,,,,,,,,,,,,,,,,,,,,,,,,,,,,,,,,,,,,,,,,,,,,,,,,,,,,,,,,,,,,,,,,,,,,,,,,,,,,,,,,,,,,,,,,,,,,,,,,,,,,,,,,,,,,,,,,,,,,,,,,,,,,,,,,,,,,,,,,,,,,,,,,,,,,,,,,,,,,,,,,,,,,,,,,,,,,,,,,,,,,,,,,,,,,,,,,,,,,,,,,,,,,,,,,,,,,,,,,,,,,,,,,,,,,,,,,,,,,,,,,,,,,,,,,,,,,,,,,,,,,,,,,,,,,,,,,,,,,,,,,,,,,,,,,,,,,,,,,,,,,,,,,,,,,,,,,,,,,,,,,,,,,,,,,,,,,,,,,,,,,,,,,,,,,,,,,,,,,,,,,,,,,,,,,,,,,,,,,,,,,,,,,,,,,,,,,,,,,,,,,,,,,,,,,,,,,,,,,,,,,,,,,,,,,,,,,,,,,,,,,,,0,0,0,0,0.004,-0.124,-0.079,-0.098,0,0,0,0,0,0,-0.001,0,0.001,-0.114,0.327,0.32,0.015,0.069,0.041,0.098,0.037,-0.027,,,,,,,,,0,0,0,0,0.091,0.021,-0.001,-0.057,0.329,0,0,0,0,0.052,0.004,0.049,-0.071,-0.112,0.13,0.049,0,0,0,0,0.147,-0.102,0.044,0,0,0,,,,,,,,-0.131,0.067,0,0,0,0,-0.25,0,0,0,0,0
495,,,,,,,,,,,,,,,,,,,,,,,,,,,,,,,,,,,,,,,,,,,,,,,,,,,,,,,,,,,,,,,,,,,,,,,,,,,,,,,,,,,,,,,,,,,,,,,,,,,,,,,,,,,,,,,,,,,,,,,,,,,,,,,,,,,,,,,,,,,,,,,,,,,,,,,,,,,,,,,,,,,,,,,,,,,,,,,,,,,,,,,,,,,,,,,,,,,,,,,,,,,,,,,,,,,,,,,,,,,,,,,,,,,,,,,,,,,,,,,,,,,,,,,,,,,,,,,,,,,,,,,,,,,,,,,,,,,,,,,,,,,,,,,,,,,,,,,,,,,,,,,,,,,,,,,,,,,,,,,,,,,,,,,,,,,,,,,,,,,,,,,,,,,,,,,,,,,,,,,,,,,,,,,,,,,,,,,,,,,,,,,,,,,,,,,,,,,,,,0.067,-0.039,0.104,-0.079,0,0.008,0.03,-0.033,0.167,0.158,0.214,-0.004,0.048,0,0,0.01,-0.003,0.075,-0.005,-0.007,-0.035,0.007,0.015,-0.001,0.084,0.008,,,,,,,,,,,,,,,0.188,-0.023,-0.018,0.013,0.245,0.003,0.024,0.061,,,,,,,,,-0.068,0.092,-0.18,-0.11,-0.115,0.159,0.098,0.215,0.189,0.038,0.09,0.071,,,,,,,,,,,,,,,,,,,,,,,,,,,,,,,,,,,,,,,,,,,,,,,,,,,,,,,,,,,,,,,,,,,,,,,,,,,,,,,,,,,,,,,,,,,,,,,,,,,,,,,,,,,,,,,,,,,,,,,,,,,,,,,,,,,,,,,,,,,,,,,,,,,,,,,,,,,,,,,,,,,,,,,,,,,,,,,,,,,,,,,,,,,,,,,,,,,,,,,,,,,,,,,,,,,,,,,,,,,,,,,,,,,,,,,,,,,,,,,,,,,,,,,,,,,,,,,,,,,0.049,0.294,0.053,-0.118,-0.121,-0.104,-0.044,-0.033,0.143,0.121,-0.026,-0.038,-0.12,0.024,0.017,-0.115,-0.118,-0.033,-0.073,-0.053,-0.211,-0.024,0.053,-0.044,-0.038,-0.115,-0.026,0.017,0.082,0.082,0.294,-0.104,0.071,-0.123,0.09,-0.103,0.049,-0.121,0.121,0.024,0.143,-0.12,0.017,0.52,0.017,0.52,0.034,0.034,0.145,0,0,0,0,0.019,0.019,0.006,-0.002,0.079,0.086,-0.004,0.006,0.059,0.079,0.029,-0.004,-0.139,0.059,,,,,,,,,,,,,,,,,,,,,,,,,,,,,,,,,0,0,0,0,0.125,0.12,0.097,0.02,0.01,-0.007,0.062,0.013,0.025,0.013,0.018,0.013,0.027,0.052,0.013,0.025,0.013,-0.001,,,,,,-0.165,-0.149,-0.151,-0.165,-0.165,-0.104,0,0,0,0,0,0,0,0,0,0.004,-0.082,0.009,0,0,0,0,,,,,,,,,0,0,0,0,,,,,,,,,,,,,,,,,,,,,,,,,,,,,,,,,,,,,,,,,,,,,,,,,,,,,,,,,,,,,,,,,,,,,,,,,,,,,,,,,,,,,,0
496,,,,,,,,,,,,,,,,,,,,,,,,,,,,,,,,,,,,,,,,,,,,,,,,,,,,,,,,,,,,,,,,,,,,,,,,,,,,,,,,,,,,,,,,,,,,,,,,,,,,,,,,,,,,,,,,,,,,,,,,,,,,,,,,,,,,,,,,,,,,,,,,,,,,,,,,,,,,,,,,,,,,,,,,,,,,,,,,,,,,,,,,,,,,,,,,,,,,,,,,,,,,,,,,,,,,,,,,,,,,,,,,,,,,,,,,,,,,,,,,,,,,,,,,,,,,,,,,,,,,,,,,,,,,,,,,,,,,,,,,,,,,,,,,,,,,,,,,,,,,,,,,,,,,,,,,,,,,,,,,,,,,,-0.026,0.214,-0.021,-0.016,-0.065,-0.005,0.003,-0.1,-0.057,0.027,0.014,0.039,-0.063,0.011,0.123,0,-0.005,-0.008,0.139,0.005,0.004,-0.061,0.24,-0.003,0,-0.175,0.004,-0.071,-0.02,,,,,,,,,,,,,,,,0.247,-0.001,-0.001,0.007,0.004,-0.03,0.003,-0.059,0.003,,,,,,,,,,-0.054,-0.07,-0.057,-0.063,-0.1,0,0.411,0.352,-0.205,-0.055,0.069,,,,,,,,,,,,,,,,,,,,,,,,,,,,,,,,,,,,,,,,,,,,,,,,,,,,,,,,,,,,,,,,,,,,,,,,,,,,,,,,,,,,,,,,,,,,,,,,,,,,,,,,,,,,,,,,,,,,,,,,,,,,,,,,,,,,,,,,,,,,,,,,,,,,,,,,,,,,,,,,,,,,,,,,,,,,,,,,,,,,,,,,,,,,,,,,,,,,,,,,,,,,,,,,,,,,,,,,,,,,,,,,,,,,,,,,,,,,,,,,,,,,,,,,,,,,,,,,,,,,,,,,,,,,,,,,,,,,,,,,,,,,,-0.072,0.148,-0.199,-0.125,-0.031,0.125,-0.195,-0.388,-0.035,0.023,-0.146,0.01,-0.143,-0.034,,,,,,,,,,,,,,,,,,,,,,,,,,,,,0.049,0.185,0.184,-0.207,-0.063,-0.045,-0.113,-0.04,-0.064,-0.081,0.054,0.077,0.125,0.125,-0.05,-0.115,-0.207,-0.04,-0.39,-0.079,0.388,-0.076,0.184,-0.113,0.077,-0.115,0.054,-0.05,0.063,0.063,0.185,-0.045,-0.119,-0.064,0.053,-0.045,0.049,-0.063,-0.081,0.125,-0.064,0.125,0.017,-0.48,0.017,-0.48,-0.019,-0.013,-0.024,0,0,0,0,0.008,0.008,0.001,-0.002,-0.029,0.086,0.004,0.001,-0.001,-0.029,-0.003,0.004,-0.111,-0.001,0.001,-0.038,0.147,-0.108,0.004,0.015,0,0,-0.003,-0.051,0,0,0.008,-0.03,0.001,-0.066,0.001,-0.066,0,0,-0.005,-0.09,-0.006,-0.091,-0.003,-0.106,0,0,0.014,0.007,0,0,0,0,0,0,0.16,0.313,0.049,-0.039,0.013,-0.004,0.032,0.013,0.015,0.013,0.011,0.008,-0.061,-0.023,0.013,-0.009,0.013,0.038,,,,,,0.062,0.059,0.149,0.062,0.062,-0.079,0,0,0,0,0,0,0,0,0,-0.062,0.03,-0.159,0,0,0,0,,,,,,,,,0,0,0,0,,,,,,,,,,,,,,,,,,,,,,,,,,,,,,,,,,,,,,,,,,,,,,,,,,,,,,,,,,,,,,,,,,,,,,,,,,,,,,,,,,,,,,0
499,0.095,0.093,-0.215,-0.197,-0.317,-0.475,-0.03,-0.152,-0.077,-0.121,0.095,0.095,-0.03,-0.04,-0.013,-0.066,-0.092,0.601,-0.006,0,0.01,-0.153,0.069,,,,,,,,,,,,-0.154,0.154,,,,-0.164,0.202,-0.033,-0.157,0,0.001,,,,,,,,,,,,,0.033,-0.078,0.028,0.002,0.018,0.025,0.023,-0.007,0.066,0.001,0,-0.002,,,,,,,,,,,,,,,,,,,,,,,,,,,,,,,,,,,,,,,,,,,,,,,,,,,,,,,,,,,,,,,,,,,,,,,,,,,,,,,,,,,,,,,,,,,,,,,,,,,,,,,,,,,,,,,,,,,,,,,,,,,,,,,,,,,,,,,,,,,,,,,,,,,,,,,,,,,,,,,,,,,,,,,,,,,,,,,,,,,,,,,,,,,,,,,,,,,,,,,,,,,,,,,,,,,,,,,,,,,,,,,,,,,,,,,,,,,,,,,,,,,,,,,,,,,,,,,,,,,,,,,,,,,,,,,,,,,,,,,,,,,,,,,,,,,,,,,,,,,,,,,,,,,,,,,,,,,,,,,,,,,,,,,,,,,,,,,,,,,,,,,,,,,,,,,,,,,,,,,,,,,,,,,,,,,,,,,,,,,,,,,,,,,,,,,,,,,,,,,,,,,,,,,,,,,,,,,,,,,,,,,,,,,,,,,,,,,,,,,,,,,,,,,,,,,,,,,,,,,,,,,,,,,,,,,,,,,,,,,,,,,,,,,,,,,,,,,,,,,,,,,,,,,,,,,,,,,,,,,,,,,,,,,,,,,,,,,,,,,,,,,,,,,,,,,,,,,,,,,,,,,,,,,,,,,,,,,,,,,,,,,,,,,,,,,,,,,,,,,,,,,,,,,,,,,,,,,,,,,,,,,,,,,,,,,,,,,,,,,,,,,,,,,,,,,,,,,-0.216,0.077,-0.099,0.07,-0.006,-0.004,-0.088,-0.053,-0.038,-0.081,0.205,0.165,0.125,0.013,-0.083,0.218,0.07,-0.053,-0.223,-0.091,0.223,-0.05,-0.099,-0.088,0.165,0.218,0.205,-0.083,0.104,0.104,0.077,-0.004,-0.005,-0.007,0.015,-0.004,-0.216,-0.006,-0.081,0.013,-0.038,0.125,0.017,-0.48,0.017,-0.48,-0.028,-0.024,-0.09,0,0,0,0,-0.002,-0.002,0,0,0.079,0.217,0.001,0,-0.061,0.079,-0.013,0.001,0.017,-0.061,-0.001,0.07,0.031,-0.078,0.001,-0.045,0,0,0.003,-0.012,0,0,-0.006,-0.038,-0.002,-0.034,-0.003,-0.034,0,0,0.012,0.019,0.011,0.019,-0.013,0.023,0,0,0.054,-0.008,0,0,0,0,0,0,-0.313,-0.092,-0.216,-0.095,0.014,0.033,0.049,0.013,0.021,0.013,-0.009,0.012,-0.021,-0.027,0.013,-0.011,0.013,0.005,,,,,,-0.029,-0.027,-0.094,-0.029,-0.029,0.067,0,0,0,0,0,0,0,0,0,-0.087,0.03,-0.22,0,0,0,0,,,,,,,,,0,0,0,0,,,,,,,,,,,,,,,,,,,,,,,,,,,,,,,,,,,,,,,,,,,,,,,,,,,,,,,,,,,,,,,,,,,,,,,,,,,,,,,,,,,,,,0
500,-0.147,-0.161,0.53,0.548,0.118,-0.021,0.03,0.128,0.087,0.088,-0.124,-0.124,-0.202,0.154,-0.013,0.623,0.008,0.578,0.004,0,0.01,0.022,-0.03,,,,,,,,,,-0.035,-0.016,,,,,,0.336,-0.375,0.046,-0.157,0,0.001,,,,,,,,,,,,,,,,,,,,,,,,,-0.045,-0.057,0.022,0.055,-0.012,-0.021,0.134,-0.078,0.245,0.097,0.093,-0.044,,,,,,,,,,,,,,,,,,,,,,,,,,,,,,,,,,,,,,,,,,,,,,,,,,,,,,,,,,,,,,,,,,,,,,,,,,,,,,,,,,,,,,,,,,,,,,,,,,,,,,,,,,,,,,,,,,,,,,,,,,,,,,,,,,,,,,,,,,,,,,,,,,,,,,,,,,,,,,,,,,,,,,,,,,,,,,,,,,,,,,,,,,,,,,,,,,,,,,,,,,,,,,,,,,,,,,,,,,,,,,,,,,,,,,,,,,,,,,,,,,,,,,,,,,,,,,,,,,,,,,,,,,,,,,,,,,,,,,,,,,,,,,,,,,,,,,,,,,,,,,,,,,,,,,,,,,,,,,,,,,,,,,,,,,,,,,,,,,,,,,,,,,,,,,,,,,,,,,,,,,,,,,,,,,,,,,,,,,,,,,,,,,,,,,,,,,,,,,,,,,,,,,,,,,,,,,,,,,,,,,,,,,,,,,,,,,,,,,,,,,,,,,,,,,,,,,,,,,,,,,,,,,,,,,,,,,,,,,,,,,,,,,,,,,,,,,,,,,,,,,,,,,,,,,,,,,,,,,,,,,,,,,,,,,,,,,,,,,,,,,,,,,,,,,,,,,,,,,,,,,,,,,,,,,,,,,,,,,,,,,,,,,,,,,,,,,,,,,,,,,,,,,,,,,,,,,,,,,,,,,,,,,,,,,,,,,,,,,,,,,,0.093,-0.103,0.311,0.239,-0.067,-0.06,-0.006,0.044,0.178,0.18,-0.116,-0.067,0.033,-0.088,0.25,-0.115,0.239,0.044,-0.121,0.004,0.462,0.034,0.311,-0.006,-0.067,-0.115,-0.116,0.25,-0.725,-0.725,-0.103,-0.06,0.083,-0.069,-0.047,-0.06,0.093,-0.067,0.18,-0.088,0.178,0.033,-0.183,0.52,-0.183,0.52,0.005,0.015,0.078,0.001,0,0,0,0,0,0.002,0,0.188,-0.02,-0.006,0.002,0.039,0.188,0.011,-0.006,-0.116,0.039,,,,,,,,,,,,,,,,,,,,,,,,,,,,,,,,,0.001,0,0,0,-0.056,-0.171,-0.007,-0.042,0.013,0.019,-0.003,0.013,-0.005,0.013,0.005,0.016,0.049,-0.036,0.013,-0.015,0.013,-0.014,,,,,,-0.029,0.018,-0.083,-0.029,-0.029,-0.014,0,0,0,0,0,0,0,0,0,-0.079,0.03,-0.201,0,0,0,0,,,,,,,,,0,0,0,0,,,,,,,,,,,,,,,,,,,,,,,,,,,,,,,,,,,,,,,,,,,,,,,,,,,,,,,,,,,,,,,,,,,,,,,,,,,,,,,,,,,,,,0
502,-0.049,-0.078,0.003,-0.016,0.074,0.161,0.015,0.088,-0.056,0.051,0.228,0.228,0.062,-0.079,0.087,-0.003,0.108,-0.082,-0.003,0,0.11,-0.2,-0.052,,,,,,,,,,0.067,0.004,,,0.164,-0.314,-0.127,,,,-0.157,0,0.001,0.062,0.054,0.03,-0.038,0.001,0.005,-0.002,-0.006,0.173,-0.002,0,-0.004,,,,,,,,,,,,,,,,,,,,,,,,,,,,,,,,,,,,,,,,,,,,,,,,,,,,,,,,,,,,,,,,,,,,,,,,,,,,,,,,,,,,,,,,,,,,,,,,,,,,,,,,,,,,,,,,,,,,,,,,,,,,,,,,,,,,,,,,,,,,,,,,,,,,,,,,,,,,,,,,,,,,,,,,,,,,,,,,,,,,,,,,,,,,,,,,,,,,,,,,,,,,,,,,,,,,,,,,,,,,,,,,,,,,,,,,,,,,,,,,,,,,,,,,,,,,,,,,,,,,,,,,,,,,,,,,,,,,,,,,,,,,,,,,,,,,,,,,,,,,,,,,,,,,,,,,,,,,,,,,,,,,,,,,,,,,,,,,,,,,,,,,,,,,,,,,,,,,,,,,,,,,,,,,,,,,,,,,,,,,,,,,,,,,,,,,,,,,,,,,,,,,,,,,,,,,,,,,,,,,,,,,,,,,,,,,,,,,,,,,,,,,,,,,,,,,,,,,,,,,,,,,,,,,,,,,,,,,,,,,,,,,,,,,,,,,,,,,,,,,,,,,,,,,,,,,,,,,,,,,,,,,,,,,,,,,,,,,,,,,,,,,,,,,,,,,,,,,,,,,,,,,,,,,,,,,,,,,,,,,,,,,,,,,,,,,,,,,,,,,,,,,,,,,,,,,,,,,,,,,,,,,,,,,,,,,,,,,,,,0.045,0.259,0.076,-0.074,-0.03,0.277,0.106,0.019,-0.035,0.041,0.015,-0.112,0.043,-0.038,,,,,,,,,,,,,,,-0.147,0.026,0.296,-0.207,0.076,0.068,0.069,0.012,0.105,0.109,-0.165,-0.191,-0.275,-0.212,-0.083,-0.115,-0.207,0.012,0.335,0.061,-0.263,0.021,0.296,0.069,-0.191,-0.115,-0.165,-0.083,0.063,0.063,0.026,0.068,0.015,0.076,-0.002,0.069,-0.147,0.076,0.109,-0.212,0.105,-0.275,-0.04,-0.48,-0.04,-0.48,-0.028,-0.013,-0.027,0,0,0,0,-0.001,-0.001,0.003,0,-0.029,0.007,0,0.003,-0.041,-0.029,0.013,0,-0.106,-0.041,0.003,-0.038,-0.029,-0.169,0,-0.025,0,0,-0.037,-0.033,0,0,0.003,-0.003,-0.004,-0.016,-0.004,-0.016,0,0,0.033,-0.095,0.032,-0.095,0.012,-0.101,0,0,-0.138,-0.004,0,0,0,0,0,0,0.144,0.242,0.108,0.001,0.014,0.025,0.029,0.013,0.013,0.013,-0.025,0.014,0.055,0.021,0.013,0.011,0.013,-0.043,,,,,,-0.165,-0.148,-0.119,-0.165,-0.165,-0.177,0,0,0,0,0,0,0,0,,,,,,,,,0.008,-0.041,0.008,-0.041,0,0,0,0,0,0,0,0,,,,,,,,,,,,,,,,,,,,,,,,,,,,,,,,,,,,,,,,,,,,,,,,,,,,,,,,,,,,,,,,,,,,,,,,,,,,,,,,,,,,,,0
503,-0.082,-0.026,0.33,0.33,-0.013,-0.021,0.008,-0.032,-0.138,-0.147,-0.143,-0.143,-0.194,0.093,,,,,,,,,,0.009,-0.273,-0.051,0.087,0.006,0,-0.081,0.281,0.057,,,0.16,0.022,,,,0.336,-0.459,0.043,-0.157,0,0.001,,,,,,,,,,,,,-0.015,0.259,0.008,-0.004,-0.001,-0.007,0.023,0.048,-0.108,0.003,0,0.001,,,,,,,,,,,,,,,,,,,,,,,,,,,,,,,,,,,,,,,,,,,,,,,,,,,,,,,,,,,,,,,,,,,,,,,,,,,,,,,,,,,,,,,,,,,,,,,,,,,,,,,,,,,,,,,,,,,,,,,,,,,,,,,,,,,,,,,,,,,,,,,,,,,,,,,,,,,,,,,,,,,,,,,,,,,,,,,,,,,,,,,,,,,,,,,,,,,,,,,,,,,,,,,,,,,,,,,,,,,,,,,,,,,,,,,,,,,,,,,,,,,,,,,,,,,,,,,,,,,,,,,,,,,,,,,,,,,,,,,,,,,,,,,,,,,,,,,,,,,,,,,,,,,,,,,,,,,,,,,,,,,,,,,,,,,,,,,,,,,,,,,,,,,,,,,,,,,,,,,,,,,,,,,,,,,,,,,,,,,,,,,,,,,,,,,,,,,,,,,,,,,,,,,,,,,,,,,,,,,,,,,,,,,,,,,,,,,,,,,,,,,,,,,,,,,,,,,,,,,,,,,,,,,,,,,,,,,,,,,,,,,,,,,,,,,,,,,,,,,,,,,,,,,,,,,,,,,,,,,,,,,,,,,,,,,,,,,,,,,,,,,,,,,,,,,,,,,,,,,,,,,,,,,,,,,,,,,,,,,,,,,,,,,,,,,,,,,,,,,,,,,,,,,,,,,,,,,,,,,,,,,,,,,,,,,,,,,,,,,,,,,,,,,,,,,,,,,-0.04,-0.211,0.128,0.28,-0.013,-0.015,0,0.032,0.178,0.155,-0.068,-0.021,-0.061,0.08,0.217,-0.115,0.28,0.032,-0.096,-0.009,0.027,0.041,0.128,0,-0.021,-0.115,-0.068,0.217,-0.68,-0.68,-0.211,-0.015,0.045,-0.014,-0.084,-0.014,-0.04,-0.013,0.155,0.08,0.178,-0.061,-0.183,0.52,-0.183,0.52,0.015,0.019,0.102,-0.001,0,0,0,0.009,0.009,-0.002,0.001,0.106,-0.178,-0.003,-0.002,-0.061,0.106,-0.009,-0.003,-0.056,-0.061,,,,,,,,,,,,,,,,,,,,,,,,,,,,,,,,,0,0,0,0,-0.493,-0.162,0.088,0.184,0.01,-0.007,0.086,0.013,0.039,0.013,0.031,0.015,0.024,-0.006,0.013,-0.003,0.013,-0.03,,,,,,0.108,0.149,0.07,0.108,0.108,-0.063,0,0,0,0,0,0,0,0,,,,,,,,,-0.092,0.208,-0.092,0.208,0,0,0,0,0,0,0,0,,,,,,,,,,,,,,,,,,,,,,,,,,,,,,,,,,,,,,,,,,,,,,,,,,,,,,,,,,,,,,,,,,,,,,,,,,,,,,,,,,,,,,0
504,0.069,0.101,0.003,-0.052,-0.1,-0.294,-0.015,-0.072,0,0.136,-0.191,-0.191,-0.12,-0.033,-0.013,-0.154,-0.092,0.324,-0.002,0,0.01,-0.237,0.061,,,,,,,,,,-0.005,-0.006,,,,,,-0.164,0.446,-0.024,0.343,0,0.001,,,,,,,,,,,,,,,,,,,,,,,,,0.009,0.072,0.002,-0.096,-0.012,-0.048,-0.092,-0.17,0.015,-0.021,-0.244,0.036,,,,,,,,,,,,,,,,,,,,,,,,,,,,,,,,,,,,,,,,,,,,,,,,,,,,,,,,,,,,,,,,,,,,,,,,,,,,,,,,,,,,,,,,,,,,,,,,,,,,,,,,,,,,,,,,,,,,,,,,,,,,,,,,,,,,,,,,,,,,,,,,,,,,,,,,,,,,,,,,,,,,,,,,,,,,,,,,,,,,,,,,,,,,,,,,,,,,,,,,,,,,,,,,,,,,,,,,,,,,,,,,,,,,,,,,,,,,,,,,,,,,,,,,,,,,,,,,,,,,,,,,,,,,,,,,,,,,,,,,,,,,,,,,,,,,,,,,,,,,,,,,,,,,,,,,,,,,,,,,,,,,,,,,,,,,,,,,,,,,,,,,,,,,,,,,,,,,,,,,,,,,,,,,,,,,,,,,,,,,,,,,,,,,,,,,,,,,,,,,,,,,,,,,,,,,,,,,,,,,,,,,,,,,,,,,,,,,,,,,,,,,,,,,,,,,,,,,,,,,,,,,,,,,,,,,,,,,,,,,,,,,,,,,,,,,,,,,,,,,,,,,,,,,,,,,,,,,,,,,,,,,,,,,,,,,,,,,,,,,,,,,,,,,,,,,,,,,,,,,,,,,,,,,,,,,,,,,,,,,,,,,,,,,,,,,,,,,,,,,,,,,,,,,,,,,,,,,,,,,,,,,,,,,,,,,,,,,,,,,,,,-0.084,0.077,-0.099,-0.146,0.099,0.074,-0.063,-0.007,-0.09,-0.081,0.166,0.184,0.195,0.125,-0.05,-0.115,-0.146,-0.007,-0.353,-0.047,0.223,-0.024,-0.099,-0.063,0.184,-0.115,0.166,-0.05,0.104,0.104,0.077,0.074,0.033,0.1,0.015,0.074,-0.084,0.099,-0.081,0.125,-0.09,0.195,0.017,-0.48,0.017,-0.48,-0.019,-0.02,-0.086,0,0,0,0,-0.007,-0.007,-0.003,0.001,-0.056,-0.02,-0.004,-0.003,-0.161,-0.056,0.028,-0.004,0.132,-0.161,-0.003,-0.065,-0.223,-0.018,-0.004,-0.145,0,0,0.055,0.001,0,0,0.008,-0.066,0.001,-0.078,0.001,-0.078,0,0,-0.004,0.151,-0.005,0.151,0.028,0.137,0,0,0.198,0.01,0,0,0,0,0,0,-0.069,-0.053,-0.048,-0.019,0.012,0.01,0.044,0.013,0.017,0.013,0.005,0.015,0.049,0.055,0.013,0.025,0.013,-0.036,,,,,,-0.119,-0.114,0.04,-0.119,-0.119,-0.014,0,0,0,0,0,0,0,0,0,0.101,0.03,0.256,0,0,0,0,,,,,,,,,0,0,0,0,,,,,,,,,,,,,,,,,,,,,,,,,,,,,,,,,,,,,,,,,,,,,,,,,,,,,,,,,,,,,,,,,,,,,,,,,,,,,,,,,,,,,,0
505,,,,,,,,,,,,,,,,,,,,,,,,,,,,,,,,,,,,,,,,,,,,,,,,,,,,,,,,,,,,,,,,,,,,,,,,,,,,,,,,,,,,,,,,,,,,,,,,,,,,,,,,,,,,,,,,,,,,,,,,,,,,,,,,,,,,,,,,,,,,,,,,,,,,,,,,,,,,,,,,,,,,,,,,,,,,,,,,,,,,,,,,,,,,,,,,,,,,,,,,,,,,,,,,,,,,,,,,,,,,,,,,,,,,,,,,,,,,,,,,,,,,,,,,,,,,,,,,,,,,,,,,,,,,,,,,,,,,,,,,,,,,,,,,,,,,,,,,,,,,,,,,,,,,,,,,,,,,,,,,,,,,,-0.013,-0.046,0.044,0.016,0.055,0.01,-0.009,-0.124,-0.053,-0.016,0.001,0.013,-0.044,-0.024,0.076,0,-0.009,-0.008,-0.012,0.006,0.006,0.009,0.161,-0.006,-0.004,-0.046,0.003,-0.011,-0.032,,,,,,,,,,,,,,,,,,,,,,,,,0.15,-0.008,0.164,-0.014,0.026,-0.135,-0.066,-0.221,-0.035,-0.095,0.134,-0.053,-0.044,-0.124,0,-0.018,-0.06,-0.109,-0.095,-0.074,,,,,,,,,,,,,,,,,,,,,,,,,,,,,,,,,,,,,,,,,,,,,,,,,,,,,,,,,,,,,,,,,,,,,,,,,,,,,,,,,,,,,,,,,,,,,,,,,,,,,,,,,,,,,,,,,,,,,,,,,,,,,,,,,,,,,,,,,,,,,,,,,,,,,,,,,,,,,,,,,,,,,,,,,,,,,,,,,,,,,,,,,,,,,,,,,,,,,,,,,,,,,,,,,,,,,,,,,,,,,,,,,,,,,,,,,,,,,,,,,,,,,,,,,,,,,,,,,,,,,,,,,,,,,,,,,,,,,,,,,,,,,,,,,,,,,,,,,,,,,,,,,,,,,,,,,,,,,,,,,,,,,,,-0.014,0.026,-0.037,-0.193,-0.029,-0.023,0.038,-0.092,0.105,0.058,-0.001,-0.072,-0.108,-0.257,-0.017,0.218,-0.193,-0.092,0.138,0.03,-0.255,-0.083,-0.037,0.038,-0.072,0.218,-0.001,-0.017,0.057,0.057,0.026,-0.023,0.053,-0.03,-0.002,-0.022,-0.014,-0.029,0.058,-0.257,0.105,-0.108,-0.04,0.52,-0.04,0.52,-0.004,-0.005,-0.016,0,0,0,0,0.019,0.019,0,0,0.025,0.059,0.001,0,-0.021,0.025,-0.013,0.001,-0.102,-0.021,-0.001,0.016,-0.238,-0.108,0.002,-0.005,0,0,-0.045,0.112,0,0,0.004,0.147,0.008,0.124,0.008,0.124,0,0,-0.013,-0.082,-0.014,-0.082,-0.013,-0.097,0,0,-0.251,0.003,0,0,0,0,0,0,-0.027,-0.147,0.084,0.042,0.012,0.03,-0.005,0.013,-0.003,0.013,-0.015,0.011,0.046,0.087,0.013,0.041,0.013,-0.03,,,,,,-0.119,-0.111,0.104,-0.119,-0.119,-0.144,0,0,0,0,0,0,0,0,,,,,,,,,-0.092,0.009,-0.092,0.009,0,0,0,0,0,0,0,0,,,,,,,,,,,,,,,,,,,,,,,,,,,,,,,,,,,,,,,,,,,,,,,,,,,,,,,,,,,,,,,,,,,,,,,,,,,,,,,,,,,,,,0
508,,,,,,,,,,,,,,,,,,,,,,,,,,,,,,,,,,,,,,,,,,,,,,,,,,,,,,,,,,,,,,,,,,,,,,,,,,,,,,,,,,-0.002,0.026,0.059,0.175,0.002,0,0.006,0.022,0.025,0.161,0.112,0.112,0.126,0.151,0.033,-0.349,-0.034,-0.045,0.008,0,0.043,-0.312,-0.004,,,,,,,,,,,,0.146,0.084,,,,-0.044,0.169,-0.014,-0.197,0,0,,,,,,,,,,,,,,,,,,,,,,,,,,,,,-0.029,-0.095,-0.002,0.037,-0.148,-0.121,-0.246,0.018,-0.037,-0.032,0.066,-0.219,-0.121,0.016,,,,,,,,,,,,,,,,,,,,,,,,,,,,,,,,,,,,,,,,,,,,,,,,,,,,,,,,,,,,,,,,,,,,,,,,,,,,,,,,,,,,,,,,,,,,,,,,,,,,,,,,,,,,,,,,,,,,,,,,,,,,,,,,,,,,,,,,,,,,,,,,,,,,,,,,,,,,,,,,,,,,,,,,,,,,,,,,,,,,,,,,,,,,,,,,,,,,,,,,,,,,,,,,,,,,,,,,,,,,,,,,,,,,,,,,,,,,,,,,,,,,,,,,,,,,,,,,,,,,,,,,,,,,,,,,,,,,,,,,,,,,,,,,,,,,,,,,,,,,,,,,,,,,,,,,,,,,,,,,,,,,,,,,,,,,,,,,,,,,,,,,,,,,,,,,,,,,,,,,,,,,,,,,,,,,,,,,,,,,,,,,,,,,,,,,,,,,,,,,,,,,,,,,,,,,,,,,,,,,,,,,,,,,,,,,,,,,,,,,,,,,,,,,,,,,,,,,,,,,,,,,,,,,,,,,,,,,,,,,,,,,,,,,,,,,,,,,,,,,,,,,,,,,,,,,,,0.149,-0.056,0.365,0,-0.031,0.017,-0.02,-0.071,-0.035,-0.033,0.258,-0.047,-0.075,-0.034,,,,,,,,,,,,,,,,,,,,,,,,,,,,,0.315,-0.03,-0.039,0.012,-0.047,-0.039,-0.05,-0.053,-0.038,-0.081,0.114,0.154,0.101,-0.156,-0.05,-0.115,0.012,-0.053,0.137,-0.06,-0.133,-0.044,-0.039,-0.05,0.154,-0.115,0.114,-0.05,0.063,0.063,-0.03,-0.039,0.146,-0.048,-0.022,-0.039,0.315,-0.047,-0.081,-0.156,-0.038,0.101,0.017,-0.48,0.017,-0.48,0.029,0.011,0.024,0,0,0,0,-0.003,-0.003,0.006,0.002,0.052,0.086,0.005,0.006,-0.101,0.052,0.002,0.005,-0.01,-0.101,0.006,0.043,0.061,-0.169,0.006,-0.085,0,0,0.018,-0.054,0,0,-0.001,-0.007,-0.007,-0.041,-0.008,-0.041,0,0,-0.001,-0.02,-0.002,-0.02,0.002,-0.005,0,0,0.024,0,0,0,0,0,0,0,0.02,0.049,0.133,0.216,0.014,0.022,-0.073,0.013,-0.033,0.013,-0.009,0.012,-0.016,-0.048,0.013,-0.021,0.013,-0.024,,,,,,-0.029,-0.039,-0.019,-0.029,-0.029,-0.112,0,0,0,0,0,0,0,0,0,-0.021,0.03,-0.052,0,0,0,0,,,,,,,,,0,0,0,0,,,,,,,,,,,,,,,,,,,,,,,,,,,,,,,,,,,,,,,,,,,,,,,,,,,,,,,,,,,,,,,,,,,,,,,,,,,,,,,,,,,,,,0
510,-0.055,-0.056,0.294,0.294,-0.1,-0.021,0.03,0.128,0.041,0.051,0.091,0.091,0.001,-0.092,,,,,,,,,,-0.091,-0.049,-0.051,-0.124,-0.031,0,-0.081,-0.197,-0.072,0.069,0.002,,,-0.336,0.373,-0.067,,,,-0.157,0,0.001,,,,,,,,,,,,,-0.035,-0.089,-0.022,0.014,-0.02,-0.032,-0.151,0.003,-0.2,-0.02,0,-0.003,,,,,,,,,,,,,,,,,,,,,,,,,,,,,,,,,,,,,,,,,,,,,,,,,,,,,,,,,,,,,,,,,,,,,,,,,,,,,,,,,,,,,,,,,,,,,,,,,,,,,,,,,,,,,,,,,,,,,,,,,,,,,,,,,,,,,,,,,,,,,,,,,,,,,,,,,,,,,,,,,,,,,,,,,,,,,,,,,,,,,,,,,,,,,,,,,,,,,,,,,,,,,,,,,,,,,,,,,,,,,,,,,,,,,,,,,,,,,,,,,,,,,,,,,,,,,,,,,,,,,,,,,,,,,,,,,,,,,,,,,,,,,,,,,,,,,,,,,,,,,,,,,,,,,,,,,,,,,,,,,,,,,,,,,,,,,,,,,,,,,,,,,,,,,,,,,,,,,,,,,,,,,,,,,,,,,,,,,,,,,,,,,,,,,,,,,,,,,,,,,,,,,,,,,,,,,,,,,,,,,,,,,,,,,,,,,,,,,,,,,,,,,,,,,,,,,,,,,,,,,,,,,,,,,,,,,,,,,,,,,,,,,,,,,,,,,,,,,,,,,,,,,,,,,,,,,,,,,,,,,,,,,,,,,,,,,,,,,,,,,,,,,,,,,,,,,,,,,,,,,,,,,,,,,,,,,,,,,,,,,,,,,,,,,,,,,,,,,,,,,,,,,,,,,,,,,,,,,,,,,,,,,,,,,,,,,,,,,,,,,,,,,,,,,,,,,,,-0.216,-0.139,0.204,-0.174,0.17,0.168,-0.006,-0.014,-0.012,0.045,0.004,0.085,0.101,-0.212,-0.05,-0.115,-0.174,-0.014,0.28,-0.015,-0.244,-0.005,0.204,-0.006,0.085,-0.115,0.004,-0.05,0.082,0.082,-0.139,0.168,-0.005,0.172,-0.059,0.168,-0.216,0.17,0.045,-0.212,-0.012,0.101,0.017,-0.48,0.017,-0.48,-0.009,-0.013,-0.059,0,0,0,0,-0.005,-0.005,0.001,-0.001,-0.083,0.086,0.004,0.001,-0.121,-0.083,0.029,0.004,0.114,-0.121,0.001,-0.092,-0.104,-0.108,0.005,-0.105,0,0,0.046,-0.002,0,0,-0.002,-0.081,0.002,-0.041,0.002,-0.041,0,0,-0.003,0.155,-0.004,0.155,0.029,0.119,0,0,0.079,0.003,0,0,0,0,0,0,-0.135,-0.039,-0.014,0.183,0.016,0.025,0.007,0.013,0.003,0.013,0.038,0.013,-0.027,-0.031,0.013,-0.013,0.013,0.012,,,,,,0.108,0.113,0.001,0.108,0.108,-0.055,0,0,0,0,0,0,0,0,0,-0.004,0.03,-0.011,0,0,0,0,,,,,,,,,0,0,0,0,,,,,,,,,,,,,,,,,,,,,,,,,,,,,,,,,,,,,,,,,,,,,,,,,,,,,,,,,,,,,,,,,,,,,,,,,,,,,,,,,,,,,,0
511,,,,,,,,,,,,,,,,,,,,,,,,,,,,,,,,,,,,,,,,,,,,,,,,,,,,,,,,,,,,,,,,,,,,,,,,,,,,,,,,,,,,,,,,,,,,,,,,,,,,,,,,,,,,,,,,,,,,,,,,,,,,,,,,,,,,,,,,,,,,,,,,,,,,,,,,,,,,,,,,,,,,,,,,,,,,,,,,,,,,,,,,,,,,,,,,,,,,,,,,,,,,,,,,,,,,,,,,,,,,,,,,,,,,,,,,,,,,,,,,,,,,,,,,,,,,,,,,,,,,,,,,,,,,,,,,,,,,,,,,,,,,,,,,,,,,,,,,,,,,,,,,,,,,,,,,,,,,,,,,,,,,,-0.078,0.044,0.037,-0.007,-0.091,-0.02,0.003,-0.074,-0.048,0.027,0.017,0.039,-0.072,0.052,,,,,,,,,,,,,,,,-0.056,0.071,0.01,-0.007,-0.062,0.115,0.098,0.023,0.112,0.007,0.009,-0.103,0.003,-0.033,0.007,,,,,,,,,,0.113,-0.016,0.012,0.067,0.168,0.187,0.006,0.04,0.008,0.1,-0.272,-0.048,-0.072,-0.074,0,-0.192,-0.171,0.158,0.1,-0.002,,,,,,,,,,,,,,,,,,,,,,,,,,,,,,,,,,,,,,,,,,,,,,,,,,,,,,,,,,,,,,,,,,,,,,,,,,,,,,,,,,,,,,,,,,,,,,,,,,,,,,,,,,,,,,,,,,,,,,,,,,,,,,,,,,,,,,,,,,,,,,,,,,,,,,,,,,,,,,,,,,,,,,,,,,,,,,,,,,,,,,,,,,,,,,,,,,,,,,,,,,,,,,,,,,,,,,,,,,,,,,,,,,,,,,,,,,,,,,,,,,,,,,,,,,,,,,,,,,,,,,,,,,,,,,,,,,,,,,,,,,,,,-0.063,0.045,0.44,0.116,-0.031,0.024,-0.128,0.239,-0.035,-0.027,0.428,0.26,0.065,-0.034,,,,,,,,,,,,,,,,,,,,,,,,,,,,,-0.147,-0.082,0.073,0.131,-0.077,-0.055,0.082,-0.046,-0.025,-0.043,0.038,-0.072,-0.132,-0.032,-0.05,0.218,0.131,-0.046,0.203,0.074,-0.062,-0.037,0.073,0.082,-0.072,0.218,0.038,-0.05,0.057,0.057,-0.082,-0.055,-0.099,-0.079,-0.039,-0.055,-0.147,-0.077,-0.043,-0.032,-0.025,-0.132,-0.04,0.52,-0.04,0.52,-0.028,-0.013,-0.02,0,0,0,0,0.006,0.006,0,-0.003,-0.056,-0.046,-0.007,0,0.019,-0.056,0.017,-0.007,-0.125,0.019,-0.001,-0.065,0.141,-0.078,-0.006,0.035,0,0,-0.055,-0.012,0,0,0.004,0.033,-0.002,0.012,-0.003,0.012,0,0,0.012,-0.126,0.011,-0.126,0.017,-0.12,0,0,-0.251,-0.003,0,0,0,0,0,0,-0.07,-0.162,-0.123,0.169,0.016,0.056,-0.046,0.013,-0.021,0.013,-0.045,0.016,0.094,-0.003,0.013,-0.001,0.013,-0.014,,,,,,-0.21,-0.189,-0.017,-0.21,-0.21,-0.152,0,0,0,0,0,0,0,0,0,0.023,0.03,0.058,0,0,0,0,,,,,,,,,0,0,0,0,,,,,,,,,,,,,,,,,,,,,,,,,,,,,,,,,,,,,,,,,,,,,,,,,,,,,,,,,,,,,,,,,,,,,,,,,,,,,,,,,,,,,,0
515,,,,,,,,,,,,,,,,,,,,,,,,,,,,,,,,,,,,,,,,,,,,,,,,,,,,,,,,,,,,,,,,,,,,,,,,,,,,,,,,,,,,,,,,,,,,,,,,,,,,,,,,,,,,,,,,,,,,,,,,,,,,,,,,,,,,,,,,,,,,,,,,,,,,,,,,,,,,,,,,,,,,,,,,,,,,,,,,,,,,,,,,,,,,,,,,,,,,,,,,,,,,,,,,,,,,,,,,,,,,,,,,,,,,,,,,,,,,,,,,,,,,,,,,,,,,,,,,,,,,,,,,,,,,,,,,,,,,,,,,,,,,,,,,,,,,,,,,,,,,,,,,,,,,,,,,,,,,,,,,,,,,,,,,,,,,,,,,,,,,,,,,,,,,,,,,,,,,,,,,,,,,,,,,,,,,,,,,,,,,,,,,,,,,,,,,,,,,,,,,,,,,,,,,,,,,,,,,,,,,,,,,,,,,,,,,,,,,,,,,,,,,,,,,,,,,,,,,,,,,,,,,,,,,,,,,,,,,,,,,,,,,,,,,,,,,,,,,,,,,,,,,,,,,,,,,,,,,,,,,,,,,,,,,,,,,,,,,,,,,,,,,,,,,,,0.014,0.079,-0.365,-0.016,,,,-0.009,-0.011,0.018,0.059,-0.118,0.032,-0.023,0.002,0.095,-0.25,-0.12,0.049,0.202,0.352,-0.143,,,,,,,,,,,,,,,,,,,,,,,-0.018,0.165,0,0.095,-0.134,0.069,-0.101,0.116,-0.127,0.097,-0.016,-0.009,-0.364,-0.015,-0.007,-0.345,-0.129,0.046,,,,,,,,,,,,,,,,,,,,,,,,,,,,,,,,,,,,,,,,,,,,,,,,,,,,,,,,,,,,,,,,,,,,,,,-0.406,-0.393,-0.102,0.232,-0.031,0.009,0.004,0.141,-0.035,0.109,-0.066,0.032,0.18,-0.034,,,,,,,,,,,,,,,,,,,,,,,,,,,,,0.239,0.124,0.3,0.342,-0.065,-0.06,-0.094,-0.033,0.181,0.157,-0.282,-0.227,0.057,0.08,0.15,-0.115,0.342,-0.033,-0.059,-0.072,0.455,-0.057,0.3,-0.094,-0.227,-0.115,-0.282,0.15,0.104,0.104,0.124,-0.06,0.125,-0.066,0.032,-0.06,0.239,-0.065,0.157,0.08,0.181,0.057,0.189,0.52,0.189,0.52,0.039,0.027,0.067,0,0,0,0,0.008,0.008,-0.003,-0.002,-0.029,-0.046,-0.004,-0.003,0.099,-0.029,-0.001,-0.004,0.164,0.099,,,,,,,,,,,,,,,,,,,,,,,,,,,,,,,,,0,0,0,0,-0.033,-0.093,0.1,0.355,0.017,0.03,0.024,0.013,0.011,0.013,0.018,0.011,-0.007,-0.038,0.013,-0.017,0.013,-0.036,,,,,,0.017,-0.005,-0.246,0.017,0.017,-0.03,0,0,0,0,0,0,0,0,,,,,,,,,-0.092,0.003,-0.092,0.003,0,0,0,0,0,0,0,0,,,,,,,,,,,,,,,,,,,,,,,,,,,,,,,,,,,,,,,,,,,,,,,,,,,,,,,,,,,,,,,,,,,,,,,,,,,,,,,,,,,,,,0
516,,,,,,,,,,,,,,,,,,,,,,,,,,,,,,,,,,,,,,,,,,,,,,,,,,,,,,,,,,,,,,,,,,,,,,,,,,,,,,,,,,,,,,,,,,,,,,,,,,,,,,,,,,,,,,,,,,,,,,,,,,,,,,,,,,,,,,,,,,,,,,,,,,,,,,,,,,,,,,,,,,,,,,,,,,,,,,,,,,,,,,,,,,,,,,,,,,,,,,,,,,,,,,,,,,,,,,,,,,,,,,,,,,,,,,,,,,,,,,,,,,,,,,,,,,,,,,,,,,,,,,,,,,,,,,,,,,,,,,,,,,,,,,,,,,,,,,,,,,,,,,,,,,,,,,,,,,,,,,,,,,,,,,,,,,,,,,,,,,,,,,,,,,,,,,,,,,,,,,,,,,,,,,,,,,,,,,,,,,,,,,,,,,,,,,,,,,,,,,,,,,,,,,,,,,,,,,,,,,,,,,,,,,,,,,,,,,,,,,,,,,,,,,,,,,,,,,,,,,,,,,,,,,,,,,,,,,,,,,,,,,,,,,,,,,,,,,,,,,,,,,,,,,,,,,,,,,,,,,,,,,,,,,,,,,,,,,,,,,,,,,,,,,,,,,0.014,0.079,-0.365,-0.016,,,,-0.009,-0.011,0.018,0.059,-0.118,0.032,-0.023,0.002,0.095,-0.25,-0.12,0.049,0.202,0.352,-0.143,,,,,,,,,,,,,,,,,,,,,,,-0.018,0.165,0,0.095,-0.134,0.069,-0.101,0.116,-0.127,0.097,-0.016,-0.009,-0.364,-0.015,-0.007,-0.345,-0.129,0.046,,,,,,,,,,,,,,,,,,,,,,,,,,,,,,,,,,,,,,,,,,,,,,,,,,,,,,,,,,,,,,,,,,,,,,,-0.406,-0.393,-0.102,0.232,-0.031,0.009,0.004,0.141,-0.035,0.109,-0.066,0.032,0.18,-0.034,,,,,,,,,,,,,,,,,,,,,,,,,,,,,0.239,0.124,0.3,0.342,-0.065,-0.06,-0.094,-0.033,0.181,0.157,-0.282,-0.227,0.057,0.08,0.15,-0.115,0.342,-0.033,-0.059,-0.072,0.455,-0.057,0.3,-0.094,-0.227,-0.115,-0.282,0.15,0.104,0.104,0.124,-0.06,0.125,-0.066,0.032,-0.06,0.239,-0.065,0.157,0.08,0.181,0.057,0.189,0.52,0.189,0.52,0.039,0.027,0.067,0,0,0,0,0.008,0.008,-0.003,-0.002,-0.029,-0.046,-0.004,-0.003,0.099,-0.029,-0.001,-0.004,0.164,0.099,,,,,,,,,,,,,,,,,,,,,,,,,,,,,,,,,0,0,0,0,-0.033,-0.093,0.1,0.355,0.017,0.03,0.024,0.013,0.011,0.013,0.018,0.011,-0.007,-0.038,0.013,-0.017,0.013,-0.036,,,,,,0.017,-0.005,-0.246,0.017,0.017,-0.03,0,0,0,0,0,0,0,0,,,,,,,,,-0.092,0.003,-0.092,0.003,0,0,0,0,0,0,0,0,-0.006,-0.05,0.068,,,,,,,,,,,,,,,,,,,,,,,,,,,,,,,,,,,,,,,,,,,,,,,,,,,,,,,,,,,,,,,,,,,,,,,,,,,,,,,,,,,0
517,-0.127,-0.101,-0.015,-0.016,0.074,0.161,0.022,0.088,0.102,0.002,-0.231,-0.231,-0.048,-0.011,-0.013,-0.109,0.008,-0.185,0.004,0,-0.09,0.621,-0.073,,,,,,,,,,0.065,0,,,,,,-0.164,0.168,-0.026,0.343,0,0.001,,,,,,,,,,,,,,,,,,,,,,,,,0.021,-0.082,0.01,0.021,-0.112,-0.064,-0.035,-0.071,0.042,-0.014,-0.075,0.047,,,,,,,,,,,,,,,,,,,,,,,,,,,,,,,,,,,,,,,,,,,,,,,,,,,,,,,,,,,,,,,,,,,,,,,,,,,,,,,,,,,,,,,,,,,,,,,,,,,,,,,,,,,,,,,,,,,,,,,,,,,,,,,,,,,,,,,,,,,,,,,,,,,,,,,,,,,,,,,,,,,,,,,,,,,0.017,-0.173,0.031,0.014,-0.116,0.138,-0.009,-0.003,0.136,-0.181,-0.188,-0.171,0.141,0.066,,,,,,,,,,,,,,,,0.164,0.001,0.004,-0.038,0.114,-0.003,-0.004,-0.063,-0.221,0.002,0.003,-0.215,0,0.119,-0.061,-0.218,0.005,-0.005,-0.109,0,0.071,0,-0.044,-0.006,,,,,,,,,,0.035,0.138,0.17,0.141,-0.073,0,0.299,0.227,-0.119,0.034,-0.016,,,,,,,,,,,,,,,,,,,,,,,,,,,,,,,,,,,,,,,,,,,,,,,,,,,,,,,,,,,,,,,,,,,,,,,,,,,,,,,,,,,,,,,,,,,,,,,,,,,,,,,,,,,,,,,,,,,,,,,,,,,,,,,,,,,,,,,,,,,,,,,,,,,,,,,,,,,,,,,,,,,,,,,,,,,,,,,,,,,,,,,,,,,,,,,,,,,,,,,,,,,,,,,,,,,,,,,,,,,,,,,,,,,,,,,,,,,,,,,,,,,,,,,,,,,,,,,,,,,,,,,,,,,,,,,,,,,,,,,,,,,,,,,,,,,,,,,,,,,,,,,,,,,,,,,,,,,,,,,,,,,,,,,,,,,,,,,,,,,,,,,,,,,,,,,,,,,,,,,,,,,,,,,,,,,,-0.051,-0.103,-0.14,0.129,-0.03,0.015,-0.072,-0.217,-0.035,-0.331,-0.162,-0.17,0.022,-0.038,,,,,,,,,,,,,,,0.182,-0.139,0.093,0.042,-0.057,-0.064,0.013,-0.014,-0.116,-0.106,0.023,0.009,0.16,-0.212,-0.083,0.218,0.042,-0.014,0.215,0.004,-0.115,-0.005,0.093,0.013,0.009,0.218,0.023,-0.083,0.082,0.082,-0.139,-0.064,0.109,-0.059,-0.059,-0.063,0.182,-0.057,-0.106,-0.212,-0.116,0.16,0.017,-0.48,0.017,-0.48,0.058,0.031,0.063,0,0,0,0,-0.012,-0.012,-0.005,0,0.052,0.296,0.002,-0.005,-0.021,0.052,-0.011,0.002,-0.038,-0.021,-0.005,0.043,0.059,-0.078,0.002,-0.005,0,0,0.023,-0.015,0,0,0.005,-0.042,-0.002,-0.038,-0.002,-0.038,0,0,-0.012,-0.029,-0.013,-0.029,-0.011,-0.032,0,0,0.058,-0.007,0,0,0,0,0,0,-0.031,-0.07,0.115,0.133,0.011,-0.004,0.005,0.013,0.003,0.013,-0.015,0.008,-0.061,0.003,0.013,0.003,0.013,0.025,,,,,,-0.165,-0.149,-0.028,-0.165,-0.165,0.026,0,0,0,0,0,0,0,0,0,-0.012,0.03,-0.03,0,0,0,0,,,,,,,,,0,0,0,0,,,,,,,,,,,,,,,,,,,,,,,,,,,,,,,,,,,,,,,,,,,,,,,,,,,,,,,,,,,,,,,,,,,,,,,,,,,,,,,,,,,,,,0
518,,,,,,,,,,,,,,,,,,,,,,,,,,,,,,,,,,,,,,,,,,,,,,,,,,,,,,,,,,,,,,,,,,,,,,,,,,,,,,,,,,,,,,,,,,,,,,,,,,,,,,,,,,,,,,,,,,,,,,,,,,,,,,,,,,,,,,,,,,,,,,,,,,,,,,,,,,,,,,,,,,,,,,,,,-0.004,0.049,0.084,0.008,-0.077,0.18,0.086,-0.075,0.359,0,0.065,0,0.684,0.664,0.684,0.684,0.033,0.146,0.057,0.077,-0.038,-0.056,0.003,0.035,0.175,,,,,,,,,,,,,,,,-0.118,-0.003,-0.003,0.017,-0.191,0.268,0.258,0.145,-0.083,-0.007,0.008,-0.062,0.256,-0.008,-0.083,,,,,,,,,,-0.084,-0.049,0.013,-0.091,0.001,0.018,0,0,0.045,-0.043,0.155,0.08,0.035,0.057,-0.171,-0.142,0.062,-0.046,-0.002,,,,,,,,,,,,,,,,,,,,,,,,,,,,,,,,,,,,,,,,,,,,,,,,,,,,,,,,,,,,,,,,,,,,,,,,,,,,,,,,,,,,,,,,,,,,,,,,,,,,,,,,,,,,,,,,,,,,,,,,,,,,,,,,,,,,,,,,,,,,,,,,,,,,,,,,,,,,,,,,,,,,,,,,,,,,,,,,,,,,,,,,,,,,,,,,,,,,,,,,,,,,,,,,,,,,,,,,,,,,,,,,,,,,,,,,,,,,,,,,,,,,,,,,,,,,,,,,,,,,,,,,,,,,,,,,,,,,,,,,,,,,,,,,,,,,,,,,,,,,,,,,,,,,,,,,,,,,,,,,,,,,,,,,,,,,,,,,,,,,,,,,,,,,,,,,,,,,,,,,,,,,,,,,,,,,,,,,,,,,,,,,,,,,,,,,,,,,,,,,,,,,,,,,,,,,,,,,,,,,,,,,,,,,,,,,,,,,,,,,,,,,,0.059,0.11,0.187,0.234,-0.03,0.064,0.037,0.082,-0.035,-0.051,0.156,0.059,0.043,-0.038,,,,,,,,,,,,,,,0.049,-0.03,0.072,-0.097,-0.063,-0.056,-0.038,0.012,-0.012,-0.005,0.014,0,0.078,-0.043,-0.05,-0.115,-0.097,0.012,-0.324,-0.028,0.127,0.002,0.072,-0.038,0,-0.115,0.014,-0.05,0.063,0.063,-0.03,-0.056,0.071,-0.064,-0.022,-0.055,0.049,-0.063,-0.005,-0.043,-0.012,0.078,0.017,-0.48,0.017,-0.48,-0.023,-0.017,-0.047,0,0,0,0,-0.004,-0.004,0.006,-0.002,-0.11,0.086,0.012,0.006,-0.121,-0.11,0.027,0.012,-0.161,-0.121,0.005,-0.119,-0.163,-0.108,0.012,-0.105,0,0,-0.061,-0.028,0,0,-0.003,0.056,0.001,0.012,0.001,0.012,0,0,-0.005,-0.156,-0.006,-0.156,0.027,-0.156,0,0,-0.048,0.003,0,0,0,0,0,0,0.05,0.012,0.111,0.17,0.012,-0.001,-0.059,0.013,-0.027,0.013,0.025,0.013,-0.044,0,0.013,-0.005,0.013,0.031,,,,,,0.199,0.172,0.017,0.199,0.199,-0.071,0,0,0.001,0,0,0,0,0,,,,,,,,,0.008,-0.11,0.008,-0.11,0,0,0,0,0,0,0,0,,,,,,,,,,,,,,,,,,,,,,,,,,,,,,,,,,,,,,,,,,,,,,,,,,,,,,,,,,,,,,,,,,,,,,,,,,,,,,,,,,,,,,0
519,0.095,0.123,0.003,0.003,0.031,0.07,-0.015,-0.072,-0.046,-0.067,0.314,0.314,0.155,-0.07,-0.013,-0.042,0.008,-0.264,-0.002,0,0.01,-0.131,0.055,,,,,,,,,,,,-0.197,0.099,0.164,-0.279,-0.015,,,,-0.157,0,0.001,,,,,,,,,,,,,0.002,0.015,-0.004,-0.003,0.038,0.031,-0.012,-0.009,-0.137,-0.003,0,0.001,,,,,,,,,,,,,,,,,,,,,,,,,,,,,,,,,,,,,,,,,,,,,,,,,,,,,,,,,,,,,,,,,,,,,,,,,,,,,,,,,,,,,,,,,,,,,,,,,,,,,,,,,,,,,,,,,,,,,,,,,,,,,,,,,,,,,,,,,,,,,,,,,,,,,,,,,,,,,,,,,,,,,,,,,,,,,,,,,,,,,,,,,,,,,,,,,,,,,,,,,,,,,,,,,,,,,,,,,,,,,,,,,,,,,,,,,,,,,,,,,,,,,,,,,,,,,,,,,,,,,,,,,,,,,,,,,,,,,,,,,,,,,,,,,,,,,,,,,,,,,,,,,,,,,,,,,,,,,,,,,,,,,,,,,,,,,,,,,,,,,,,,,,,,,,,,,,,,,,,,,,,,,,,,,,,,,,,,,,,,,,,,,,,,,,,,,,,,,,,,,,,,,,,,,,,,,,,,,,,,,,,,,,,,,,,,,,,,,,,,,,,,,,,,,,,,,,,,,,,,,,,,,,,,,,,,,,,,,,,,,,,,,,,,,,,,,,,,,,,,,,,,,,,,,,,,,,,,,,,,,,,,,,,,,,,,,,,,,,,,,,,,,,,,,,,,,,,,,,,,,,,,,,,,,,,,,,,,,,,,,,,,,,,,,,,,,,,,,,,,,,,,,,,,,,,,,,,,,,,,,,,,,,,,,,,,,,,,,,,,,,,,,,,,,,,,,,,0.252,0.242,0.293,0.238,-0.05,-0.039,0.05,0.129,0.131,0.084,0.018,-0.015,-0.311,-0.212,-0.117,-0.115,0.238,0.129,-0.122,0.087,0.451,0.092,0.293,0.05,-0.015,-0.115,0.018,-0.117,0.057,0.057,0.242,-0.039,0.129,-0.051,0.072,-0.039,0.252,-0.05,0.084,-0.212,0.131,-0.311,-0.04,-0.48,-0.04,-0.48,-0.019,-0.013,-0.039,0,0,0,0,-0.003,-0.003,0.004,0,-0.029,0.033,0.001,0.004,-0.181,-0.029,-0.013,0.001,-0.083,-0.181,0.004,-0.038,-0.124,-0.108,0.002,-0.165,0,0,-0.084,-0.124,0,0,0.004,-0.054,-0.002,-0.062,-0.003,-0.062,0,0,-0.013,-0.112,-0.014,-0.112,-0.013,-0.078,0,0,-0.251,-0.009,0,0,0,0,0,0,0.161,0.113,-0.159,-0.141,-0.969,-0.48,-0.763,-0.987,-0.332,-0.987,-0.431,-0.974,-0.558,-0.709,-0.987,-0.306,-0.987,-0.416,,,,,,0.017,0.015,0.054,0.017,0.017,0.157,0,0,0,0,0,0,0,0,0,-0.024,0.03,-0.062,0,0,0,0,,,,,,,,,0,0,0,0,,,,,,,,,,,,,,,,,,,,,,,,,,,,,,,,,,,,,,,,,,,,,,,,,,,,,,,,,,,,,,,,,,,,,,,,,,,,,,,,,,,,,,0
520,,,,,,,,,,,,,,,,,,,,,,,,,,,,,,,,,,,,,,,,,,,,,,,,,,,,,,,,,,,,,,,,,,,,,,,,,,,,,,,,,,0.023,0.054,0.059,0.14,-0.053,-0.077,0.002,-0.01,-0.123,-0.109,-0.069,-0.069,0.037,-0.092,0.033,-0.33,-0.034,0.12,0.005,0,0.043,-0.306,-0.006,,,,,,,,,,-0.009,0.038,,,-0.01,0.136,-0.032,,,,0.803,0,0,0.07,-0.026,0.069,0.035,0.052,0.048,0.035,0.053,0.243,0.033,0.045,0,0.02,-0.005,,,,,,,,,,,,,,,,,,,,,,,,,,,,,,,,,,,,,,,,,,,,,,,,,,,,,,,,,,,,,,,,,,,,,,,,,,,,,,,,,,,,,,,,,,,,,,,,,,,,,,,,,,,,,,,,,,,,,,,,,,,,,,,,,,,,,,,,,,,,,,,,,,,,,,,,,,,,,,,,,,,,,,,,,,,,,,,,,,,,,,,,,,,,,,,,,,,,,,,,,,,,,,,,,,,,,,,,,,,,,,,,,,,,,,,,,,,,,,,,,,,,,,,,,,,,,,,,,,,,,,,,,,,,,,,,,,,,,,,,,,,,,,,,,,,,,,,,,,,,,,,,,,,,,,,,,,,,,,,,,,,,,,,,,,,,,,,,,,,,,,,,,,,,,,,,,,,,,,,,,,,,,,,,,,,,,,,,,,,,,,,,,,,,,,,,,,,,,,,,,,,,,,,,,,,,,,,,,,,,,,,,,,,,,,,,,,,,,,,,,,,,,,,,,,,,,,,,,,,,,,,,,,,,,,,,,,,,,,,,,,,,,,,,,,,,,,,,,,,,,,,,,,,,,,,,,,,,,,,,,,,,,,,,,,,,,,,,,,,,,,,,,,,,,,,,,,,,,,,,,,,,,,,,,,,,,,,,,,,,,,,,0.049,-0.139,-0.127,-0.066,0.073,0.055,-0.056,-0.04,-0.116,-0.106,0.023,0.009,0.137,0.181,-0.05,-0.115,-0.066,-0.04,0.085,-0.066,-0.179,-0.031,-0.127,-0.056,0.009,-0.115,0.023,-0.05,0.082,0.082,-0.139,0.055,0.071,0.074,-0.059,0.055,0.049,0.073,-0.106,0.181,-0.116,0.137,0.017,-0.48,0.017,-0.48,-0.019,-0.017,-0.071,0,0,0,0,-0.01,-0.01,-0.005,0,0.106,0.138,-0.006,-0.005,-0.001,0.106,0.019,-0.006,0.15,-0.001,-0.005,0.097,0.055,0.043,-0.006,0.015,0,0,0.042,0.227,0,0,-0.005,0.147,-0.002,0.174,-0.002,0.174,0,0,-0.012,0.195,-0.013,0.195,0.019,0.156,0,0,-0.004,-0.001,0,0,0,0,0,0,0.091,-0.013,-0.052,0.011,0.016,0.022,0.074,0.013,0.035,0.013,-0.039,0.015,0.021,-0.023,0.013,-0.009,0.013,-0.014,,,,,,-0.074,-0.068,0.011,-0.074,-0.074,0.148,0,0,0,0,0,0,0,0,0,0.051,0.03,0.129,0,0,0,0,,,,,,,,,0,0,0,0,,,,,,,,,,,,,,,,,,,,,,,,,,,,,,,,,,,,,,,,,,,,,,,,,,,,,,,,,,,,,,,,,,,,,,,,,,,,,,,,,,,,,,0
522,,,,,,,,,,,,,,,,,,,,,,,,,,,,,,,,,,,,,,,,,,,,,,,,,,,,,,,,,,,,,,,,,,,,,,,,,,,,,,,,,,,,,,,,,,,,,,,,,,,,,,,,,,,,,,,,,,,,,,,,,,,,,,,,,,,,,,,,,,,,,,,,,,,,,,,,,,,,,,,,,,,,,,,,,,,,,,,,,,,,,,,,,,,,,,,,,,,,,,,,,,,,,,,,,,,,,,,,,,,,,,,,,,,,,,,,,,,,,,,,,,,,,,,,,,,,,,,,,,,,,,,,,,,,,,,,,,,,,,,,,,,,,,,,,,,,,,,,,,,,,,,,,,,,,,,,,,,,,,,,,,,,,0.013,-0.024,-0.021,0.024,0.131,0.017,-0.013,0.1,-0.123,0.158,0.162,0.218,-0.108,-0.048,,,,,,,,,,,,,,,,-0.016,-0.086,0.011,-0.007,0.046,0.13,0.137,-0.014,0.154,0.007,0.01,-0.15,0.003,0.076,-0.002,0.166,0,-0.022,0.044,-0.005,0.018,-0.001,-0.006,0.007,,,,,,,,,,0.108,0.221,-0.123,-0.108,0.1,0,0.115,0.137,0.097,0.108,-0.037,,,,,,,,,,,,,,,,,,,,,,,,,,,,,,,,,,,,,,,,,,,,,,,,,,,,,,,,,,,,,,,,,,,,,,,,,,,,,,,,,,,,,,,,,,,,,,,,,,,,,,,,,,,,,,,,,,,,,,,,,,,,,,,,,,,,,,,,,,,,,,,,,,,,,,,,,,,,,,,,,,,,,,,,,,,,,,,,,,,,,,,,,,,,,,,,,,,,,,,,,,,,,,,,,,,,,,,,,,,,,,,,,,,,,,,,,,,,,,,,,,,,,,,,,,,,,,,,,,,,,,,,,,,,,,,,,,,,,,,,,,,,,,,,,,,,,,,,,,,,,,,,,,,,,,,,,,,,,,,,,,,,,,,0.049,0.294,0.165,-0.118,-0.121,-0.098,-0.019,-0.04,0.066,0.045,0.054,0.058,0.162,-0.088,-0.017,-0.115,-0.118,-0.04,0.257,-0.028,-0.211,-0.031,0.165,-0.019,0.058,-0.115,0.054,-0.017,0.082,0.082,0.294,-0.098,0.071,-0.123,0.09,-0.098,0.049,-0.121,0.045,-0.088,0.066,0.162,0.017,0.52,0.017,0.52,0.058,0.038,0.102,0,0,0,0,-0.003,-0.003,0.001,0.001,-0.083,-0.099,0.004,0.001,0.199,-0.083,-0.001,0.004,-0.079,0.199,,,,,,,,,,,,,,,,,,,,,,,,,,,,,,,,,0,0,0,0,0.149,0.239,-0.169,-0.127,0.014,-0.004,-0.065,0.013,-0.029,0.013,0.038,0.017,0.066,-0.003,0.013,-0.003,0.013,-0.007,,,,,,0.017,0.026,0.192,0.017,0.017,0.051,0,0,0,0,0,0,0,0,0,0.129,-0.082,0.327,0,0,0,0,,,,,,,,,0,0,0,0,,,,,,,,,,,,,,,,,,,,,,,,,,,,,,,,,,,,,,,,,,,,,,,,,,,,,,,,,,,,,,,,,,,,,,,,,,,,,,,,,,,,,,0
523,-0.062,-0.056,-0.197,-0.197,-0.056,0.116,0,-0.032,0.03,0.072,-0.121,-0.121,-0.007,-0.095,-0.013,0.014,0.008,0.098,0,0,0.01,-0.084,-0.08,,,,,,,,,,0.017,-0.011,,,0.164,-0.281,-0.071,,,,0.343,0,0.001,0.025,-0.013,0.011,-0.012,-0.001,-0.036,-0.007,-0.022,0.028,0.015,0,-0.002,,,,,,,,,,,,,,,,,,,,,,,,,,,,,,,,,,,,,,,,,,,,,,,,,,,,,,,,,,,,,,,,,,,,,,,,,,,,,,,,,,,,,,,,,,,,,,,,,,,,,,,,,,,,,,,,,,,,,,,,,,,,,,,,,,,,,,,,,,,,,,,,,,,,,,,,,,,,,,,,,,,,,,,,,,,,,,,,,,,,,,,,,,,,,,,,,,,,,,,,,,,,,,,,,,,,,,,,,,,,,,,,,,,,,,,,,,,,,,,,,,,,,,,,,,,,,,,,,,,,,,,,,,,,,,,,,,,,,,,,,,,,,,,,,,,,,,,,,,,,,,,,,,,,,,,,,,,,,,,,,,,,,,,,,,,,,,,,,,,,,,,,,,,,,,,,,,,,,,,,,,,,,,,,,,,,,,,,,,,,,,,,,,,,,,,,,,,,,,,,,,,,,,,,,,,,,,,,,,,,,,,,,,,,,,,,,,,,,,,,,,,,,,,,,,,,,,,,,,,,,,,,,,,,,,,,,,,,,,,,,,,,,,,,,,,,,,,,,,,,,,,,,,,,,,,,,,,,,,,,,,,,,,,,,,,,,,,,,,,,,,,,,,,,,,,,,,,,,,,,,,,,,,,,,,,,,,,,,,,,,,,,,,,,,,,,,,,,,,,,,,,,,,,,,,,,,,,,,,,,,,,,,,,,,,,,,,,,,,,,,,,,,,,,,,,,,,,,,,,,,,,,,,,0.315,-0.03,0.296,-0.097,-0.05,-0.05,-0.088,-0.014,-0.012,0.02,-0.125,-0.076,0.101,-0.212,-0.017,-0.115,-0.097,-0.014,-0.324,-0.053,0.453,-0.05,0.296,-0.088,-0.076,-0.115,-0.125,-0.017,0.063,0.063,-0.03,-0.05,0.146,-0.051,-0.022,-0.05,0.315,-0.05,0.02,-0.212,-0.012,0.101,0.017,-0.48,0.017,-0.48,-0.009,-0.005,-0.008,0,0,0,0,0.001,0.001,-0.005,0.003,0.025,0.086,0.002,-0.005,0.039,0.025,-0.011,0.002,0.082,0.039,-0.005,0.016,0.009,0.013,0.002,0.055,0,0,-0.016,0.089,0,0,0.005,0.1,0.008,0.102,0.009,0.102,0,0,-0.012,0.116,-0.013,0.116,-0.011,0.087,0,0,-0.065,0.016,0,0,0,0,0,0,0.003,-0.013,0.053,0.221,0.01,-0.032,-0.009,0.013,-0.003,0.013,0.051,0.017,0.052,-0.026,0.013,-0.015,0.013,-0.043,,,,,,0.062,0.036,-0.092,0.062,0.062,0.043,0,0,0,0,0,0,0,0,0,0.098,-0.082,0.25,0,0,0,0,,,,,,,,,0,0,0,0,,,,,,,,,,,,,,,,,,,,,,,,,,,,,,,,,,,,,,,,,,,,,,,,,,,,,,,,,,,,,,,,,,,,,,,,,,,,,,,,,,,,,,0
524,-0.029,0.004,-0.215,-0.179,-0.013,0.07,-0.007,-0.072,0.117,0.099,-0.069,-0.069,-0.012,-0.058,-0.013,-0.104,0.008,-0.272,0.004,0,0.01,-0.212,-0.006,,,,,,,,,,,,0.029,-0.152,0.164,-0.256,0.107,,,,-0.157,0,0.001,,,,,,,,,,,,,0.024,0.064,0.026,-0.008,-0.02,-0.013,0.021,-0.022,0.025,0.004,0,-0.001,,,,,,,,,,,,,,,,,,,,,,,,,,,,,,,,,,,,,,,,,,,,,,,,,,,,,,,,,,,,,,,,,,,,,,,,,,,,,,,,,,,,,,,,,,,,,,,,,,,,,,,,,,,,,,,,,,,,,,,,,,,,,,,,,,,,,,,,,,,,,,,,,,,,,,,,,,,,,,,,,,,,,,,,,,,,,,,,,,,,,,,,,,,,,,,,,,,,,,,,,,,,,,,,,,,,,,,,,,,,,,,,,,,,,,,,,,,,,,,,,,,,,,,,,,,,,,,,,,,,,,,,,,,,,,,,,,,,,,,,,,,,,,,,,,,,,,,,,,,,,,,,,,,,,,,,,,,,,,,,,,,,,,,,,,,,,,,,,,,,,,,,,,,,,,,,,,,,,,,,,,,,,,,,,,,,,,,,,,,,,,,,,,,,,,,,,,,,,,,,,,,,,,,,,,,,,,,,,,,,,,,,,,,,,,,,,,,,,,,,,,,,,,,,,,,,,,,,,,,,,,,,,,,,,,,,,,,,,,,,,,,,,,,,,,,,,,,,,,,,,,,,,,,,,,,,,,,,,,,,,,,,,,,,,,,,,,,,,,,,,,,,,,,,,,,,,,,,,,,,,,,,,,,,,,,,,,,,,,,,,,,,,,,,,,,,,,,,,,,,,,,,,,,,,,,,,,,,,,,,,,,,,,,,,,,,,,,,,,,,,,,,,,,,,,,,,,,,,,,,,,,,,,,,,,,,,,,,,,,,,,,,,,,,,,,,,,,,,,,,,,,,,,,,,,,,,,,,,,,,,,,,,,,,,,,,,,,,,,,,,,,,,,,,,,,,,,,,,,,,,,,,,,,,,,,,,,,,,,,,,,,,,,,,,,,,,,,,,,,,,,,,,,,,,,,,,,,,,,0,0,0,0,0.008,-0.304,0.037,-0.153,0,0,0,0,0,0,0,0,0.026,0.096,0.214,0.157,0,0.051,0.12,0.181,0.07,-0.192,0,0,0,0,0.081,-0.047,0.059,-0.032,,,,,,,,,0.003,0,0,0,0,-0.053,-0.002,-0.042,-0.032,0.123,0.053,-0.042,0,0,0,0,-0.52,-0.052,-0.009,0,0,0,,,,,,,,0.069,-0.056,-0.001,0,0,0,-0.25,-0.001,0,0,0,0
525,-0.042,-0.026,0.294,0.312,0.074,0.161,0.03,0.128,-0.005,-0.024,0.021,0.021,0.149,-0.009,,,,,,,,,,0.009,-0.164,0.049,-0.318,0.003,0,0.019,-0.214,-0.04,,,-0.135,-0.056,0.164,-0.288,-0.066,,,,,,,,,,,,,,,,,,,,,,,,,,,,,,,-0.134,0.047,-0.017,-0.082,-0.112,-0.108,-0.034,-0.032,-0.089,-0.017,-0.056,-0.037,,,,,,,,,,,,,,,,,,,,,,,,,,,,,,,,,,,,,,,,,,,,,,,,,,,,,,,,,,,,,,,,,,,,,,,,,,,,,,,,,,,,,,,,,,,,,,,,,,,,,,,,,,,,,,,,,,,,,,,,,,,,,,,,,,,,,,,,,,,,,,,,,,,,,,,,,,,,,,,,,,,,,,,,,,,,,,,,,,,,,,,,,,,,,,,,,,,,,,,,,,,,,,,,,,,,,,,,,,,,,,,,,,,,,,,,,,,,,,,,,,,,,,,,,,,,,,,,,,,,,,,,,,,,,,,,,,,,,,,,,,,,,,,,,,,,,,,,,,,,,,,,,,,,,,,,,,,,,,,,,,,,,,,,,,,,,,,,,,,,,,,,,,,,,,,,,,,,,,,,,,,,,,,,,,,,,,,,,,,,,,,,,,,,,,,,,,,,,,,,,,,,,,,,,,,,,,,,,,,,,,,,,,,,,,,,,,,,,,,,,,,,,,,,,,,,,,,,,,,,,,,,,,,,,,,,,,,,,,,,,,,,,,,,,,,,,,,,,,,,,,,,,,,,,,,,,,,,,,,,,,,,,,,,,,,,,,,,,,,,,,,,,,,,,,,,,,,,,,,,,,,,,,,,,,,,,,,,,,,,,,,,,,,,,,,,,,,,,,,,,,,,,,,,,,,,,,,,,,,,,,,,,,,,,,,,,,,,,,,,,,,0.182,-0.03,-0.039,0.121,-0.065,-0.061,-0.031,-0.111,0.04,0.02,-0.066,0.058,0.066,-0.043,-0.017,-0.115,0.121,-0.111,0.137,-0.04,-0.068,-0.102,-0.039,-0.031,0.058,-0.115,-0.066,-0.017,0.063,0.063,-0.03,-0.061,0.109,-0.067,-0.022,-0.061,0.182,-0.065,0.02,-0.043,0.04,0.066,0.017,-0.48,0.017,-0.48,-0.014,-0.009,-0.016,0,0,0,0,0.015,0.015,-0.003,0.004,0.052,0.007,-0.004,-0.003,0.059,0.052,-0.001,-0.004,0.054,0.059,-0.003,0.043,0.015,0.013,-0.003,0.075,0,0,-0.022,-0.033,0,0,-0.002,-0.003,-0.009,-0.016,-0.009,-0.016,0,0,0.021,0.032,0.02,0.032,-0.002,0.059,0,0,-0.045,-0.007,0,0,0,0,0,0,0.117,0.134,-0.13,-0.147,0.009,-0.046,0.017,0.013,0.009,0.013,0.018,0.005,-0.103,0.097,0.013,0.045,0.013,0.086,,,,,,0.153,0.141,0.07,0.153,0.153,0.14,0,0,0,0,0,0,0,0,0,0.102,0.03,0.259,0,0,0,0,,,,,,,,,0,0,0,0,,,,,,,,,,,,,,,,,,,,,,,,,,,,,,,,,,,,,,,,,,,,,,,,,,,,,,,,,,,,,,,,,,,,,,,,,,,,,,,,,,,,,,0
527,-0.153,-0.198,0.312,0.33,0.031,-0.203,0.052,0.288,-0.067,0.008,0.341,0.341,-0.012,0.101,-0.013,0.166,0.008,0.047,-0.005,0,0.01,-0.128,-0.079,,,,,,,,,,-0.01,-0.015,,,,,,-0.164,0.409,-0.017,-0.157,0,0.001,,,,,,,,,,,,,,,,,,,,,,,,,0.125,0.015,0.02,-0.005,0.288,0.306,0.095,0.028,0.058,0.048,0.142,0.033,,,,,,,,,,,,,,,,,,,,,,,,,,,,,,,,,,,,,,,,,,,,,,,,,,,,,,,,,,,,,,,,,,,,,,,,,,,,,,,,,,,,,,,,,,,,,,,,,,,,,,,,,,,,,,,,,,,,,,,,,,,,,,,,,,,,,,,,,,,,,,,,,,,,,,,,,,,,,,,,,,,,,,,,,,,,,,,,,,,,,,,,,,,,,,,,,,,,,,,,,,,,,,,,,,,,,,,,,,,,,,,,,,,,,,,,,,,,,,,,,,,,,,,,,,,,,,,,,,,,,,,,,,,,,,,,,,,,,,,,,,,,,,,,,,,,,,,,,,,,,,,,,,,,,,,,,,,,,,,,,,,,,,,,,,,,,,,,,,,,,,,,,,,,,,,,,,,,,,,,,,,,,,,,,,,,,,,,,,,,,,,,,,,,,,,,,,,,,,,,,,,,,,,,,,,,,,,,,,,,,,,,,,,,,,,,,,,,,,,,,,,,,,,,,,,,,,,,,,,,,,,,,,,,,,,,,,,,,,,,,,,,,,,,,,,,,,,,,,,,,,,,,,,,,,,,,,,,,,,,,,,,,,,,,,,,,,,,,,,,,,,,,,,,,,,,,,,,,,,,,,,,,,,,,,,,,,,,,,,,,,,,,,,,,,,,,,,,,,,,,,,,,,,,,,,,,,,,,,,,,,,,,,,,,,,,,,,,,,,,,,,-0.216,-0.139,-0.099,-0.146,0.047,0.033,-0.063,-0.027,-0.012,-0.031,0.048,0.089,0.101,0.125,-0.05,-0.115,-0.146,-0.027,-0.353,-0.066,0.094,-0.031,-0.099,-0.063,0.089,-0.115,0.048,-0.05,0.104,0.104,-0.139,0.033,-0.005,0.048,-0.059,0.034,-0.216,0.047,-0.031,0.125,-0.012,0.101,0.017,-0.48,0.017,-0.48,-0.023,-0.02,-0.086,0,0,0,0,-0.021,-0.021,-0.004,0.004,0.133,0.086,0.004,-0.004,0.019,0.133,-0.003,0.004,0.063,0.019,-0.004,0.124,-0.118,-0.018,0.004,0.035,0,0,0.055,-0.041,0,0,0.008,-0.042,0.001,-0.05,0.001,-0.05,0,0,0.02,0.054,0.019,0.054,-0.003,0.069,0,0,0.013,-0.001,0,0,0,0,0,0,0.154,0.246,0.031,0.045,0.01,-0.007,0.1,0.013,0.047,0.013,-0.002,0.008,-0.058,0.054,0.013,0.027,0.013,0.025,,,,,,0.062,0.077,0.136,0.062,0.062,0.026,0,0,0,0,0,0,0,0,0,0.074,-0.082,0.189,0,0,0,0,,,,,,,,,0,0,0,0,,,,,,,,,,,,,,,,,,,,,,,,,,,,,,,,,,,,,,,,,,,,,,,,,,,,,,,,,,,,,,,,,,,,,,,,,,,,,,,,,,,,,,0
532,,,,,,,,,,,,,,,,,,,,,,,,,,,,,,,,,,,,,,,,,,,,,,,,,,,,,,,,,,,,,,,,,,,,,,,,,,,,,,,,,,,,,,,,,,,,,,,,,,,,,,,,,,,,,,,,,,,,,,,,,,,,,,,,,,,,,,,,,,,,,,,,,,,,,,,,,,,,,,,,,,,,,,,,,-0.062,0.093,-0.114,0.062,-0.01,-0.081,-0.065,-0.018,-0.166,0,-0.035,0,-0.316,-0.306,-0.316,-0.316,-0.019,-0.067,-0.092,0.145,-0.181,-0.183,-0.151,0.161,-0.023,0.016,-0.114,0.004,-0.004,0.337,-0.051,-0.039,-0.025,-0.157,0.007,0.008,0.01,0.004,-0.001,0.007,,,,,,,,,,,,,,,,-0.155,-0.019,-0.326,-0.055,-0.012,-0.104,-0.025,0.06,0.013,,,,,,,,,,0.053,-0.117,0.151,0.161,-0.092,0.31,0.344,0.127,0.052,-0.026,,,,,,,,,,,,,,,,,,,,,,,,,,,,,,,,,,,,,,,,,,,,,,,,,,,,,,,,,,,,,,,,,,,,,,,,,,,,,,,,,,,,,,,,,,,,,,,,,,,,,,,,,,,,,,,,,,,,,,,,,,,,,,,,,,,,,,,,,,,,,,,,,,,,,,,,,,,,,,,,,,,,,,,,,,,,,,,,,,,,,,,,,,,,,,,,,,,,,,,,,,,,,,,,,,,,,,,,,,,,,,,,,,,,,,,,,,,,,,,,,,,,,,,,,,,,,,,,,,,,,,,,,,,,,,,,,,,,,,,,,,,,,,,,,,,,,,,,,,,,,,,,,,,,,,,,,,,,,,,,,,,,,,,,,,,,,,,,,,,,,,,,,,,,,,,,,,,,,,,,,,,,,,,,,,,,,,,,,,,,,,,,,,,,,,,,,,,,,,,,,,,,,,,,,,,,,,,,,,,,,,,,,,,,,,,0.21,0.207,0.029,0.035,-0.031,0.032,-0.099,-0.02,-0.035,-0.083,0.072,0.139,-0.048,-0.034,,,,,,,,,,,,,,,,,,,,,,,,,,,,,-0.084,0.294,-0.039,-0.097,0.004,-0.002,-0.075,-0.157,0.014,0.045,0.154,0.135,0.042,0.294,-0.05,-0.115,-0.097,-0.157,0.137,-0.085,-0.198,-0.148,-0.039,-0.075,0.135,-0.115,0.154,-0.05,0.063,0.063,0.294,-0.002,0.033,0.004,0.09,-0.001,-0.084,0.004,0.045,0.294,0.014,0.042,0.017,-0.48,0.017,-0.48,0.024,0.015,0.059,0,0,0,0,-0.003,-0.003,0.004,0,-0.002,0.164,-0.007,0.004,-0.021,-0.002,-0.013,-0.007,-0.01,-0.021,0.004,-0.011,0.022,-0.108,-0.006,-0.005,0,0,-0.006,0.042,0,0,-0.006,0.08,-0.002,0.096,-0.003,0.096,0,0,-0.013,-0.003,-0.014,-0.003,-0.013,-0.005,0,0,-0.007,0.003,0,0,0,0,0,0,0.088,-0.071,-0.223,-0.064,0.011,-0.032,-0.054,0.013,-0.023,0.013,0.011,0.008,-0.089,0.06,0.013,0.025,0.013,0.131,,,,,,0.108,0.095,0.02,0.108,0.108,0.026,0,0,0,0,0,0,0,0,,,,,,,,,-0.192,0.002,-0.192,0.002,0,0,0,0,0,0,0,0,,,,,,,,,,,,,,,,,,,,,,,,,,,,,,,,,,,,,,,,,,,,,,,,,,,,,,,,,,,,,,,,,,,,,,,,,,,,,,,,,,,,,,0
533,-0.153,-0.153,-0.052,0.003,-0.013,-0.203,0.03,0.128,0.122,0.093,0.182,0.182,-0.048,-0.018,,,,,,,,,,0.009,-0.143,-0.051,0.409,-0.003,0,0.019,-0.106,0.028,,,0.2,-0.02,,,,0.336,-0.485,-0.027,0.343,0,0.001,,,,,,,,,,,,,,,,,,,,,,,,,-0.106,0.243,-0.01,-0.012,-0.112,-0.094,-0.068,-0.124,0.015,-0.014,-0.184,-0.031,,,,,,,,,,,,,,,,,,,,,,,,,,,,,,,,,,,,,,,,,,,,,,,,,,,,,,,,,,,,,,,,,,,,,,,,,,,,,,,,,,,,,,,,,,,,,,,,,,,,,,,,,,,,,,,,,,,,,,,,,,,,,,,,,,,,,,,,,,,,,,,,,,,,,,,,,,,,,,,,,,,,,,,,,,,,,,,,,,,,,,,,,,,,,,,,,,,,,,,,,,,,,,,,,,,,,,,,,,,,,,,,,,,,,,,,,,,,,,,,,,,,,,,,,,,,,,,,,,,,,,,,,,,,,,,,,,,,,,,,,,,,,,,,,,,,,,,,,,,,,,,,,,,,,,,,,,,,,,,,,,,,,,,,,,,,,,,,,,,,,,,,,,,,,,,,,,,,,,,,,,,,,,,,,,,,,,,,,,,,,,,,,,,,,,,,,,,,,,,,,,,,,,,,,,,,,,,,,,,,,,,,,,,,,,,,,,,,,,,,,,,,,,,,,,,,,,,,,,,,,,,,,,,,,,,,,,,,,,,,,,,,,,,,,,,,,,,,,,,,,,,,,,,,,,,,,,,,,,,,,,,,,,,,,,,,,,,,,,,,,,,,,,,,,,,,,,,,,,,,,,,,,,,,,,,,,,,,,,,,,,,,,,,,,,,,,,,,,,,,,,,,,,,,,,,,,,,,,,,,,,,,,,,,,,,,,,,,,,,,,,,0.182,0.077,0.011,-0.038,0.267,0.187,0.038,0.051,-0.168,-0.132,-0.031,-0.062,0.184,0.35,-0.017,-0.115,-0.038,0.051,0.167,0.03,-0.163,0.06,0.011,0.038,-0.062,-0.115,-0.031,-0.017,0.104,0.104,0.077,0.187,0.109,0.271,0.015,0.187,0.182,0.267,-0.132,0.35,-0.168,0.184,0.017,-0.48,0.017,-0.48,-0.028,-0.02,-0.067,0,0,0,0,-0.013,-0.013,-0.003,0.004,0.079,0.27,-0.004,-0.003,-0.121,0.079,0.028,-0.004,0.05,-0.121,-0.003,0.07,-0.159,0.043,-0.004,-0.105,0,0,0.007,-0.043,0,0,0.008,-0.054,-0.009,-0.069,-0.01,-0.069,0,0,-0.004,0.037,-0.005,0.037,0.028,0.055,0,0,0.198,0.007,0,0,0,0,0,0,0.106,0.087,0.031,-0.024,0.013,0.022,-0.036,0.013,-0.015,0.013,-0.032,0.008,-0.067,-0.056,0.013,-0.025,0.013,0.063,,,,,,-0.119,-0.099,-0.137,-0.119,-0.119,-0.217,0,0,0,0,0,0,0,0,,,,,,,,,0.008,0.271,0.008,0.271,0,0,0,0,0,0,0,0,,,,,,,,,,,,,,,,,,,,,,,,,,,,,,,,,,,,,,,,,,,,,,,,,,,,,,,,,,,,,,,,,,,,,,,,,,,,,,,,,,,,,,0
534,-0.042,-0.101,-0.015,-0.052,-0.056,-0.203,0.008,0.088,0.03,0.147,-0.156,-0.156,-0.058,0.044,,,,,,,,,,0.009,-0.098,-0.051,0.539,0.003,0,0.019,-0.033,0.027,,,0.212,-0.002,,,,0.336,-0.495,-0.024,0.343,0,0.001,0.109,0.06,0.013,0.043,0.002,0.041,0.144,0.011,0.212,0.09,0,0.007,,,,,,,,,,,,,,,,,,,,,,,,,,,,,,,,,,,,,,,,,,,,,,,,,,,,,,,,,,,,,,,,,,,,,,,,,,,,,,,,,,,,,,,,,,,,,,,,,,,,,,,,,,,,,,,,,,,,,,,,,,,,,,,,,,,,,,,,,,,,,,,,,,,,,,,,,,,,,,,,,,,,,,,,,,,,,,,,,,,,,,,,,,,,,,,,,,,,,,,,,,,,,,,,,,,,,,,,,,,,,,,,,,,,,,,,,,,,,,,,,,,,,,,,,,,,,,,,,,,,,,,,,,,,,,,,,,,,,,,,,,,,,,,,,,,,,,,,,,,,,,,,,,,,,,,,,,,,,,,,,,,,,,,,,,,,,,,,,,,,,,,,,,,,,,,,,,,,,,,,,,,,,,,,,,,,,,,,,,,,,,,,,,,,,,,,,,,,,,,,,,,,,,,,,,,,,,,,,,,,,,,,,,,,,,,,,,,,,,,,,,,,,,,,,,,,,,,,,,,,,,,,,,,,,,,,,,,,,,,,,,,,,,,,,,,,,,,,,,,,,,,,,,,,,,,,,,,,,,,,,,,,,,,,,,,,,,,,,,,,,,,,,,,,,,,,,,,,,,,,,,,,,,,,,,,,,,,,,,,,,,,,,,,,,,,,,,,,,,,,,,,,,,,,,,,,,,,,,,,,,,,,,,,,,,,,,,,,,,,,,,,,,,,,,,,,,,,,,,,,,,,,,,,-0.084,0.077,-0.099,-0.038,0.219,0.192,0.038,-0.04,-0.142,-0.106,0.028,-0.005,0.231,-0.099,-0.05,-0.115,-0.038,-0.04,0.102,0.03,-0.163,-0.031,-0.099,0.038,-0.005,-0.115,0.028,-0.05,0.104,0.104,0.077,0.192,0.033,0.222,0.015,0.193,-0.084,0.219,-0.106,-0.099,-0.142,0.231,0.017,-0.48,0.017,-0.48,-0.019,-0.02,-0.082,0,0,0,0,-0.009,-0.009,0.001,-0.002,0.106,0.007,0.004,0.001,-0.081,0.106,-0.002,0.004,0.265,-0.081,0.001,0.097,-0.177,-0.108,0.004,-0.065,0,0,0.123,0.047,0,0,-0.002,-0.007,-0.009,-0.019,-0.01,-0.019,0,0,-0.004,0.269,-0.005,0.269,-0.002,0.27,0,0,0.198,0.008,0,0,0,0,0,0,0.05,0.112,0.046,0.086,0.011,0.01,0.082,0.013,0.037,0.013,-0.002,0.01,-0.038,-0.021,0.013,-0.007,0.013,0.012,,,,,,-0.21,-0.174,0.149,-0.21,-0.21,-0.136,0,0,0,0,0,0,0,0,,,,,,,,,0.108,0.092,0.108,0.092,0,0,0,0,0,0,0,0,,,,,,,,,,,,,,,,,,,,,,,,,,,,,,,,,,,,,,,,,,,,,,,,,,,,,,,,,,,,,,,,,,,,,,,,,,,,,,,,,,,,,,0
538,0.121,0.16,-0.015,-0.016,-0.056,0.116,-0.022,-0.152,-0.128,-0.088,0.35,0.35,0.144,0.044,-0.013,0.056,0.008,-0.195,0.005,0,0.01,-0.097,-0.006,,,,,,,,,,,,-0.158,-0.183,0.164,-0.251,-0.119,,,,0.343,0,0.001,,,,,,,,,,,,,-0.028,-0.06,0.015,0.007,-0.058,-0.047,-0.042,-0.044,0.059,-0.002,-0.001,0.002,,,,,,,,,,,,,,,,,,,,,,,,,,,,,,,,,,,,,,,,,,,,,,,,,,,,,,,,,,,,,,,,,,,,,,,,,,,,,,,,,,,,,,,,,,,,,,,,,,,,,,,,,,,,,,,,,,,,,,,,,,,,,,,,,,,,,,,,,,,,,,,,,,,,,,,,,,,,,,,,,,,,,,,,,,,,,,,,,,,,,,,,,,,,,,,,,,,,,,,,,,,,,,,,,,,,,,,,,,,,,,,,,,,,,,,,,,,,,,,,,,,,,,,,,,,,,,,,,,,,,,,,,,,,,,,,,,,,,,,,,,,,,,,,,,,,,,,,,,,,,,,,,,,,,,,,,,,,,,,,,,,,,,,,,,,,,,,,,,,,,,,,,,,,,,,,,,,,,,,,,,,,,,,,,,,,,,,,,,,,,,,,,,,,,,,,,,,,,,,,,,,,,,,,,,,,,,,,,,,,,,,,,,,,,,,,,,,,,,,,,,,,,,,,,,,,,,,,,,,,,,,,,,,,,,,,,,,,,,,,,,,,,,,,,,,,,,,,,,,,,,,,,,,,,,,,,,,,,,,,,,,,,,,,,,,,,,,,,,,,,,,,,,,,,,,,,,,,,,,,,,,,,,,,,,,,,,,,,,,,,,,,,,,,,,,,,,,,,,,,,,,,,,,,,,,,,,,,,,,,,,,,,,,0.195,-0.012,-0.005,0.122,-0.03,-0.261,0.094,0.063,-0.035,-0.016,0.056,0.173,0.036,-0.038,,,,,,,,,,,,,,,0.049,-0.139,-0.151,0.23,-0.073,-0.064,-0.063,-0.066,-0.116,-0.132,-0.026,0.058,0.113,0.069,-0.017,0.218,0.23,-0.066,0.071,-0.072,-0.003,-0.057,-0.151,-0.063,0.058,0.218,-0.026,-0.017,0.063,0.063,-0.139,-0.064,-0.119,-0.074,-0.059,-0.063,0.049,-0.073,-0.132,0.069,-0.116,0.113,0.017,-0.48,0.017,-0.48,-0.019,-0.013,-0.027,0,0,0,0,0.013,0.013,0.003,0.006,-0.164,0.033,0.007,0.003,-0.021,-0.164,-0.019,0.007,-0.152,-0.021,0.003,-0.173,0.003,0.013,0.008,-0.005,0,0,-0.095,0.014,0,0,-0.008,0.171,0.006,0.115,0.006,0.115,0,0,0.007,-0.152,0.006,-0.152,-0.019,-0.147,0,0,-0.202,0.004,0,0,0,0,0,0,0.139,0.069,0.1,0.009,0.014,0.005,-0.024,0.013,-0.011,0.013,-0.009,0.014,0.018,-0.017,0.013,-0.007,0.013,0.025,,,,,,-0.029,-0.047,-0.135,-0.029,-0.029,0.1,0,0,0,0,0,0,0,0,0,0.03,0.03,0.077,0,0,0,0,,,,,,,,,0,0,0,0,,,,,,,,,,,,,,,,,,,,,,,,,,,,,,,,,,,,,,,,,,,,,,,,,,,,,,,,,,,,,,,,,,,,,,,,,,,,,,,,,,,,,,0
540,-0.029,-0.049,-0.033,-0.034,-0.23,-0.43,0.008,0.048,-0.138,-0.147,0.125,0.125,-0.084,0.076,-0.013,0.02,0.008,-0.235,-0.004,0,0.01,-0.074,0.054,,,,,,,,,,,,0.128,-0.156,,,,-0.164,0.42,0.008,-0.157,0,0.001,-0.049,-0.049,-0.034,0.025,0.001,-0.001,0.14,-0.004,0.198,0.093,0,-0.007,,,,,,,,,,,,,,,,,,,,,,,,,,,,,,,,,,,,,,,,,,,,,,,,,,,,,,,,,,,,,,,,,,,,,,,,,,,,,,,,,,,,,,,,,,,,,,,,,,,,,,,,,,,,,,,,,,,,,,,,,,,,,,,,,,,,,,,,,,,,,,,,,,,,,,,,,,,,,,,,,,,,,,,,,,,,,,,,,,,,,,,,,,,,,,,,,,,,,,,,,,,,,,,,,,,,,,,,,,,,,,,,,,,,,,,,,,,,,,,,,,,,,,,,,,,,,,,,,,,,,,,,,,,,,,,,,,,,,,,,,,,,,,,,,,,,,,,,,,,,,,,,,,,,,,,,,,,,,,,,,,,,,,,,,,,,,,,,,,,,,,,,,,,,,,,,,,,,,,,,,,,,,,,,,,,,,,,,,,,,,,,,,,,,,,,,,,,,,,,,,,,,,,,,,,,,,,,,,,,,,,,,,,,,,,,,,,,,,,,,,,,,,,,,,,,,,,,,,,,,,,,,,,,,,,,,,,,,,,,,,,,,,,,,,,,,,,,,,,,,,,,,,,,,,,,,,,,,,,,,,,,,,,,,,,,,,,,,,,,,,,,,,,,,,,,,,,,,,,,,,,,,,,,,,,,,,,,,,,,,,,,,,,,,,,,,,,,,,,,,,,,,,,,,,,,,,,,,,,,,,,,,,,,,,,,,,,,,,,,,,,,,,,,,,,,,,,,,,,,,,,,,,,,0.315,0.077,0.011,0.07,0.063,0.036,-0.006,0.032,-0.116,-0.132,0.402,0.392,0.16,0.125,-0.05,-0.115,0.07,0.032,-0.223,-0.009,0.287,0.034,0.011,-0.006,0.392,-0.115,0.402,-0.05,0.104,0.104,0.077,0.036,0.146,0.063,0.015,0.036,0.315,0.063,-0.132,0.125,-0.116,0.16,0.017,-0.48,0.017,-0.48,0.039,0.015,0.027,0,0,0,0,-0.011,-0.011,0.001,0.001,0.052,-0.072,0.004,0.001,-0.161,0.052,0.028,0.004,0.118,-0.161,0.001,0.043,-0.113,-0.108,0.004,-0.145,0,0,0.026,0.001,0,0,-0.002,-0.022,0.001,-0.007,0.001,-0.007,0,0,-0.004,0.089,-0.006,0.089,0.028,0.124,0,0,0.075,0.001,0,0,0,0,0,0,-0.132,-0.046,0.087,0.004,0.012,-0.018,0.024,0.013,0.011,0.013,0.005,0.011,-0.044,-0.076,0.013,-0.033,0.013,0.005,,,,,,-0.119,-0.113,0.027,-0.119,-0.119,-0.136,0,0,0,0,0,0,0,0,,,,,,,,,0.108,-0.107,0.108,-0.107,0,0,0,0,0,0,0,0,,,,,,,,,,,,,,,,,,,,,,,,,,,,,,,,,,,,,,,,,,,,,,,,,,,,,,,,,,,,,,,,,,,,,,,,,,,,,,,,,,,,,,0
541,-0.029,-0.049,-0.033,-0.034,-0.23,-0.43,0.008,0.048,-0.138,-0.147,0.125,0.125,-0.084,0.076,-0.013,0.02,0.008,-0.235,-0.004,0,0.01,-0.074,0.054,,,,,,,,,,,,0.128,-0.156,,,,-0.164,0.42,0.008,-0.157,0,0.001,-0.049,-0.049,-0.034,0.025,0.001,-0.001,0.14,-0.004,0.198,0.093,0,-0.007,,,,,,,,,,,,,,,,,,,,,,,,,,,,,,,,,,,,,,,,,,,,,,,,,,,,,,,,,,,,,,,,,,,,,,,,,,,,,,,,,,,,,,,,,,,,,,,,,,,,,,,,,,,,,,,,,,,,,,,,,,,,,,,,,,,,,,,,,,,,,,,,,,,,,,,,,,,,,,,,,,,,,,,,,,,,,,,,,,,,,,,,,,,,,,,,,,,,,,,,,,,,,,,,,,,,,,,,,,,,,,,,,,,,,,,,,,,,,,,,,,,,,,,,,,,,,,,,,,,,,,,,,,,,,,,,,,,,,,,,,,,,,,,,,,,,,,,,,,,,,,,,,,,,,,,,,,,,,,,,,,,,,,,,,,,,,,,,,,,,,,,,,,,,,,,,,,,,,,,,,,,,,,,,,,,,,,,,,,,,,,,,,,,,,,,,,,,,,,,,,,,,,,,,,,,,,,,,,,,,,,,,,,,,,,,,,,,,,,,,,,,,,,,,,,,,,,,,,,,,,,,,,,,,,,,,,,,,,,,,,,,,,,,,,,,,,,,,,,,,,,,,,,,,,,,,,,,,,,,,,,,,,,,,,,,,,,,,,,,,,,,,,,,,,,,,,,,,,,,,,,,,,,,,,,,,,,,,,,,,,,,,,,,,,,,,,,,,,,,,,,,,,,,,,,,,,,,,,,,,,,,,,,,,,,,,,,,,,,,,,,,,,,,,,,,,,,,,,,,,,,,,,,,0.315,0.077,0.011,0.07,0.063,0.036,-0.006,0.032,-0.116,-0.132,0.402,0.392,0.16,0.125,-0.05,-0.115,0.07,0.032,-0.223,-0.009,0.287,0.034,0.011,-0.006,0.392,-0.115,0.402,-0.05,0.104,0.104,0.077,0.036,0.146,0.063,0.015,0.036,0.315,0.063,-0.132,0.125,-0.116,0.16,0.017,-0.48,0.017,-0.48,0.039,0.015,0.027,0,0,0,0,-0.011,-0.011,0.001,0.001,0.052,-0.072,0.004,0.001,-0.161,0.052,0.028,0.004,0.118,-0.161,0.001,0.043,-0.113,-0.108,0.004,-0.145,0,0,0.026,0.001,0,0,-0.002,-0.022,0.001,-0.007,0.001,-0.007,0,0,-0.004,0.089,-0.006,0.089,0.028,0.124,0,0,0.075,0.001,0,0,0,0,0,0,-0.132,-0.046,0.087,0.004,0.012,-0.018,0.024,0.013,0.011,0.013,0.005,0.011,-0.044,-0.076,0.013,-0.033,0.013,0.005,,,,,,-0.119,-0.113,0.027,-0.119,-0.119,-0.136,0,0,0,0,0,0,0,0,,,,,,,,,0.108,-0.107,0.108,-0.107,0,0,0,0,0,0,0,0,,,,,,,,,,,,,,,,,,,,,,,,,,,,,,,,,,,,,,,,,,,,,,,,,,,,,,,,,,,,,,,,,,,,,,,,,,,,,,,,,,,,,,0
544,0.141,0.19,0.33,0.312,-0.1,-0.248,-0.007,-0.072,-0.061,-0.051,0.354,0.354,0.052,0.023,,,,,,,,,,0.009,-0.133,-0.051,0.475,0.005,0,0.019,-0.199,0.006,,,0.029,0.075,0.164,-0.319,0.096,,,,-0.157,0,0.001,,,,,,,,,,,,,-0.017,0.022,-0.024,0.001,-0.02,-0.025,0.206,-0.01,-0.081,0.029,0,-0.001,,,,,,,,,,,,,,,,,,,,,,,,,,,,,,,,,,,,,,,,,,,,,,,,,,,,,,,,,,,,,,,,,,,,,,,,,,,,,,,,,,,,,,,,,,,,,,,,,,,,,,,,,,,,,,,,,,,,,,,,,,,,,,,,,,,,,,,,,,,,,,,,,,,,,,,,,,,,,,,,,,,,,,,,,,,,,,,,,,,,,,,,,,,,,,,,,,,,,,,,,,,,,,,,,,,,,,,,,,,,,,,,,,,,,,,,,,,,,,,,,,,,,,,,,,,,,,,,,,,,,,,,,,,,,,,,,,,,,,,,,,,,,,,,,,,,,,,,,,,,,,,,,,,,,,,,,,,,,,,,,,,,,,,,,,,,,,,,,,,,,,,,,,,,,,,,,,,,,,,,,,,,,,,,,,,,,,,,,,,,,,,,,,,,,,,,,,,,,,,,,,,,,,,,,,,,,,,,,,,,,,,,,,,,,,,,,,,,,,,,,,,,,,,,,,,,,,,,,,,,,,,,,,,,,,,,,,,,,,,,,,,,,,,,,,,,,,,,,,,,,,,,,,,,,,,,,,,,,,,,,,,,,,,,,,,,,,,,,,,,,,,,,,,,,,,,,,,,,,,,,,,,,,,,,,,,,,,,,,,,,,,,,,,,,,,,,,,,,,,,,,,,,,,,,,,,,,,,,,,,,,,,,,,,,,,,,,,,,,,,,,,,,,,,,,,,,,,-0.014,-0.082,0.183,-0.085,-0.095,-0.09,-0.038,-0.033,0.002,0.033,0.077,0.08,-0.061,-0.144,-0.05,-0.115,-0.085,-0.033,0.268,-0.047,-0.191,-0.024,0.183,-0.038,0.08,-0.115,0.077,-0.05,0.057,0.057,-0.082,-0.09,0.053,-0.097,-0.039,-0.09,-0.014,-0.095,0.033,-0.144,0.002,-0.061,-0.04,0.52,-0.04,0.52,-0.009,-0.001,0.024,0,0,0,0,0.007,0.007,0,-0.002,0.188,-0.099,0.002,0,-0.061,0.188,-0.011,0.002,-0.157,-0.061,0,0.178,0.096,0.104,0.002,-0.045,0,0,0.004,-0.098,0,0,0.005,-0.054,-0.002,-0.069,-0.002,-0.069,0,0,-0.012,-0.156,-0.013,-0.156,-0.011,-0.152,0,0,-0.125,-0.012,0,0,0,0,0,0,-0.186,-0.168,-0.083,-0.134,0.011,-0.012,-0.017,0.013,-0.007,0.013,-0.015,0.017,0.117,-0.012,0.013,-0.005,0.013,-0.049,,,,,,-0.074,-0.051,0.167,-0.074,-0.074,-0.047,0,0,0,0,0,0,0,0,0,-0.005,-0.082,-0.013,0,0,0,0,,,,,,,,,0,0,0,0,,,,,,,,,,,,,,,,,,,,,,,,,,,,,,,,,,,,,,,,,,,,,,,,,,,,,,,,,,,,,,,,,,,,,,,,,,,,,,,,,,,,,,0
545,0.023,0.011,0.33,0.294,-0.013,0.116,0.015,0.128,0.168,-0.019,-0.058,-0.058,-0.069,0.134,-0.013,-0.111,0.008,-0.176,0,0,-0.09,0.513,-0.075,,,,,,,,,,0.026,-0.011,,,,,,0.336,-0.502,-0.021,0.343,0,0.001,,,,,,,,,,,,,-0.021,-0.095,0.017,0.013,-0.001,-0.014,-0.003,-0.028,0.083,0,0,-0.004,,,,,,,,,,,,,,,,,,,,,,,,,,,,,,,,,,,,,,,,,,,,,,,,,,,,,,,,,,,,,,,,,,,,,,,,,,,,,,,,,,,,,,,,,,,,,,,,,,,,,,,,,,,,,,,,,,,,,,,,,,,,,,,,,,,,,,,,,,,,,,,,,,,,,,,,,,,,,,,,,,,,,,,,,,,,,,,,,,,,,,,,,,,,,,,,,,,,,,,,,,,,,,,,,,,,,,,,,,,,,,,,,,,,,,,,,,,,,,,,,,,,,,,,,,,,,,,,,,,,,,,,,,,,,,,,,,,,,,,,,,,,,,,,,,,,,,,,,,,,,,,,,,,,,,,,,,,,,,,,,,,,,,,,,,,,,,,,,,,,,,,,,,,,,,,,,,,,,,,,,,,,,,,,,,,,,,,,,,,,,,,,,,,,,,,,,,,,,,,,,,,,,,,,,,,,,,,,,,,,,,,,,,,,,,,,,,,,,,,,,,,,,,,,,,,,,,,,,,,,,,,,,,,,,,,,,,,,,,,,,,,,,,,,,,,,,,,,,,,,,,,,,,,,,,,,,,,,,,,,,,,,,,,,,,,,,,,,,,,,,,,,,,,,,,,,,,,,,,,,,,,,,,,,,,,,,,,,,,,,,,,,,,,,,,,,,,,,,,,,,,,,,,,,,,,,,,,,,,,,,,,,,,,,,,,,,,,,,,,,,,,,,,,,,,,,,,,-0.084,0.185,-0.238,-0.066,0.076,0.087,-0.094,-0.098,-0.168,-0.157,0.122,0.122,0.172,0.181,-0.05,-0.115,-0.066,-0.098,0.02,-0.104,-0.179,-0.089,-0.238,-0.094,0.122,-0.115,0.122,-0.05,0.082,0.082,0.185,0.087,0.033,0.076,0.053,0.087,-0.084,0.076,-0.157,0.181,-0.168,0.172,0.017,-0.48,0.017,-0.48,-0.014,-0.005,-0.016,0,0,0,0,0,0,0.004,0,0.269,-0.046,-0.006,0.004,-0.141,0.269,-0.011,-0.006,-0.106,-0.141,0.004,0.26,-0.265,0.043,-0.006,-0.125,0,0,-0.016,-0.124,0,0,-0.005,-0.085,0.008,-0.081,0.009,-0.081,0,0,0.013,-0.121,0.012,-0.121,-0.011,-0.101,0,0,0.057,-0.001,0,0,0,0,0,0,-0.068,-0.124,0.094,0.212,0.014,0.002,0.03,0.013,0.015,0.013,-0.009,0.014,-0.004,-0.004,0.013,-0.001,0.013,0.025,,,,,,-0.119,-0.116,-0.033,-0.119,-0.119,-0.136,0,0,0,0,0,0,0,0,,,,,,,,,0.108,0.159,0.108,0.159,0,0,0,0,0,0,0,0,,,,,,,,,,,,,,,,,,,,,,,,,,,,,,,,,,,,,,,,,,,,,,,,,,,,,,,,,,,,,,,,,,,,,,,,,,,,,,,,,,,,,,0
547,,,,,,,,,,,,,,,,,,,,,,,,,,,,,,,,,,,,,,,,,,,,,,,,,,,,,,,,,,,,,,,,,,,,,,,,,,,,,,,,,,,,,,,,,,,,,,,,,,,,,,,,,,,,,,,,,,,,,,,,,,,,,,,,,,,,,,,,,,,,,,,,,,,,,,,,,,,,,,,,,,,,,,,,,,,,,,,,,,,,,,,,,,,,,,,,,,,,,,,,,,,,,,,,,,,,,,,,,,,,,,,,,,,,,,,,,,,,,,,,,,,,,,,,,,,,,,,,,,,,,,,,,,,,,,,,,,,,,,,,,,,,,,,,,,,,,,,,,,,,,,,,,,,,,,,,,,,,,,,,,,,,,,,,,,,,,,,,,,,,,,,,,,,,,,,,,,,,,,,,,,,,,,,,,,,,,,,,,,,,,,,,,,,,,,,,,,,,,,-0.05,0.054,0.104,-0.07,0,-0.002,-0.951,0.009,0.017,0,0.009,-0.001,,,,,,,,,,,,,,,-0.142,0.001,0.001,0.006,0.001,-0.137,-0.025,0.01,0.174,0.004,0.034,0.001,-0.08,-0.028,,,,,,,,,-0.017,0.034,-0.007,0.019,0.036,0.001,-0.067,-0.239,0.332,0.047,-0.158,0.029,-0.028,0.064,-0.045,-0.389,-0.33,0.164,0.045,0.028,,,,,,,,,,,,,,,,,,,,,,,,,,,,,,,,,,,,,,,,,,,,,,,,,,,,,,,,,,,,,,,,,,,,,,,,,,,,,,,,,,,,,,,,,,,,,,,,,,,,,,,,,,,,,,,,,,,,,,,,,,,,,,,,,,,,,,,,,,,,,,,,,,,,,,,,,,,,,,,,,,,,,,,,,,,,,,,,,,,,,,,,,,,,,,,,,,,,,,,,,,,,,,,,,,,,,,,,,-0.021,0.101,-0.173,-0.109,-0.031,0.061,0.014,-0.214,-0.035,-0.043,-0.09,0.11,-0.048,-0.034,,,,,,,,,,,,,,,,,,,,,,,,,,,,,0.182,-0.139,-0.039,0.121,-0.045,-0.021,-0.063,-0.072,-0.012,-0.056,-0.046,-0.076,0.125,-0.099,-0.017,0.218,0.121,-0.072,0.137,-0.072,-0.068,-0.063,-0.039,-0.063,-0.076,0.218,-0.046,-0.017,0.063,0.063,-0.139,-0.021,-0.081,-0.043,-0.059,-0.02,0.182,-0.045,-0.056,-0.099,-0.012,0.125,0.017,-0.48,0.017,-0.48,-0.014,-0.009,0,-0.001,0,0,0,0.003,0.003,-0.001,0,0.025,0.059,0.001,-0.001,0.039,0.025,-0.013,0.001,-0.18,0.039,-0.001,0.016,0.018,0.073,0.001,0.055,0,0,-0.084,-0.049,0,0,-0.006,0.08,-0.002,0.037,-0.003,0.037,0,0,-0.014,-0.165,-0.015,-0.165,-0.013,-0.175,0,0,-0.069,0.01,0,0,0,0,0,0,0.159,0.317,-0.182,-0.145,0.012,0.033,0.091,0.013,0.043,0.013,-0.015,0.014,0.021,0.049,0.013,0.021,0.013,0.012,,,,,,0.062,0.043,0.07,0.062,0.062,-0.047,0,0,0,0,0,0,0,0,0,0.001,0.03,0.002,0,0,0,0,,,,,,,,,0,0,0,0,,,,,,,,,,,,,,,,,,,,,,,,,,,,,,,,,,,,,,,,,,,,,,,,,,,,,,,,,,,,,,,,,,,,,,,,,,,,,,,,,,,,,,0
550,,,,,,,,,,,,,,,,,,,,,,,,,,,,,,,,,,,,,,,,,,,,,,,,,,,,,,,,,,,,,,,,,,,,,,,,,,,,,,,,,,,,,,,,,,,,,,,,,,,,,,,,,,,,,,,,,,,,,,,,,,,,,,,,,,,,,,,,,,,,,,,,,,,,,,,,,,,,,,,,,,,,,,,,,,,,,,,,,,,,,,,,,,,,,,,,,,,,,,,,,,,,,,,,,,,,,,,,,,,,,,,,,,,,,,,,,,,,,,,,,,,,,,,,,,,,,,,,,,,,,,,,,,,,,,,,,,,,,,,,,,,,,,,,,,,,,,,,,,,,,,,,,,,,,,,,,,,,,,,,,,,,,,,,,,,,,,,,,,,,,,,,,,,,,,,,,,,,,,,,,,,,,,,,,,,,,,,,,,,,,,,,,,,,,,,,,,,,,,-0.037,0.134,0.104,0.007,0,-0.002,0.029,-0.046,0.117,0.111,0.189,-0.006,0.058,0.001,-0.001,0.016,0.004,0.128,0.023,0.004,-0.01,0.011,-0.037,0,0.042,0.078,,,,,,,,,,,,,,,,,,,,,,,-0.011,0.171,0.063,-0.006,-0.108,-0.002,-0.057,0.028,0.363,0.146,0.015,-0.153,-0.165,-0.053,-0.002,0.372,0.343,0.114,0.145,-0.043,,,,,,,,,,,,,,,,,,,,,,,,,,,,,,,,,,,,,,,,,,,,,,,,,,,,,,,,,,,,,,,,,,,,,,,,,,,,,,,,,,,,,,,,,,,,,,,,,,,,,,,,,,,,,,,,,,,,,,,,,,,,,,,,,,,,,,,,,,,,,,,,,,,,,,,,,,,,,,,,,,,,,,,,,,,,,,,,,,,,,,,,,,,,,,,,,,,,,,,,,,,,,,,,,,,,,,,,,,,,,,,,,,,,,,,0.023,-0.102,0.223,0.123,-0.03,-0.285,0.018,0.019,-0.035,-0.006,0.15,-0.034,0.013,-0.038,,,,,,,,,,,,,,,0.315,0.077,-0.151,-0.207,-0.047,-0.029,0.013,0.083,-0.116,-0.081,-0.006,0.096,0.125,0.181,-0.017,0.218,-0.207,0.083,-0.39,0.042,0.193,0.054,-0.151,0.013,0.096,0.218,-0.006,-0.017,0.063,0.063,0.077,-0.029,-0.043,-0.048,0.015,-0.028,0.315,-0.047,-0.081,0.181,-0.116,0.125,0.017,-0.48,0.017,-0.48,-0.028,-0.017,-0.02,0,0,0,0,-0.008,-0.008,0,-0.003,-0.083,0.059,-0.007,0,-0.081,-0.083,0.017,-0.007,-0.12,-0.081,-0.001,-0.092,0.036,-0.048,-0.006,-0.065,0,0,-0.026,-0.095,0,0,-0.006,-0.034,-0.002,-0.056,-0.003,-0.056,0,0,-0.013,-0.112,-0.014,-0.112,0.017,-0.115,0,0,-0.068,0.007,0,0,0,0,0,0,0.163,0.171,-0.015,-0.1,0.016,0.019,0.031,0.013,0.015,0.013,-0.015,0.013,-0.01,0.013,0.013,0.007,0.013,0.038,,,,,,0.108,0.103,-0.13,0.108,0.108,-0.047,0,0,0,0,0,0,0,0,,,,,,,,,-0.092,-0.051,-0.092,-0.051,0,0,0,0,0,0,0,0,,,,,,,,,,,,,,,,,,,,,,,,,,,,,,,,,,,,,,,,,,,,,,,,,,,,,,,,,,,,,,,,,,,,,,,,,,,,,,,,,,,,,,0
553,,,,,,,,,,,,,,,,,,,,,,,,,,,,,,,,,,,,,,,,,,,,,,,,,,,,,,,,,,,,,,,,,,,,,,,,,,,,,,,,,,0.016,0.054,0.074,0.192,-0.109,-0.154,0.002,-0.01,0.04,0.171,0.424,0.424,0.086,-0.118,0.033,-0.079,0.066,-0.358,-0.004,0,0.043,0.028,0.064,,,,,,,,,,0.064,0.026,,,,,,-0.044,-0.19,-0.003,-0.197,0,0,,,,,,,,,,,,,,,0.026,0.052,0.031,0.057,0.011,0.005,-0.147,0.369,-0.275,0.001,-0.194,-0.143,0.004,0.001,,,,,,,,,,,,,,,,,,,,,,,,,,,,,,,,,,,,,,,,,,,,,,,,,,,,,,,,,,,,,,,,,,,,,,,,,,,,,,,,,,,,,,,,,,,,,,,,,,,,,,,,,,,,,,,,,,,,,,,,,,,,,,,,,,,,,,,,,,,,,,,,,,,,,,,,,,,,,,,,,,,,,,,,,,,,,,,,,,,,,,,,,,,,,,,,,,,,,,,,,,,,,,,,,,,,,,,,,,,,,,,,,,,,,,,,,,,,,,,,,,,,,,,,,,,,,,,,,,,,,,,,,,,,,,,,,,,,,,,,,,,,,,,,,,,,,,,,,,,,,,,,,,,,,,,,,,,,,,,,,,,,,,,,,,,,,,,,,,,,,,,,,,,,,,,,,,,,,,,,,,,,,,,,,,,,,,,,,,,,,,,,,,,,,,,,,,,,,,,,,,,,,,,,,,,,,,,,,,,,,,,,,,,,,,,,,,,,,,,,,,,,,,,,,,,,,,,,,,,,,,,,,,,,,,,,,,,,,,,,,,,,,,,,,,,,,,,,,,,,,,,,,,,,,,,,,,,,,,,,,,,,,,,,,,,,,,,,,,,,,,,,,,,,,,,,,,,,,,,,,,,,,,,,,,0.182,-0.03,-0.238,0.042,-0.073,-0.056,-0.025,-0.02,-0.064,-0.081,0.082,0.047,0.125,-0.156,-0.083,0.218,0.042,-0.02,0.02,-0.034,-0.115,-0.011,-0.238,-0.025,0.047,0.218,0.082,-0.083,0.082,0.082,-0.03,-0.056,-0.043,-0.074,-0.022,-0.055,0.182,-0.073,-0.081,-0.156,-0.064,0.125,0.017,-0.48,0.017,-0.48,-0.014,-0.013,-0.055,0,0,0,0,-0.012,-0.012,0,0,-0.029,0.243,0.002,0,0.039,-0.029,-0.011,0.002,-0.106,0.039,0,-0.038,0.05,0.225,0.002,0.055,0,0,-0.015,-0.077,0,0,-0.005,-0.034,0.009,-0.044,0.009,-0.044,0,0,-0.012,-0.134,-0.013,-0.134,-0.011,-0.101,0,0,0.119,0.006,0,0,0,0,0,0,-0.008,-0.008,0.028,0.087,0.016,0.036,0.001,0.013,-0.005,0.013,-0.025,0.014,0.029,-0.006,0.013,-0.007,0.013,-0.049,,,,,,-0.119,-0.101,0.09,-0.119,-0.119,-0.014,0,0,0,0,0,0,0,0,0,0.016,0.03,0.04,0,0,0,0,,,,,,,,,0,0,0,0,,,,,,,,,,,,,,,,,,,,,,,,,,,,,,,,,,,,,,,,,,,,,,,,,,,,,,,,,,,,,,,,,,,,,,,,,,,,,,,,,,,,,,0
555,-0.042,0.004,-0.015,-0.052,0.161,0.025,0.008,-0.032,-0.148,-0.142,-0.064,-0.064,-0.02,0.038,,,,,,,,,,0.009,-0.218,-0.051,0.323,0.002,0,0.019,-0.287,-0.013,,,0.045,-0.131,0.164,-0.284,0.053,,,,-0.157,0,0.001,,,,,,,,,,,,,,,,,,,,,,,,,0.354,-0.117,0.048,0.135,0.388,0.325,0.184,0.179,0.343,0.098,0.251,0.058,,,,,,,,,,,,,,,,,,,,,,,,,,,,,,,,,,,,,,,,,,,,,,,,,,,,,,,,,,,,,,,,,,,,,,,,,,,,,,,,,,,,,,,,,,,,,,,,,,,,,,,,,,,,,,,,,,,,,,,,,,,,,,,,,,,,,,,,,,,,,,,,,,,,,,,,,,,,,,,,,,,,,,,,,,,,,,,,,,,,,,,,,,,,,,,,,,,,,,,,,,,,,,,,,,,,,,,,,,,,,,,,,,,,,,,,,,,,,,,,,,,,,,,,,,,,,,,,,,,,,,,,,,,,,,,,,,,,,,,,,,,,,,,,,,,,,,,,,,,,,,,,,,,,,,,,,,,,,,,,,,,,,,,,,,,,,,,,,,,,,,,,,,,,,,,,,,,,,,,,,,,,,,,,,,,,,,,,,,,,,,,,,,,,,,,,,,,,,,,,,,,,,,,,,,,,,,,,,,,,,,,,,,,,,,,,,,,,,,,,,,,,,,,,,,,,,,,,,,,,,,,,,,,,,,,,,,,,,,,,,,,,,,,,,,,,,,,,,,,,,,,,,,,,,,,,,,,,,,,,,,,,,,,,,,,,,,,,,,,,,,,,,,,,,,,,,,,,,,,,,,,,,,,,,,,,,,,,,,,,,,,,,,,,,,,,,,,,,,,,,,,,,,,,,,,,,,,,,,,,,,,,,,,,,,,,,,,,,,,,,,,0.188,-0.026,-0.104,0.056,-0.052,-0.044,0.006,0.044,-0.089,-0.131,-0.094,-0.123,-0.002,0.249,0.15,-0.115,0.056,0.044,-0.231,0.004,0.22,0.047,-0.104,0.006,-0.123,-0.115,-0.094,0.15,0.037,0.037,-0.026,-0.044,0.11,-0.053,-0.02,-0.044,0.188,-0.052,-0.131,0.249,-0.089,-0.002,-0.097,0.52,-0.097,0.52,0.043,0.023,0.051,0,0,0,0,0.005,0.005,-0.001,0.001,0.079,-0.336,-0.003,-0.001,-0.061,0.079,-0.007,-0.003,-0.074,-0.061,,,,,,,,,,,,,,,,,,,,,,,,,,,,,,,,,0,0,0,0,0.091,-0.105,0.087,0.012,0.012,-0.012,0.002,0.013,0.001,0.013,0.031,0.012,0.01,0.01,0.013,0.001,0.013,-0.03,,,,,,0.108,0.109,0.104,0.108,0.108,-0.022,0,0,0,0,0,0,0,0,0,0.044,0.03,0.112,0,0,0,0,,,,,,,,,0,0,0,0,,,,,,,,,,,,,,,,,,,,,,,,,,,,,,,,,,,,,,,,,,,,,,,,,,,,,,,,,,,,,,,,,,,,,,,,,,,,,,,,,,,,,,0
558,0.075,0.019,0.33,0.348,0.031,0.116,0.008,0.088,0.209,0.2,-0.168,-0.168,0.172,-0.217,-0.013,0.033,0.008,-0.25,0,0,0.01,-0.045,0.061,,,,,,,,,,,,0.14,-0.057,,,,-0.164,0.398,-0.016,0.343,0,0.001,-0.033,0.107,-0.02,-0.11,0.001,0.019,-0.061,0.012,-0.141,-0.052,0,-0.002,,,,,,,,,,,,,,,,,,,,,,,,,,,,,,,,,,,,,,,,,,,,,,,,,,,,,,,,,,,,,,,,,,,,,,,,,,,,,,,,,,,,,,,,,,,,,,,,,,,,,,,,,,,,,,,,,,,,,,,,,,,,,,,,,,,,,,,,,,,,,,,,,,,,,,,,,,,,,,,,,,,,,,,,,,,,,,,,,,,,,,,,,,,,,,,,,,,,,,,,,,,,,,,,,,,,,,,,,,,,,,,,,,,,,,,,,,,,,,,,,,,,,,,,,,,,,,,,,,,,,,,,,,,,,,,,,,,,,,,,,,,,,,,,,,,,,,,,,,,,,,,,,,,,,,,,,,,,,,,,,,,,,,,,,,,,,,,,,,,,,,,,,,,,,,,,,,,,,,,,,,,,,,,,,,,,,,,,,,,,,,,,,,,,,,,,,,,,,,,,,,,,,,,,,,,,,,,,,,,,,,,,,,,,,,,,,,,,,,,,,,,,,,,,,,,,,,,,,,,,,,,,,,,,,,,,,,,,,,,,,,,,,,,,,,,,,,,,,,,,,,,,,,,,,,,,,,,,,,,,,,,,,,,,,,,,,,,,,,,,,,,,,,,,,,,,,,,,,,,,,,,,,,,,,,,,,,,,,,,,,,,,,,,,,,,,,,,,,,,,,,,,,,,,,,,,,,,,,,,,,,,,,,,,,,,,,,,,,,,,,,,,,,,,,,,,,,,,,,,,,,,,,,,0.182,-0.03,-0.21,0.07,-0.042,-0.031,-0.038,-0.02,0.014,-0.031,0.225,0.146,0.219,-0.043,-0.083,-0.115,0.07,-0.02,0.037,-0.047,-0.099,-0.011,-0.21,-0.038,0.146,-0.115,0.225,-0.083,0.104,0.104,-0.03,-0.031,0.109,-0.043,-0.022,-0.031,0.182,-0.042,-0.031,-0.043,0.014,0.219,0.017,-0.48,0.017,-0.48,-0.028,-0.024,-0.078,0,0,0,0,-0.003,-0.003,0.001,0.001,0.16,0.007,-0.004,0.001,0.119,0.16,-0.001,-0.004,-0.111,0.119,0.001,0.151,-0.031,0.255,-0.003,0.135,0,0,-0.061,-0.062,0,0,-0.002,0.009,-0.009,-0.003,-0.009,-0.003,0,0,-0.004,-0.09,-0.005,-0.091,-0.002,-0.106,0,0,0.016,0.001,0,0,0,0,0,0,-0.173,0.195,-0.182,-0.041,0.014,0.033,0.017,0.013,-0.003,0.013,-0.002,0.016,0.075,-0.008,0.013,-0.003,0.013,-0.036,,,,,,0.017,0.021,0.145,0.017,0.017,0.108,0,0,0,0,0,0,0,0,,,,,,,,,0.108,0.061,0.108,0.061,0,0,0,0,0,0,0,0,,,,,,,,,,,,,,,,,,,,,,,,,,,,,,,,,,,,,,,,,,,,,,,,,,,,,,,,,,,,,,,,,,,,,,,,,,,,,,,,,,,,,,0
560,,,,,,,,,,,,,,,,,,,,,,,,,,,,,,,,,,,,,,,,,,,,,,,,,,,,,,,,,,,,,,,,,,,,,,,,,,,,,,,,,,0.157,0.148,-0.116,-0.308,-0.053,-0.077,-0.022,-0.166,0.154,0.181,-0.153,-0.153,0.184,-0.157,-0.067,0.125,-0.034,-0.104,0,0,-0.069,0.024,-0.029,,,,,,,,,,,,0.094,0.183,,,,-0.044,0.072,-0.088,-0.197,0,0,,,,,,,,,,,,,,,,,,,,,,,,,,,,,0.033,0.125,0.01,-0.044,-0.057,-0.103,0.038,-0.007,0.274,-0.034,0.282,0.065,-0.121,-0.022,,,,,,,,,,,,,,,,,,,,,,,,,,,,,,,,,,,,,,,,,,,,,,,,,,,,,,,,,,,,,,,,,,,,,,,,,,,,,,,,,,,,,,,,,,,,,,,,,,,,,,,,,,,,,,,,,,,,,,,,,,,,,,,,,,,,,,,,,,,,,,,,,,,,,,,,,,,,,,,,,,,,,,,,,,,,,,,,,,,,,,,,,,,,,,,,,,,,,,,,,,,,,,,,,,,,,,,,,,,,,,,,,,,,,,,,,,,,,,,,,,,,,,,,,,,,,,,,,,,,,,,,,,,,,,,,,,,,,,,,,,,,,,,,,,,,,,,,,,,,,,,,,,,,,,,,,,,,,,,,,,,,,,,,,,,,,,,,,,,,,,,,,,,,,,,,,,,,,,,,,,,,,,,,,,,,,,,,,,,,,,,,,,,,,,,,,,,,,,,,,,,,,,,,,,,,,,,,,,,,,,,,,,,,,,,,,,,,,,,,,,,,,,,,,,,,,,,,,,,,,,,,,,,,,,,,,,,,,,,,,,,,,,,,,,,,,,,,,,,,,,,,,,,,,,,,,,,,,,,,,,,,,,,,,,,,,,,,,,,,,,,,,,,,,,,,,,,,0.296,-0.047,0.22,0.26,-0.106,-0.074,0.151,0.22,0.036,0.041,-0.172,-0.198,-0.026,0.137,0.25,-0.115,0.26,0.22,-0.108,0.176,0.409,0.196,0.22,0.151,-0.198,-0.115,-0.172,0.25,-0.702,-0.702,-0.047,-0.074,-0.541,-0.102,-0.027,-0.074,0.296,-0.106,0.041,0.137,0.036,-0.026,-0.24,0.52,-0.24,0.52,0.02,0.023,0.106,0,0,0,0,0.001,0.001,0,-0.001,-0.083,-0.02,-0.001,0,0.039,-0.083,0.001,-0.001,-0.12,0.039,,,,,,,,,,,,,,,,,,,,,,,,,,,,,,,,,0,0,0,0,-0.361,-0.189,0.096,0.113,0.011,0.005,0.017,0.013,0.009,0.013,0.038,0.015,0.029,-0.007,0.013,-0.003,0.013,0.012,0,0,-0.049,0,,-0.029,-0.005,0.202,-0.029,-0.029,-0.014,0,0,0,0,0,0,0,0,,,,,,,,,0.008,-0.148,0.008,-0.148,0,0,0,0,0,0,0,0,,,,,,,,,,,,,,,,,,,,,,,,,,,,,,,,,,,,,,,,,,,,,,,,,,,,,,,,,,,,,,,,,,,,,,,,,,,,,,,,,,,,,,0
561,-0.095,-0.183,0.294,0.33,-0.056,0.025,0.037,0.288,-0.102,-0.142,0.069,0.069,-0.058,-0.072,-0.013,-0.058,0.008,-0.272,-0.002,0,0.01,-0.151,0.063,,,,,,,,,,0.065,-0.005,,,0.164,0.312,0.185,,,,0.343,0,0.001,,,,,,,,,,,,,-0.007,0.066,-0.005,0,0.038,0.035,-0.008,0.024,-0.077,-0.004,0,0,,,,,,,,,,,,,,,,,,,,,,,,,,,,,,,,,,,,,,,,,,,,,,,,,,,,,,,,,,,,,,,,,,,,,,,,,,,,,,,,,,,,,,,,,,,,,,,,,,,,,,,,,,,,,,,,,,,,,,,,,,,,,,,,,,,,,,,,,,,,,,,,,,,,,,,,,,,,,,,,,,,,,,,,,,,,,,,,,,,,,,,,,,,,,,,,,,,,,,,,,,,,,,,,,,,,,,,,,,,,,,,,,,,,,,,,,,,,,,,,,,,,,,,,,,,,,,,,,,,,,,,,,,,,,,,,,,,,,,,,,,,,,,,,,,,,,,,,,,,,,,,,,,,,,,,,,,,,,,,,,,,,,,,,,,,,,,,,,,,,,,,,,,,,,,,,,,,,,,,,,,,,,,,,,,,,,,,,,,,,,,,,,,,,,,,,,,,,,,,,,,,,,,,,,,,,,,,,,,,,,,,,,,,,,,,,,,,,,,,,,,,,,,,,,,,,,,,,,,,,,,,,,,,,,,,,,,,,,,,,,,,,,,,,,,,,,,,,,,,,,,,,,,,,,,,,,,,,,,,,,,,,,,,,,,,,,,,,,,,,,,,,,,,,,,,,,,,,,,,,,,,,,,,,,,,,,,,,,,,,,,,,,,,,,,,,,,,,,,,,,,,,,,,,,,,,,,,,,,,,,,,,,,,,,,,,,,,,,,,,,,,,,,,,,,,,,,,-0.084,0.077,0.121,0.177,0.168,0.168,-0.094,-0.046,-0.064,-0.056,0.245,0.203,0.113,-0.043,-0.083,0.218,0.177,-0.046,-0.158,-0.085,0.351,-0.057,0.121,-0.094,0.203,0.218,0.245,-0.083,0.104,0.104,0.077,0.168,0.033,0.17,0.015,0.168,-0.084,0.168,-0.056,-0.043,-0.064,0.113,0.017,-0.48,0.017,-0.48,-0.023,-0.024,-0.082,0,0,0,0,-0.004,-0.004,0.006,0.001,0.079,0.112,-0.004,0.006,-0.161,0.079,0.028,-0.004,-0.001,-0.161,0.006,0.07,-0.058,-0.108,-0.004,-0.145,0,0,0.016,0.019,0,0,0.008,-0.03,-0.009,-0.044,-0.01,-0.044,0,0,-0.004,0.059,-0.005,0.059,0.028,0.004,0,0,0.198,0.001,0,0,0,0,0,0,0.04,0.099,-0.147,0.002,0.01,-0.021,0.011,0.013,0.007,0.013,0.011,0.009,-0.03,0.069,0.013,0.033,0.013,0.012,,,,,,0.108,0.088,-0.012,0.108,0.108,0.23,0,0,0,0,0,0,0,0,,,,,,,,,0.208,-0.21,0.208,-0.21,0,0,0,0,0,0,0,0,,,,,,,,,,,,,,,,,,,,,,,,,,,,,,,,,,,,,,,,,,,,,,,,,,,,,,,,,,,,,,,,,,,,,,,,,,,,,,,,,,,,,,0
562,,,,,,,,,,,,,,,,,,,,,,,,,,,,,,,,,,,,,,,,,,,,,,,,,,,,,,,,,,,,,,,,,,,,,,,,,,,,,,,,,,,,,,,,,,,,,,,,,,,,,,,,,,,,,,,,,,,,,,,,,,,,,,,,,,,,,,,,,,,,,,,,,,,,,,,,,,,,,,,,,,,,,,,,,,,,,,,,,,,,,,,,,,,,,,,,,,,,,,,,,,,,,,,,,,,,,,,,,,,,,,,,,,,,,,,,,,,,,,,,,,,,,,,,,,,,,,,,,,,,,,,,,,,,,,,,,,,,,,,,,,,,,,,,,,,,,,,,,,,,,,,,,,,,,,,,,,,,,,,,,,,,,,,,,,,,,,,,,,,,,,,,,,,,,,,,,,,,,,,,,,,,,,,,,,,,,,,,,,,,,,,,,,,,,,,,,,,,,,0.015,-0.023,0.104,-0.008,0,-0.002,0.028,0.057,-0.283,-0.258,-0.401,0.007,0.156,-0.002,0,-0.009,-0.003,0.131,-0.002,-0.008,-0.049,-0.007,0.018,0,-0.027,-0.03,,,,,,,,,,,,,,,,,,,,,,,0.006,-0.012,-0.022,0.03,0.078,0.002,0.042,0.138,0.132,-0.094,-0.019,0.188,0.2,-0.243,0.015,0.382,0.252,-0.006,-0.094,0.067,,,,,,,,,,,,,,,,,,,,,,,,,,,,,,,,,,,,,,,,,,,,,,,,,,,,,,,,,,,,,,,,,,,,,,,,,,,,,,,,,,,,,,,,,,,,,,,,,,,,,,,,,,,,,,,,,,,,,,,,,,,,,,,,,,,,,,,,,,,,,,,,,,,,,,,,,,,,,,,,,,,,,,,,,,,,,,,,,,,,,,,,,,,,,,,,,,,,,,,,,,,,,,,,,,,,,,,,,,,,,,,,,,,,,,,,,,,,,,,,,,,,,,,,,,,,,,,,,,,-0.084,0.077,0.165,-0.228,-0.049,-0.039,-0.151,-0.066,0.169,0.171,0.214,0.289,0.009,-0.032,0.017,-0.115,-0.228,-0.066,-0.402,-0.104,0.377,-0.115,0.165,-0.151,0.289,-0.115,0.214,0.017,0.082,0.082,0.077,-0.039,-0.157,-0.05,0.015,-0.039,-0.084,-0.049,0.171,-0.032,0.169,0.009,0.017,0.52,0.017,0.52,0.062,0.034,0.075,0,0,0,0,0.003,0.003,0.001,0.001,-0.083,-0.257,0.004,0.001,0.039,-0.083,-0.001,0.004,-0.07,0.039,,,,,,,,,,,,,,,,,,,,,,,,,,,,,,,,,0,0,0,0,-0.055,-0.162,0.073,0.072,0.016,0.042,-0.043,0.013,-0.021,0.013,-0.015,0.016,0.103,-0.074,0.013,-0.031,0.013,-0.043,,,,,,0.199,0.165,-0.144,0.199,0.199,0.051,0,0,0,0,0,0,0,0,,,,,,,,,-0.092,0.102,-0.092,0.102,0,0,0,0,0,0,0,0,,,,,,,,,,,,,,,,,,,,,,,,,,,,,,,,,,,,,,,,,,,,,,,,,,,,,,,,,,,,,,,,,,,,,,,,,,,,,,,,,,,,,,0
564,-0.036,-0.004,-0.033,-0.016,0.074,0.161,0.008,0.008,0.005,0.093,-0.276,-0.275,0.152,-0.154,,,,,,,,,,0.109,-0.164,0.049,0.453,-0.003,0,0.119,-0.21,-0.054,,,-0.298,-0.165,,,,0.336,-0.498,-0.022,-0.157,0,0.001,,,,,,,,,,,,,0.009,-0.335,-0.004,0.024,0.057,0.049,0.172,0.006,-0.029,0.022,0,0.001,,,,,,,,,,,,,,,,,,,,,,,,,,,,,,,,,,,,,,,,,,,,,,,,,,,,,,,,,,,,,,,,,,,,,,,,,,,,,,,,,,,,,,,,,,,,,,,,,,,,,,,,,,,,,,,,,,,,,,,,,,,,,,,,,,,,,,,,,,,,,,,,,,,,,,,,,,,,,,,,,,,,,,,,,,,,,,,,,,,,,,,,,,,,,,,,,,,,,,,,,,,,,,,,,,,,,,,,,,,,,,,,,,,,,,,,,,,,,,,,,,,,,,,,,,,,,,,,,,,,,,,,,,,,,,,,,,,,,,,,,,,,,,,,,,,,,,,,,,,,,,,,,,,,,,,,,,,,,,,,,,,,,,,,,,,,,,,,,,,,,,,,,,,,,,,,,,,,,,,,,,,,,,,,,,,,,,,,,,,,,,,,,,,,,,,,,,,,,,,,,,,,,,,,,,,,,,,,,,,,,,,,,,,,,,,,,,,,,,,,,,,,,,,,,,,,,,,,,,,,,,,,,,,,,,,,,,,,,,,,,,,,,,,,,,,,,,,,,,,,,,,,,,,,,,,,,,,,,,,,,,,,,,,,,,,,,,,,,,,,,,,,,,,,,,,,,,,,,,,,,,,,,,,,,,,,,,,,,,,,,,,,,,,,,,,,,,,,,,,,,,,,,,,,,,,,,,,,,,,,,,,,,,,,,,,,,,,,,,,,,,,,,,,,,,,,,,,-0.014,-0.082,0.184,0.23,0.267,0.182,-0.012,0.044,0.053,0.058,-0.245,-0.23,-0.287,-0.099,0.017,0.218,0.23,0.044,-0.126,0.004,0.388,0.028,0.184,-0.012,-0.23,0.218,-0.245,0.017,0.063,0.063,-0.082,0.182,0.053,0.271,-0.039,0.182,-0.014,0.267,0.058,-0.099,0.053,-0.287,-0.04,-0.48,-0.04,-0.48,-0.019,-0.017,-0.055,0,0,0,0,0.015,0.015,0.003,-0.001,0.079,-0.02,-0.002,0.003,-0.061,0.079,0.007,-0.002,-0.111,-0.061,0.002,0.07,-0.125,-0.078,-0.001,-0.045,0,0,-0.068,-0.088,0,0,0.001,0.001,0.004,-0.025,0.005,-0.025,0,0,0.003,-0.099,0.002,-0.099,0.007,-0.106,0,0,-0.21,-0.001,0,0,0,0,0,0,0.115,-0.076,0.102,0.05,0.017,0.053,-0.073,0.013,-0.031,0.013,-0.039,0.014,0.075,0.003,0.013,0.001,0.013,-0.036,,,,,,-0.029,-0.027,0.045,-0.029,-0.029,0.14,0,0,0,0,0,0,0,0,0,-0.048,0.141,-0.122,0,0,0,0,,,,,,,,,0,0,0,0,,,,,,,,,,,,,,,,,,,,,,,,,,,,,,,,,,,,,,,,,,,,,,,,,,,,,,,,,,,,,,,,,,,,,,,,,,,,,,,,,,,,,,0
565,,,,,,,,,,,,,,,,,,,,,,,,,,,,,,,,,,,,,,,,,,,,,,,,,,,,,,,,,,,,,,,,,,,,,,,,,,,,,,,,,,,,,,,,,,,,,,,,,,,,,,,,,,,,,,,,,,,,,,,,,,,,,,,,,,,,,,,,,,,,,,,,,,,,,,,,,,,,,,,,,,,,,,,,,,,,,,,,,,,,,,,,,,,,,,,,,,,,,,,,,,,,,,,,,,,,,,,,,,,,,,,,,,,,,,,,,,,,,,,,,,,,,,,,,,,,,,,,,,,,,,,,,,,,,,,,,,,,,,,,,,,,,,,,,,,,,,,,,,,,,,,,,,,,,,,,,,,,,,,,,,,,,-0.013,-0.138,-0.032,0.043,-0.078,-0.002,-0.001,-0.055,0.083,-0.103,-0.103,-0.115,0.073,0.03,,,,,,,,,,,,,,,,-0.022,0.277,0.005,-0.007,-0.049,-0.343,-0.369,0.034,-0.258,0.004,-0.003,-0.132,-0.007,0.015,-0.019,,,,,,,,,,-0.253,-0.024,-0.016,0.047,-0.196,0.055,-0.02,0.008,-0.032,0.057,-0.03,0.083,0.073,-0.055,0,-0.155,-0.145,0.177,0.055,-0.028,,,,,,,,,,,,,,,,,,,,,,,,,,,,,,,,,,,,,,,,,,,,,,,,,,,,,,,,,,,,,,,,,,,,,,,,,,,,,,,,,,,,,,,,,,,,,,,,,,,,,,,,,,,,,,,,,,,,,,,,,,,,,,,,,,,,,,,,,,,,,,,,,,,,,,,,,,,,,,,,,,,,,,,,,,,,,,,,,,,,,,,,,,,,,,,,,,,,,,,,,,,,,,,,,,,,,,,,,,,,,,,,,,,,,,,,,,,,,,,,,,,,,,,,,,,,,,,,,,,,,,,,,,,,,,,,,,,,,,,,,,,,,0.169,-0.016,0.015,0.108,-0.031,0.057,0.046,-0.045,-0.035,-0.007,0.017,0.017,-0.012,-0.034,,,,,,,,,,,,,,,,,,,,,,,,,,,,,-0.216,0.294,-0.151,0.23,0.099,0.085,0.019,-0.033,-0.09,-0.056,-0.145,-0.019,0.101,0.125,0.05,0.218,0.23,-0.033,0.071,0.011,-0.003,-0.024,-0.151,0.019,-0.019,0.218,-0.145,0.05,0.063,0.063,0.294,0.085,-0.005,0.1,0.09,0.085,-0.216,0.099,-0.056,0.125,-0.09,0.101,0.017,-0.48,0.017,-0.48,-0.023,-0.017,-0.047,0,0,0,0,-0.005,-0.005,-0.003,0.004,0.133,-0.204,-0.004,-0.003,0.179,0.133,-0.001,-0.004,0.183,0.179,-0.003,0.124,0.125,0.164,-0.003,0.195,0,0,0.036,0.19,0,0,-0.002,0.127,-0.009,0.118,-0.009,0.118,0,0,-0.004,0.234,-0.005,0.234,-0.002,0.188,0,0,0.016,0.019,0,0,0,0,0,0,0.181,0.152,-0.15,-0.156,0.008,-0.029,0.03,0.013,0.013,0.013,0.018,0.015,-0.03,0.013,0.013,-0.001,0.013,0.018,,,,,,-0.029,-0.038,-0.023,-0.029,-0.029,0.059,0,0,0,0,0,0,0,0,0,0.058,-0.193,0.147,0,0,0,0,,,,,,,,,0,0,0,0,,,,,,,,,,,,,,,,,,,,,,,,,,,,,,,,,,,,,,,,,,,,,,,,,,,,,,,,,,,,,,,,,,,,,,,,,,,,,,,,,,,,,,0
567,-0.14,-0.183,0.312,0.312,0.031,0.025,0.052,0.288,-0.189,-0.292,0.353,0.353,0.09,-0.135,-0.113,0.565,-0.092,0.118,0.002,0,0.01,-0.184,0.043,,,,,,,,,,,,0.039,0.064,0.164,-0.266,0.086,,,,-0.157,0,0.001,,,,,,,,,,,,,-0.003,-0.02,0.031,0.009,-0.02,-0.017,0.041,-0.023,0.061,0.007,0,0.004,,,,,,,,,,,,,,,,,,,,,,,,,,,,,,,,,,,,,,,,,,,,,,,,,,,,,,,,,,,,,,,,,,,,,,,,,,,,,,,,,,,,,,,,,,,,,,,,,,,,,,,,,,,,,,,,,,,,,,,,,,,,,,,,,,,,,,,,,,,,,,,,,,,,,,,,,,,,,,,,,,,,,,,,,,,,,,,,,,,,,,,,,,,,,,,,,,,,,,,,,,,,,,,,,,,,,,,,,,,,,,,,,,,,,,,,,,,,,,,,,,,,,,,,,,,,,,,,,,,,,,,,,,,,,,,,,,,,,,,,,,,,,,,,,,,,,,,,,,,,,,,,,,,,,,,,,,,,,,,,,,,,,,,,,,,,,,,,,,,,,,,,,,,,,,,,,,,,,,,,,,,,,,,,,,,,,,,,,,,,,,,,,,,,,,,,,,,,,,,,,,,,,,,,,,,,,,,,,,,,,,,,,,,,,,,,,,,,,,,,,,,,,,,,,,,,,,,,,,,,,,,,,,,,,,,,,,,,,,,,,,,,,,,,,,,,,,,,,,,,,,,,,,,,,,,,,,,,,,,,,,,,,,,,,,,,,,,,,,,,,,,,,,,,,,,,,,,,,,,,,,,,,,,,,,,,,,,,,,,,,,,,,,,,,,,,,,,,,,,,,,,,,,,,,,,,,,,,,,,,,,,,,,,,,,,,,,,,,,,,,,,,,,,,,,,,,,,0.119,-0.082,-0.147,-0.085,-0.047,-0.058,-0.044,-0.053,0.027,0.008,0.057,0.042,-0.049,0.08,-0.05,-0.115,-0.085,-0.053,0.073,-0.053,-0.191,-0.044,-0.147,-0.044,0.042,-0.115,0.057,-0.05,0.057,0.057,-0.082,-0.058,0.09,-0.048,-0.039,-0.058,0.119,-0.047,0.008,0.08,0.027,-0.049,-0.04,0.52,-0.04,0.52,-0.009,-0.001,0.012,0,0,0,0,0.005,0.005,0,0.003,-0.056,-0.099,-0.006,0,0.019,-0.056,-0.011,-0.006,-0.125,0.019,0,-0.065,0.114,-0.018,-0.006,0.035,0,0,0.014,-0.046,0,0,0.005,-0.07,0.009,-0.041,0.009,-0.041,0,0,0.013,-0.108,0.012,-0.108,-0.011,-0.12,0,0,-0.125,0.014,0,0,0,0,0,0,-0.036,-0.044,-0.069,-0.021,0.013,0.025,-0.004,0.013,-0.003,0.013,-0.002,0.013,0.049,0.055,0.013,0.021,0.013,-0.014,,,,,,0.017,0.013,-0.026,0.017,0.017,0.108,0,0,0,0,0,0,0,0,,,,,,,,,0.008,-0.046,0.008,-0.046,0,0,0,0,0,0,0,0,,,,,,,,,,,,,,,,,,,,,,,,,,,,,,,,,,,,,,,,,,,,,,,,,,,,,,,,,,,,,,,,,,,,,,,,,,,,,,,,,,,,,,0
570,-0.042,-0.011,-0.215,-0.216,-0.143,-0.294,-0.007,-0.072,-0.128,-0.072,0.113,0.113,-0.097,0.06,-0.013,-0.114,0.008,-0.222,0,0,-0.09,0.606,0.007,,,,,,,,,,,,0.035,-0.196,,,,-0.164,0.145,0.017,-0.157,0,0.001,,,,,,,,,,,,,-0.016,-0.081,-0.016,-0.003,0.018,0.021,0.038,0.066,0.126,0.003,0,0.001,,,,,,,,,,,,,,,,,,,,,,,,,,,,,,,,,,,,,,,,,,,,,,,,,,,,,,,,,,,,,,,,,,,,,,,,,,,,,,,,,,,,,,,,,,,,,,,,,,,,,,,,,,,,,,,,,,,,,,,,,,,,,,,,,,,,,,,,,,,,,,,,,,,,,,,,,,,,,,,,,,,,,,,,,,,,,,,,,,,,,,,,,,,,,,,,,,,,,,,,,,,,,,,,,,,,,,,,,,,,,,,,,,,,,,,,,,,,,,,,,,,,,,,,,,,,,,,,,,,,,,,,,,,,,,,,,,,,,,,,,,,,,,,,,,,,,,,,,,,,,,,,,,,,,,,,,,,,,,,,,,,,,,,,,,,,,,,,,,,,,,,,,,,,,,,,,,,,,,,,,,,,,,,,,,,,,,,,,,,,,,,,,,,,,,,,,,,,,,,,,,,,,,,,,,,,,,,,,,,,,,,,,,,,,,,,,,,,,,,,,,,,,,,,,,,,,,,,,,,,,,,,,,,,,,,,,,,,,,,,,,,,,,,,,,,,,,,,,,,,,,,,,,,,,,,,,,,,,,,,,,,,,,,,,,,,,,,,,,,,,,,,,,,,,,,,,,,,,,,,,,,,,,,,,,,,,,,,,,,,,,,,,,,,,,,,,,,,,,,,,,,,,,,,,,,,,,,,,,,,,,,,,,,,,,,,,,,,,,,,,,,,,,,,,,,,,,,0.101,0.011,0.232,0.056,-0.047,-0.036,-0.006,-0.04,0.205,0.181,0.086,0.031,-0.026,0.08,-0.217,-0.115,0.056,-0.04,0.297,-0.015,-0.107,-0.031,0.232,-0.006,0.031,-0.115,0.086,-0.217,0.037,0.037,0.011,-0.036,0.085,-0.048,-0.007,-0.036,0.101,-0.047,0.181,0.08,0.205,-0.026,0.303,0.52,0.303,0.52,0.072,0.038,0.071,0,0,0,0,-0.003,-0.003,-0.002,-0.001,0.079,-0.099,0.001,-0.002,0.159,0.079,-0.006,0.001,0.068,0.159,,,,,,,,,,,,,,,,,,,,,,,,,,,,,,,,,0,0,0,0,0.057,-0.085,-0.203,-0.133,0.009,-0.055,-0.005,0.013,-0.003,0.013,0.058,0.006,-0.12,0.038,0.013,0.007,0.013,0.237,,,,,,0.244,0.225,0.008,0.244,0.244,-0.014,0,0,0,0,0,0,0,0,0,-0.009,-0.082,-0.024,0,0,0,0,,,,,,,,,0,0,0,0,,,,,,,,,,,,,,,,,,,,,,,,,,,,,,,,,,,,,,,,,,,,,,,,,,,,,,,,,,,,,,,,,,,,,,,,,,,,,,,,,,,,,,0
571,,,,,,,,,,,,,,,,,,,,,,,,,,,,,,,,,,,,,,,,,,,,,,,,,,,,,,,,,,,,,,,,,,,,,,,,,,,,,,,,,,,,,,,,,,,,,,,,,,,,,,,,,,,,,,,,,,,,,,,,,,,,,,,,,,,,,,,,,,,,,,,,,,,,,,,,,,,,,,,,,,,,,,,,,,,,,,,,,,,,,,,,,,,,,,,,,,,,,,,,,,,,,,,,,,,,,,,,,,,,,,,,,,,,,,,,,,,,,,,,,,,,,,,,,,,,,,,,,,,,,,,,,,,,,,,,,,,,,,,,,,,,,,,,,,,,,,,,,,,,,,,,,,,,,,,,,,,,,,,,,,,,,,,,,,,,,,,,,,,,,,,,,,,,,,,,,,,,,,,,,,,,,,,,,,,,,,,,,,,,,,,,,,,,,,,,,,,,,,0.028,-0.114,-0.656,0.056,0,-0.002,0.028,-0.019,-0.033,-0.014,-0.068,-0.002,-0.04,0.001,0,0.001,-0.003,-0.046,0.023,0.002,0.033,0,0.049,0.002,0.039,0.048,,,,,,,,,,,,,,,-0.205,0.116,-0.013,-0.042,0.115,-0.002,0.14,-0.001,,,,,,,,,-0.426,0.006,0.126,-0.062,-0.043,-0.172,-0.124,-0.147,-0.119,0.25,0.004,-0.068,,,,,,,,,,,,,,,,,,,,,,,,,,,,,,,,,,,,,,,,,,,,,,,,,,,,,,,,,,,,,,,,,,,,,,,,,,,,,,,,,,,,,,,,,,,,,,,,,,,,,,,,,,,,,,,,,,,,,,,,,,,,,,,,,,,,,,,,,,,,,,,,,,,,,,,,,,,,,,,,,,,,,,,,,,,,,,,,,,,,,,,,,,,,,,,,,,,,,,,,,,,,,,,,,,,,,,,,,0.178,0.001,-0.263,0.115,-0.031,0.109,-0.091,-0.077,-0.035,0.042,-0.213,-0.04,-0.005,-0.034,,,,,,,,,,,,,,,,,,,,,,,,,,,,,-0.216,0.077,-0.151,-0.097,-0.024,-0.015,0.032,-0.046,-0.038,-0.031,-0.066,0,0.089,-0.043,-0.05,-0.115,-0.097,-0.046,0.071,0.023,-0.198,-0.037,-0.151,0.032,0,-0.115,-0.066,-0.05,0.063,0.063,0.077,-0.015,-0.005,-0.025,0.015,-0.015,-0.216,-0.024,-0.031,-0.043,-0.038,0.089,0.017,-0.48,0.017,-0.48,-0.023,-0.017,-0.047,0,0,0,0,0.004,0.004,0.001,-0.001,0.16,-0.046,0.004,0.001,-0.101,0.16,0,0.004,0.068,-0.101,0.001,0.151,0.097,-0.048,0.005,-0.085,0,0,0.094,0.071,0,0,0.009,-0.046,0.002,-0.038,0.002,-0.038,0,0,0.022,0.059,0.021,0.059,0,0.073,0,0,0.201,0.034,0,0,0,0,0,0,0.16,0.23,-0.026,-0.094,0.008,-0.052,0.033,0.013,0.015,0.013,0.044,0.013,0.001,-0.002,0.013,-0.001,0.013,-0.001,,,,,,-0.074,-0.064,-0.008,-0.074,-0.074,-0.104,0,0,0,0,0,0,0,0,0,-0.027,0.03,-0.069,0,0,0,0,,,,,,,,,0,0,0,0,,,,,,,,,,,,,,,,,,,,,,,,,,,,,,,,,,,,,,,,,,,,,,,,,,,,,,,,,,,,,,,,,,,,,,,,,,,,,,,,,,,,,,0
573,0.003,0.041,0.294,0.312,0.031,0.116,0.022,0.088,0.122,0.072,-0.081,-0.081,0.165,0.094,-0.013,0.359,0.008,-0.178,-0.002,0,0.01,0.361,0.055,,,,,,,,,,0.028,-0.011,,,,,,-0.164,0.476,-0.021,0.343,0,0.001,-0.064,-0.045,-0.002,0.124,0.001,0.008,0.011,-0.003,0.085,0.001,0,0,,,,,,,,,,,,,,,,,,,,,,,,,,,,,,,,,,,,,,,,,,,,,,,,,,,,,,,,,,,,,,,,,,,,,,,,,,,,,,,,,,,,,,,,,,,,,,,,,,,,,,,,,,,,,,,,,,,,,,,,,,,,,,,,,,,,,,,,,,,,,,,,,,,,,,,,,,,,,,,,,,,,,,,,,,,,,,,,,,,,,,,,,,,,,,,,,,,,,,,,,,,,,,,,,,,,,,,,,,,,,,,,,,,,,,,,,,,,,,,,,,,,,,,,,,,,,,,,,,,,,,,,,,,,,,,,,,,,,,,,,,,,,,,,,,,,,,,,,,,,,,,,,,,,,,,,,,,,,,,,,,,,,,,,,,,,,,,,,,,,,,,,,,,,,,,,,,,,,,,,,,,,,,,,,,,,,,,,,,,,,,,,,,,,,,,,,,,,,,,,,,,,,,,,,,,,,,,,,,,,,,,,,,,,,,,,,,,,,,,,,,,,,,,,,,,,,,,,,,,,,,,,,,,,,,,,,,,,,,,,,,,,,,,,,,,,,,,,,,,,,,,,,,,,,,,,,,,,,,,,,,,,,,,,,,,,,,,,,,,,,,,,,,,,,,,,,,,,,,,,,,,,,,,,,,,,,,,,,,,,,,,,,,,,,,,,,,,,,,,,,,,,,,,,,,,,,,,,,,,,,,,,,,,,,,,,,,,,,,,,,,,,,,,,,,,,,,,,,,,,,,,,,,,0.182,-0.139,0.072,0.012,-0.05,-0.045,0.032,0.019,-0.142,-0.132,0.054,0.058,0.16,0.238,-0.05,-0.115,0.012,0.019,0.203,0.023,-0.133,0.028,0.072,0.032,0.058,-0.115,0.054,-0.05,0.063,0.063,-0.139,-0.045,0.109,-0.051,-0.059,-0.045,0.182,-0.05,-0.132,0.238,-0.142,0.16,0.017,-0.48,0.017,-0.48,-0.019,-0.013,-0.035,0,0,0,0,0.004,0.004,0.001,0.001,-0.002,-0.178,0.004,0.001,0.139,-0.002,-0.001,0.004,-0.051,0.139,0.001,-0.011,0.042,0.134,0.004,0.155,0,0,0.007,0.066,0,0,0.008,0.108,0.002,0.08,0.002,0.08,0,0,-0.004,-0.029,-0.005,-0.029,-0.002,-0.046,0,0,0.016,0.016,0,0,0,0,0,0,0.18,0.134,0.083,-0.056,0.007,-0.046,0.152,0.013,0.069,0.013,0.058,0.015,0.035,0.109,0.013,0.049,0.013,-0.024,,,,,,-0.119,-0.096,0.24,-0.119,-0.119,0.026,0,0,0,0,0,0,0,0,0,-0.006,-0.082,-0.015,0,0,0,0,,,,,,,,,0,0,0,0,,,,,,,,,,,,,,,,,,,,,,,,,,,,,,,,,,,,,,,,,,,,,,,,,,,,,,,,,,,,,,,,,,,,,,,,,,,,,,,,,,,,,,0
575,-0.016,-0.026,-0.015,0.003,-0.013,0.116,0.008,0.008,0.03,-0.024,0.035,0.035,0.101,0.003,,,,,,,,,,0.009,-0.099,0.049,-0.337,-0.002,0,0.019,-0.171,0.001,0.026,0.012,,,,,,-0.164,0.303,-0.005,-0.157,0,0.001,,,,,,,,,,,,,0.007,0.066,-0.023,0.015,0.018,0.025,0.073,0.015,-0.204,0.009,0,0.002,,,,,,,,,,,,,,,,,,,,,,,,,,,,,,,,,,,,,,,,,,,,,,,,,,,,,,,,,,,,,,,,,,,,,,,,,,,,,,,,,,,,,,,,,,,,,,,,,,,,,,,,,,,,,,,,,,,,,,,,,,,,,,,,,,,,,,,,,,,,,,,,,,,,,,,,,,,,,,,,,,,,,,,,,,,,,,,,,,,,,,,,,,,,,,,,,,,,,,,,,,,,,,,,,,,,,,,,,,,,,,,,,,,,,,,,,,,,,,,,,,,,,,,,,,,,,,,,,,,,,,,,,,,,,,,,,,,,,,,,,,,,,,,,,,,,,,,,,,,,,,,,,,,,,,,,,,,,,,,,,,,,,,,,,,,,,,,,,,,,,,,,,,,,,,,,,,,,,,,,,,,,,,,,,,,,,,,,,,,,,,,,,,,,,,,,,,,,,,,,,,,,,,,,,,,,,,,,,,,,,,,,,,,,,,,,,,,,,,,,,,,,,,,,,,,,,,,,,,,,,,,,,,,,,,,,,,,,,,,,,,,,,,,,,,,,,,,,,,,,,,,,,,,,,,,,,,,,,,,,,,,,,,,,,,,,,,,,,,,,,,,,,,,,,,,,,,,,,,,,,,,,,,,,,,,,,,,,,,,,,,,,,,,,,,,,,,,,,,,,,,,,,,,,,,,,,,,,,,,,,,,,,,,,,,,,,,,,,,,,,,,,,,,,,,,,,,,-0.28,0.134,0.073,-0.193,-0.042,-0.015,0.145,0.051,0.002,0.008,0.097,0.061,-0.143,0.249,-0.117,-0.115,-0.193,0.051,0.203,0.138,-0.255,0.06,0.073,0.145,0.061,-0.115,0.097,-0.117,0.057,0.057,0.134,-0.015,-0.326,-0.04,0.035,-0.014,-0.28,-0.042,0.008,0.249,0.002,-0.143,-0.04,0.52,-0.04,0.52,0.024,0.027,0.075,0,0,0,0,0.004,0.004,-0.005,0.001,-0.002,-0.099,-0.006,-0.005,-0.061,-0.002,0.02,-0.006,-0.102,-0.061,-0.005,-0.011,-0.009,-0.169,-0.006,-0.045,0,0,-0.006,-0.067,0,0,-0.005,-0.062,-0.002,-0.066,-0.002,-0.066,0,0,0.014,-0.095,0.013,-0.095,0.019,-0.097,0,0,0.242,0.007,0,0,0,0,0,0,-0.037,-0.165,-0.041,-0.031,0.014,0.067,0.077,0.013,0.033,0.013,-0.052,0.016,0.094,-0.05,0.013,-0.023,0.013,-0.014,,,,,,-0.165,-0.144,0.024,-0.165,-0.165,-0.039,0,0,0,0,0,0,0,0,,,,,,,,,-0.092,0.065,-0.092,0.065,0,0,0,0,0,0,0,0,0.002,0.162,0.015,,,,,,,,,,,,,,,,,,,,,,,,,,,,,,,,,,,,,,,,,,,,,,,,,,,,,,,,,,,,,,,,,,,,,,,,,,,,,,,,,,,0
576,,,,,,,,,,,,,,,,,,,,,,,,,,,,,,,,,,,,,,,,,,,,,,,,,,,,,,,,,,,,,,,,,,,,,,,,,,,,,,,,,,0.004,0.004,-0.072,-0.119,0.002,-0.077,-0.006,-0.041,-0.197,-0.084,0.366,0.366,0.037,0.086,,,,,,,,,,-0.088,0.032,-0.052,-0.093,-0.018,0,-0.087,-0.113,0.008,0.001,-0.023,,,-0.01,-0.102,-0.038,,,,0.803,0,0,0.026,0.106,-0.015,-0.03,0.033,0.031,0.002,0.053,0.15,0.003,0.015,-0.012,0.01,-0.005,,,,,,,,,,,,,,,,,,,,,,,,,,,,,,,,,,,,,,,,,,,,,,,,,,,,,,,,,,,,,,,,,,,,,,,,,,,,,,,,,,,,,,,,,,,,,,,,,,,,,,,,,,,,,,,,,,,,,,,,,,,,,,,,,,,,,,,,,,,,,,,,,,,,,,,,,,,,,,,,,,,,,,,,,,,,,,,,,,,,,,,,,,,,,,,,,,,,,,,,,,,,,,,,,,,,,,,,,,,,,,,,,,,,,,,,,,,,,,,,,,,,,,,,,,,,,,,,,,,,,,,,,,,,,,,,,,,,,,,,,,,,,,,,,,,,,,,,,,,,,,,,,,,,,,,,,,,,,,,,,,,,,,,,,,,,,,,,,,,,,,,,,,,,,,,,,,,,,,,,,,,,,,,,,,,,,,,,,,,,,,,,,,,,,,,,,,,,,,,,,,,,,,,,,,,,,,,,,,,,,,,,,,,,,,,,,,,,,,,,,,,,,,,,,,,,,,,,,,,,,,,,,,,,,,,,,,,,,,,,,,,,,,,,,,,,,,,,,,,,,,,,,,,,,,,,,,,,,,,,,,,,,,,,,,,,,,,,,,,,,,,,,,,,,,,,,,,,,,,,,,,,,,,,,,,,,,,,,,,,,,,,,,,,,,,,,,,,,,,,,,,,,,,,,,,,,,,,,,,,,,,,,,,,,,,,,,,,,,,,,,,,,,,,,,,,,,,,,,,,,,,,,,,,,,,,,,,,,,,,,,,,,,,,,,,,,,,,,,,,,,,,,,,,,,,,,,,,,,,,,,,,,,,,,,,,,,,,,,,,,,,,,,,0,0,0,0,0.176,0.159,0.014,0.105,0,0,0,0,0,0,0,0,0.1,-0.02,0.318,0.285,-0.091,0.06,-0.062,0.092,0.048,0.06,,,,,,,,,0,0,0,0,0.109,-0.067,0.014,-0.032,0.017,0,0,0,0,0.019,0.004,0.003,0.038,-0.008,-0.016,0.003,0,0,0,0,0.147,0.11,0.012,0,0,0,,,,,,,,-0.131,0.268,0,0,0,0,-0.25,0,0,0,0,0
580,,,,,,,,,,,,,,,,,,,,,,,,,,,,,,,,,,,,,,,,,,,,,,,,,,,,,,,,,,,,,,,,,,,,,,,,,,,,,,,,,,,,,,,,,,,,,,,,,,,,,,,,,,,,,,,,,,,,,,,,,,,,,,,,,,,,,,,,,,,,,,,,,,,,,,,,,,,,,,,,,,,,,,,,,,,,,,,,,,,,,,,,,,,,,,,,,,,,,,,,,,,,,,,,,,,,,,,,,,,,,,,,,,,,,,,,,,,,,,,,,,,,,,,,,,,,,,,,,,,,,,,,,,,,,,,,,,,,,,,,,,,,,,,,,,,,,,,,,,,,,,,,,,,,,,,,,,,,,,,,,,,,,-0.039,0.141,-0.071,-0.019,0.082,-0.006,0.003,0.004,-0.001,-0.016,0.003,0.013,0.028,-0.07,,,,,,,,,,,,,,,,0.096,0.013,-0.006,-0.007,0.068,0.146,0.137,-0.014,0.334,-0.004,-0.002,0.039,0.002,0.109,-0.016,,,,,,,,,,0.338,0,0.088,0.033,0.268,0.09,-0.053,0.02,-0.363,-0.045,-0.075,-0.001,0.028,0.004,0,0.179,0.153,0.098,-0.047,-0.061,,,,,,,,,,,,,,,,,,,,,,,,,,,,,,,,,,,,,,,,,,,,,,,,,,,,,,,,,,,,,,,,,,,,,,,,,,,,,,,,,,,,,,,,,,,,,,,,,,,,,,,,,,,,,,,,,,,,,,,,,,,,,,,,,,,,,,,,,,,,,,,,,,,,,,,,,,,,,,,,,,,,,,,,,,,,,,,,,,,,,,,,,,,,,,,,,,,,,,,,,,,,,,,,,,,,,,,,,,,,,,,,,,,,,,,,,,,,,,,,,,,,,,,,,,,,,,,,,,,,,,,,,,,,,,,,,,,,,,,,,,,,,-0.106,0.071,-0.452,0,0.848,-0.193,-0.054,-0.185,0.911,0.143,-0.348,-0.018,0.077,-0.034,,,,,,,,,,,,,,,,,,,,,,,,,,,,,-0.084,0.077,-0.039,0.012,0.116,0.133,-0.107,-0.079,-0.038,-0.031,-0.046,-0.057,0.089,0.069,-0.017,0.218,0.012,-0.079,-0.258,-0.117,0.127,-0.083,-0.039,-0.107,-0.057,0.218,-0.046,-0.017,0.063,0.063,0.077,0.133,0.033,0.118,0.015,0.133,-0.084,0.116,-0.031,0.069,-0.038,0.089,0.017,-0.48,0.017,-0.48,-0.033,-0.013,-0.008,0,0,0,0,0.002,0.002,0.004,-0.003,-0.002,0.322,-0.007,0.004,0.139,-0.002,-0.012,-0.007,0.164,0.139,0.004,-0.011,0.141,0.104,-0.006,0.155,0,0,-0.026,0.208,0,0,0.004,0.186,0.008,0.211,0.009,0.211,0,0,-0.013,0.252,-0.014,0.252,-0.012,0.169,0,0,0.055,0.004,0,0,0,0,0,0,0.137,0.234,0.055,-0.089,0.016,0.044,-0.003,0.013,-0.003,0.013,-0.032,0.015,0.01,-0.034,0.013,-0.015,0.013,-0.007,,,,,,0.062,0.041,0.045,0.062,0.062,-0.03,0,0,0,0,0,0,0,0,0,-0.001,-0.082,-0.003,0,0,0,0,,,,,,,,,0,0,0,0,,,,,,,,,,,,,,,,,,,,,,,,,,,,,,,,,,,,,,,,,,,,,,,,,,,,,,,,,,,,,,,,,,,,,,,,,,,,,,,,,,,,,,0
581,0.036,0.026,-0.215,-0.197,-0.143,-0.339,-0.015,-0.072,-0.194,-0.094,0.104,0.104,-0.122,0.029,,,,,,,,,,0.009,-0.129,-0.051,0.534,0.007,0,0.019,-0.208,-0.038,,,0.061,0.059,,,,-0.164,0.041,0.017,-0.157,0,0.001,,,,,,,,,,,,,-0.017,0.019,0.013,-0.005,0.018,0.009,0.014,0.036,0.162,0.002,0,-0.001,,,,,,,,,,,,,,,,,,,,,,,,,,,,,,,,,,,,,,,,,,,,,,,,,,,,,,,,,,,,,,,,,,,,,,,,,,,,,,,,,,,,,,,,,,,,,,,,,,,,,,,,,,,,,,,,,,,,,,,,,,,,,,,,,,,,,,,,,,,,,,,,,,,,,,,,,,,,,,,,,,,,,,,,,,,,,,,,,,,,,,,,,,,,,,,,,,,,,,,,,,,,,,,,,,,,,,,,,,,,,,,,,,,,,,,,,,,,,,,,,,,,,,,,,,,,,,,,,,,,,,,,,,,,,,,,,,,,,,,,,,,,,,,,,,,,,,,,,,,,,,,,,,,,,,,,,,,,,,,,,,,,,,,,,,,,,,,,,,,,,,,,,,,,,,,,,,,,,,,,,,,,,,,,,,,,,,,,,,,,,,,,,,,,,,,,,,,,,,,,,,,,,,,,,,,,,,,,,,,,,,,,,,,,,,,,,,,,,,,,,,,,,,,,,,,,,,,,,,,,,,,,,,,,,,,,,,,,,,,,,,,,,,,,,,,,,,,,,,,,,,,,,,,,,,,,,,,,,,,,,,,,,,,,,,,,,,,,,,,,,,,,,,,,,,,,,,,,,,,,,,,,,,,,,,,,,,,,,,,,,,,,,,,,,,,,,,,,,,,,,,,,,,,,,,,,,-0.224,-0.171,-0.028,0.053,-0.031,-0.236,0.053,-0.05,-0.035,-0.095,-0.128,-0.297,0.231,-0.034,,,,,,,,,,,,,,,,,,,,,,,,,,,,,-0.032,-0.097,0.008,0.165,-0.106,-0.098,0.189,0.207,0.102,0.055,-0.114,-0.123,0.009,-0.032,-0.117,-0.115,0.165,0.207,0.165,0.182,-0.042,0.216,0.008,0.189,-0.123,-0.115,-0.114,-0.117,0.037,0.037,-0.097,-0.098,0.048,-0.108,-0.044,-0.098,-0.032,-0.106,0.055,-0.032,0.102,0.009,0.303,0.52,0.303,0.52,0.024,0.019,0.055,0,0,0,0,-0.005,-0.005,0.003,0.002,-0.056,0.086,-0.007,0.003,0.099,-0.056,-0.006,-0.007,-0.038,0.099,,,,,,,,,,,,,,,,,,,,,,,,,,,,,,,,,0,0,0,0,0.126,0.017,-0.247,-0.099,0.016,0.03,-0.042,0.013,-0.017,0.013,-0.015,0.009,-0.075,-0.02,0.013,-0.009,0.013,0.063,,,,,,0.108,0.092,-0.051,0.108,0.108,0.083,0,0,0,0,0,0,0,0,0,-0.036,0.03,-0.092,0,0,0,0,,,,,,,,,0,0,0,0,,,,,,,,,,,,,,,,,,,,,,,,,,,,,,,,,,,,,,,,,,,,,,,,,,,,,,,,,,,,,,,,,,,,,,,,,,,,,,,,,,,,,,0
584,0.01,0.063,-0.015,-0.034,0.031,0.07,0,-0.072,0.173,0.077,0.075,0.075,-0.104,-0.015,-0.013,-0.135,-0.092,0.349,-0.003,0,0.01,-0.211,0.065,,,,,,,,,,0.012,-0.009,,,0.164,-0.299,-0.081,,,,-0.157,0,0.001,-0.096,-0.133,-0.008,0.192,-0.003,-0.058,0.047,0,-0.18,0.056,0,-0.002,,,,,,,,,,,,,,,,,,,,,,,,,,,,,,,,,,,,,,,,,,,,,,,,,,,,,,,,,,,,,,,,,,,,,,,,,,,,,,,,,,,,,,,,,,,,,,,,,,,,,,,,,,,,,,,,,,,,,,,,,,,,,,,,,,,,,,,,,,,,,,,,,,,,,,,,,,,,,,,,,,,,,,,,,,,,,,,,,,,,,,,,,,,,,,,,,,,,,,,,,,,,,,,,,,,,,,,,,,,,,,,,,,,,,,,,,,,,,,,,,,,,,,,,,,,,,,,,,,,,,,,,,,,,,,,,,,,,,,,,,,,,,,,,,,,,,,,,,,,,,,,,,,,,,,,,,,,,,,,,,,,,,,,,,,,,,,,,,,,,,,,,,,,,,,,,,,,,,,,,,,,,,,,,,,,,,,,,,,,,,,,,,,,,,,,,,,,,,,,,,,,,,,,,,,,,,,,,,,,,,,,,,,,,,,,,,,,,,,,,,,,,,,,,,,,,,,,,,,,,,,,,,,,,,,,,,,,,,,,,,,,,,,,,,,,,,,,,,,,,,,,,,,,,,,,,,,,,,,,,,,,,,,,,,,,,,,,,,,,,,,,,,,,,,,,,,,,,,,,,,,,,,,,,,,,,,,,,,,,,,,,,,,,,,,,,,,,,,,,,,,,,,,,,,,,,,,,,,,,,,,,,,0.157,0.046,-0.025,-0.054,0.775,0.025,-0.19,-0.215,0.904,-0.096,-0.127,-0.297,-0.173,-0.034,,,,,,,,,,,,,,,,,,,,,,,,,,,,,-0.084,-0.03,-0.151,-0.207,0.109,0.093,-0.088,-0.111,-0.064,-0.081,0.174,0.211,0.172,-0.156,-0.083,-0.115,-0.207,-0.111,0.071,-0.098,-0.263,-0.102,-0.151,-0.088,0.211,-0.115,0.174,-0.083,0.063,0.063,-0.03,0.093,0.033,0.11,-0.022,0.093,-0.084,0.109,-0.081,-0.156,-0.064,0.172,0.017,-0.48,0.017,-0.48,-0.014,-0.013,-0.043,0,0,0,0,0.01,0.01,0.006,0.002,0.16,0.112,-0.004,0.006,-0.021,0.16,0.03,-0.004,0.086,-0.021,0.006,0.151,-0.008,0.013,-0.003,-0.005,0,0,0.007,0.021,0,0,0.009,0.005,-0.008,0.009,-0.009,0.009,0,0,0.022,0.085,0.021,0.085,0.03,0.091,0,0,0.201,-0.003,0,0,0,0,0,0,0.029,-0.097,-0.02,-0.04,0.016,0.013,-0.019,0.013,-0.007,0.013,-0.002,0.012,-0.004,-0.009,0.013,-0.007,0.013,-0.001,,,,,,-0.029,-0.045,-0.051,-0.029,-0.029,0.132,0,0,0,0,0,0,0,0,,,,,,,,,-0.092,0.247,-0.092,0.247,0,0,0,0,0,0,0,0,,,,,,,,,,,,,,,,,,,,,,,,,,,,,,,,,,,,,,,,,,,,,,,,,,,,,,,,,,,,,,,,,,,,,,,,,,,,,,,,,,,,,,0
585,-0.055,0.108,-0.015,0.003,-0.013,0.116,0.015,-0.072,0.163,-0.067,0.348,0.348,0.152,0.104,,,,,,,,,,0.009,0.21,0.049,-0.244,0.005,0,0.019,0.184,0.02,-0.029,0.006,,,0.164,-0.052,0.172,,,,0.343,0,0.001,,,,,,,,,,,,,,,,,,,,,,,,,-0.066,0.106,-0.017,-0.118,-0.212,-0.173,-0.065,-0.143,0.069,-0.011,-0.184,0.024,,,,,,,,,,,,,,,,,,,,,,,,,,,,,,,,,,,,,,,,,,,,,,,,,,,,,,,,,,,,,,,,,,,,,,,,,,,,,,,,,,,,,,,,,,,,,,,,,,,,,,,,,,,,,,,,,,,,,,,,,,,,,,,,,,,,,,,,,,,,,,,,,,,,,,,,,,,,,,,,,,,,,,,,,,,,,,,,,,,,,,,,,,,,,,,,,,,,,,,,,,,,,,,,,,,,,,,,,,,,,,,,,,,,,,,,,,,,,,,,,,,,,,,,,,,,,,,,,,,,,,,,,,,,,,,,,,,,,,,,,,,,,,,,,,,,,,,,,,,,,,,,,,,,,,,,,,,,,,,,,,,,,,,,,,,,,,,,,,,,,,,,,,,,,,,,,,,,,,,,,,,,,,,,,,,,,,,,,,,,,,,,,,,,,,,,,,,,,,,,,,,,,,,,,,,,,,,,,,,,,,,,,,,,,,,,,,,,,,,,,,,,,,,,,,,,,,,,,,,,,,,,,,,,,,,,,,,,,,,,,,,,,,,,,,,,,,,,,,,,,,,,,,,,,,,,,,,,,,,,,,,,,,,,,,,,,,,,,,,,,,,,,,,,,,,,,,,,,,,,,,,,,,,,,,,,,,,,,,,,,,,,,,,,,,,,,,,,,,,,,,,,,,,,,,,,,,,,,,,,,,,,,,,,,,,,,,,,,,,,,,,0.315,-0.139,-0.151,-0.097,-0.07,-0.047,-0.044,-0.092,-0.012,-0.081,0.034,-0.019,0.089,-0.099,-0.017,-0.115,-0.097,-0.092,0.071,-0.053,-0.198,-0.083,-0.151,-0.044,-0.019,-0.115,0.034,-0.017,0.063,0.063,-0.139,-0.047,-0.233,-0.069,-0.059,-0.047,0.315,-0.07,-0.081,-0.099,-0.012,0.089,0.017,-0.48,0.017,-0.48,-0.014,-0.013,-0.051,0,0,0,0,0.004,0.004,0.003,0.003,-0.11,0.007,0.007,0.003,-0.061,-0.11,-0.019,0.007,-0.083,-0.061,0.003,-0.119,0.012,-0.078,0.008,-0.045,0,0,-0.028,0.055,0,0,-0.008,0.147,-0.004,0.115,-0.005,0.115,0,0,0.007,-0.055,0.006,-0.055,-0.019,-0.078,0,0,-0.202,-0.001,0,0,0,0,0,0,0.106,0.03,0.092,0.084,0.013,-0.001,-0.059,0.013,-0.027,0.013,0.005,0.011,0.015,-0.009,0.013,-0.003,0.013,-0.03,,,,,,0.017,0.015,-0.108,0.017,0.017,0.108,0,0,0,0,0,0,0,0,0,-0.061,0.03,-0.154,0,0,0,0,,,,,,,,,0,0,0,0,,,,,,,,,,,,,,,,,,,,,,,,,,,,,,,,,,,,,,,,,,,,,,,,,,,,,,,,,,,,,,,,,,,,,,,,,,,,,,,,,,,,,,0
586,,,,,,,,,,,,,,,,,,,,,,,,,,,,,,,,,,,,,,,,,,,,,,,,,,,,,,,,,,,,,,,,,,,,,,,,,,,,,,,,,,,,,,,,,,,,,,,,,,,,,,,,,,,,,,,,,,,,,,,,,,,,,,,,,,,,,,,,,,,,,,,,,,,,,,,,,,,,,,,,,,,,,,,,,,,,,,,,,,,,,,,,,,,,,,,,,,,,,,,,,,,,,,,,,,,,,,,,,,,,,,,,,,,,,,,,,,,,,,,,,,,,,,,,,,,,,,,,,,,,,,,,,,,,,,,,,,,,,,,,,,,,,,,,,,,,,,,,,,,,,,,,,,,,,,,,,,,,,,,,,,,,,-0.026,0.011,0.043,-0.016,0.034,0,-0.001,-0.04,0.042,-0.06,-0.057,-0.038,0.061,-0.041,,,,,,,,,,,,,,,,0.095,-0.075,-0.003,-0.007,-0.013,0.12,0.126,-0.008,0.22,-0.003,0,-0.106,0.003,-0.043,-0.018,,,,,,,,,,0.22,-0.016,0.16,-0.007,0.044,0.039,-0.054,-0.09,-0.044,-0.026,-0.002,0.042,0.061,-0.04,0,-0.052,-0.085,0.108,-0.027,-0.062,,,,,,,,,,,,,,,,,,,,,,,,,,,,,,,,,,,,,,,,,,,,,,,,,,,,,,,,,,,,,,,,,,,,,,,,,,,,,,,,,,,,,,,,,,,,,,,,,,,,,,,,,,,,,,,,,,,,,,,,,,,,,,,,,,,,,,,,,,,,,,,,,,,,,,,,,,,,,,,,,,,,,,,,,,,,,,,,,,,,,,,,,,,,,,,,,,,,,,,,,,,,,,,,,,,,,,,,,,,,,,,,,,,,,,,,,,,,,,,,,,,,,,,,,,,,,,,,,,,,,,,,,,,,,,,,,,,,,,,,,,,,,-0.044,-0.064,-0.066,-0.072,0.821,-0.126,0.235,0.068,0.908,0.059,0.014,0.174,0.202,-0.034,,,,,,,,,,,,,,,,,,,,,,,,,,,,,-0.147,-0.082,-0.037,0.131,0.022,0.023,0.05,0.083,0.027,-0.043,-0.08,-0.128,-0.155,-0.032,-0.017,-0.115,0.131,0.083,-0.186,0.042,-0.062,0.092,-0.037,0.05,-0.128,-0.115,-0.08,-0.017,0.057,0.057,-0.082,0.023,0.015,0.022,-0.039,0.023,-0.147,0.022,-0.043,-0.032,0.027,-0.155,-0.04,0.52,-0.04,0.52,-0.028,-0.017,-0.027,0,0,0.001,0,0.002,0.002,-0.003,-0.002,0.133,-0.02,-0.004,-0.003,0.039,0.133,-0.001,-0.004,0.077,0.039,-0.003,0.124,0.115,-0.048,-0.003,0.055,0,0,-0.003,0.066,0,0,-0.002,0.06,0.002,0.099,0.002,0.099,0,0,-0.004,0.085,-0.005,0.085,-0.002,0.082,0,0,-0.045,-0.008,0,0,0,0,0,0,-0.021,-0.143,-0.021,-0.094,0.017,0.053,-0.096,0.013,-0.043,0.013,-0.039,0.015,0.021,0.056,0.013,0.025,0.013,-0.014,,,,,,-0.165,-0.138,-0.033,-0.165,-0.165,0.01,0,0,0,0,0,0,0,0,0,0.053,0.03,0.136,0,0,0,0,,,,,,,,,0,0,0,0,,,,,,,,,,,,,,,,,,,,,,,,,,,,,,,,,,,,,,,,,,,,,,,,,,,,,,,,,,,,,,,,,,,,,,,,,,,,,,,,,,,,,,0
587,,,,,,,,,,,,,,,,,,,,,,,,,,,,,,,,,,,,,,,,,,,,,,,,,,,,,,,,,,,,,,,,,,,,,,,,,,,,,,,,,,0.035,0.054,-0.065,-0.17,0.002,0.077,-0.01,-0.072,-0.009,-0.099,-0.284,-0.284,-0.097,-0.151,-0.067,0.183,-0.034,-0.145,-0.001,0,-0.069,0.142,-0.029,,,,,,,,,,0.04,-0.04,,,-0.01,0.055,-0.023,,,,-0.197,0,0,-0.039,-0.063,-0.077,0.081,-0.026,-0.015,-0.069,0.016,0.004,-0.007,0.118,-0.044,-0.008,0.005,,,,,,,,,,,,,,,,,,,,,,,,,,,,,,,,,,,,,,,,,,,,,,,,,,,,,,,,,,,,,,,,,,,,,,,,,,,,,,,,,,,,,,,,,,,,,,,,,,,,,,,,,,,,,,,,,,,,,,,,,,,,,,,,,,,,,,,,,,,,,,,,,,,,,,,,,,,,,,,,,,,,,,,,,,,,,,,,,,,,,,,,,,,,,,,,,,,,,,,,,,,,,,,,,,,,,,,,,,,,,,,,,,,,,,,,,,,,,,,,,,,,,,,,,,,,,,,,,,,,,,,,,,,,,,,,,,,,,,,,,,,,,,,,,,,,,,,,,,,,,,,,,,,,,,,,,,,,,,,,,,,,,,,,,,,,,,,,,,,,,,,,,,,,,,,,,,,,,,,,,,,,,,,,,,,,,,,,,,,,,,,,,,,,,,,,,,,,,,,,,,,,,,,,,,,,,,,,,,,,,,,,,,,,,,,,,,,,,,,,,,,,,,,,,,,,,,,,,,,,,,,,,,,,,,,,,,,,,,,,,,,,,,,,,,,,,,,,,,,,,,,,,,,,,,,,,,,,,,,,,,,,,,,,,,,,,,,,,,,,,,,,,,,,,,,,,,,,,,,,,,,,,,,,,,,,,,,,,,,,,,,,-0.032,-0.097,-0.239,-0.186,-0.049,-0.044,0.302,0.356,0.128,0.106,0.002,0.046,0.021,0.08,0.05,-0.115,-0.186,0.356,-0.377,0.31,0.141,0.352,-0.239,0.302,0.046,-0.115,0.002,0.05,0.014,0.014,-0.097,-0.044,-0.104,-0.05,-0.044,-0.044,-0.032,-0.049,0.106,0.08,0.128,0.021,0.303,0.52,0.303,0.52,0.034,0.027,0.09,-0.001,0,0,0,0.002,0.002,-0.002,-0.001,-0.056,0.059,0.001,-0.002,0.179,-0.056,-0.007,0.001,-0.01,0.179,,,,,,,,,,,,,,,,,,,,,,,,,,,,,,,,,0,0,0,0,0.137,0.215,-0.268,-0.146,0.018,0.005,-0.101,0.013,-0.045,0.013,0.025,0.013,0.001,-0.002,0.013,-0.001,0.013,0.005,,,,,,0.108,0.086,-0.183,0.108,0.108,0.01,0,0,0,0,0,0,0,0,0,-0.02,0.03,-0.05,0,0,0,0,,,,,,,,,0,0,0,0,,,,,,,,,,,,,,,,,,,,,,,,,,,,,,,,,,,,,,,,,,,,,,,,,,,,,,,,,,,,,,,,,,,,,,,,,,,,,,,,,,,,,,0
588,-0.029,0.004,0.348,0.312,0.031,0.161,0.022,0.128,-0.021,-0.051,0.186,0.186,0.024,-0.015,-0.013,-0.102,0.008,-0.17,0.001,0,-0.09,0.583,-0.069,,,,,,,,,,,,0.078,0.001,0.164,-0.257,-0.047,,,,-0.157,0,0.001,,,,,,,,,,,,,0.01,-0.088,0.025,0.009,-0.001,-0.007,-0.013,-0.023,0.087,-0.002,0,-0.002,,,,,,,,,,,,,,,,,,,,,,,,,,,,,,,,,,,,,,,,,,,,,,,,,,,,,,,,,,,,,,,,,,,,,,,,,,,,,,,,,,,,,,,,,,,,,,,,,,,,,,,,,,,,,,,,,,,,,,,,,,,,,,,,,,,,,,,,,,,,,,,,,,,,,,,,,,,,,,,,,,,,,,,,,,,,,,,,,,,,,,,,,,,,,,,,,,,,,,,,,,,,,,,,,,,,,,,,,,,,,,,,,,,,,,,,,,,,,,,,,,,,,,,,,,,,,,,,,,,,,,,,,,,,,,,,,,,,,,,,,,,,,,,,,,,,,,,,,,,,,,,,,,,,,,,,,,,,,,,,,,,,,,,,,,,,,,,,,,,,,,,,,,,,,,,,,,,,,,,,,,,,,,,,,,,,,,,,,,,,,,,,,,,,,,,,,,,,,,,,,,,,,,,,,,,,,,,,,,,,,,,,,,,,,,,,,,,,,,,,,,,,,,,,,,,,,,,,,,,,,,,,,,,,,,,,,,,,,,,,,,,,,,,,,,,,,,,,,,,,,,,,,,,,,,,,,,,,,,,,,,,,,,,,,,,,,,,,,,,,,,,,,,,,,,,,,,,,,,,,,,,,,,,,,,,,,,,,,,,,,,,,,,,,,,,,,,,,,,,,,,,,,,,,,,,,,,,,,,,,,,,,,,,,,,,,,,,,,,,,,,,,,,,,,,,,,,,0.049,-0.03,0.093,-0.174,0.142,0.136,-0.113,-0.046,-0.038,-0.056,0.082,0.122,0.113,0.013,0.017,-0.115,-0.174,-0.046,-0.37,-0.085,0.335,-0.076,0.093,-0.113,0.122,-0.115,0.082,0.017,0.082,0.082,-0.03,0.136,0.071,0.144,-0.022,0.136,0.049,0.142,-0.056,0.013,-0.038,0.113,0.017,-0.48,0.017,-0.48,-0.019,-0.02,-0.067,0,0,0,0,-0.014,-0.014,-0.003,-0.001,0.079,0.033,-0.004,-0.003,0.019,0.079,0,-0.004,-0.07,0.019,-0.003,0.07,0.047,0.195,-0.003,0.035,0,0,0.017,-0.023,0,0,0.009,0.005,0.002,-0.007,0.002,-0.007,0,0,-0.003,-0.055,-0.004,-0.055,0,-0.064,0,0,0.14,-0.001,0,0,0,0,0,0,-0.005,-0.097,-0.037,-0.042,0.012,-0.009,0,0.013,-0.003,0.013,0.011,0.012,-0.007,-0.006,0.013,-0.003,0.013,-0.014,,,,,,0.108,0.076,-0.103,0.108,0.108,0.108,0,0,0,0,0,0,0,0,0,-0.03,0.03,-0.075,0,0,0,0,,,,,,,,,0,0,0,0,,,,,,,,,,,,,,,,,,,,,,,,,,,,,,,,,,,,,,,,,,,,,,,,,,,,,,,,,,,,,,,,,,,,,,,,,,,,,,,,,,,,,,0
589,,,,,,,,,,,,,,,,,,,,,,,,,,,,,,,,,,,,,,,,,,,,,,,,,,,,,,,,,,,,,,,,,,,,,,,,,,,,,,,,,,-0.032,-0.046,-0.123,-0.291,-0.164,-0.231,-0.006,-0.041,0.144,-0.019,0.058,0.058,0.114,-0.066,,,,,,,,,,0.012,-0.154,-0.052,0.53,0.006,0,0.013,-0.036,-0.323,,,-0.083,-0.004,-0.01,-0.048,-0.024,,,,-0.197,0,0,,,,,,,,,,,,,,,-0.327,-0.317,-0.196,0.514,-0.068,-0.074,-0.072,0.008,-0.151,0.005,-0.058,-0.035,-0.027,-0.002,,,,,,,,,,,,,,,,,,,,,,,,,,,,,,,,,,,,,,,,,,,,,,,,,,,,,,,,,,,,,,,,,,,,,,,,,,,,,,,,,,,,,,,,,,,,,,,,,,,,,,,,,,,,,,,,,,,,,,,,,,,,,,,,,,,,,,,,,,,,,,,,,,,,,,,,,,,,,,,,,,,,,,,,,,,,,,,,,,,,,,,,,,,,,,,,,,,,,,,,,,,,,,,,,,,,,,,,,,,,,,,,,,,,,,,,,,,,,,,,,,,,,,,,,,,,,,,,,,,,,,,,,,,,,,,,,,,,,,,,,,,,,,,,,,,,,,,,,,,,,,,,,,,,,,,,,,,,,,,,,,,,,,,,,,,,,,,,,,,,,,,,,,,,,,,,,,,,,,,,,,,,,,,,,,,,,,,,,,,,,,,,,,,,,,,,,,,,,,,,,,,,,,,,,,,,,,,,,,,,,,,,,,,,,,,,,,,,,,,,,,,,,,,,,,,,,,,,,,,,,,,,,,,,,,,,,,,,,,,,,,,,,,,,,,,,,,,,,,,,,,,,,,,,,,,,,,,,,,,,,,,,,,,,,,,,,,,,,,,,,,,,,,,,,,,,,,,,,,,,,,,,,,,,,,0.03,-0.154,-0.231,0.04,-0.111,-0.085,-0.094,-0.092,-0.068,-0.034,-0.092,-0.082,-0.085,0.137,0.217,0.218,0.04,-0.092,0.024,-0.104,-0.117,-0.083,-0.231,-0.094,-0.082,0.218,-0.092,0.217,-0.702,-0.702,-0.154,-0.085,0.065,-0.113,-0.064,-0.084,0.03,-0.111,-0.034,0.137,-0.068,-0.085,-0.24,0.52,-0.24,0.52,0.01,0.015,0.071,-0.001,0,0,0,0.01,0.01,-0.005,0.005,-0.11,-0.072,0.007,-0.005,-0.001,-0.11,-0.001,0.007,-0.18,-0.001,,,,,,,,,,,,,,,,,,,,,,,,,,,,,,,,,0,0,0,0,-0.219,-0.179,0.1,-0.023,0.013,-0.018,-0.107,0.013,-0.049,0.013,0.031,0.019,0.12,-0.028,0.013,-0.013,0.013,-0.043,0,0,0.028,0,,0.017,0.031,0.22,0.017,0.017,-0.03,0,0,0,0,0,0,0,0,,,,,,,,,0.008,-0.127,0.008,-0.127,0,0,0,0,0,0,0,0,,,,,,,,,,,,,,,,,,,,,,,,,,,,,,,,,,,,,,,,,,,,,,,,,,,,,,,,,,,,,,,,,,,,,,,,,,,,,,,,,,,,,,0
594,0.095,0.071,-0.343,-0.343,0.074,0.161,-0.037,-0.152,0.097,0.147,-0.023,-0.023,-0.002,0.009,-0.013,-0.186,-0.092,0.28,0.005,0,-0.09,0.591,0.066,,,,,,,,,,,,0.078,-0.156,0.164,-0.307,-0.118,,,,0.343,0,0.001,,,,,,,,,,,,,,,,,,,,,,,,,0.012,-0.006,0.015,-0.008,-0.212,-0.131,0.058,-0.084,0.087,0.067,-0.046,0.255,,,,,,,,,,,,,,,,,,,,,,,,,,,,,,,,,,,,,,,,,,,,,,,,,,,,,,,,,,,,,,,,,,,,,,,,,,,,,,,,,,,,,,,,,,,,,,,,,,,,,,,,,,,,,,,,,,,,,,,,,,,,,,,,,,,,,,,,,,,,,,,,,,,,,,,,,,,,,,,,,,,,,,,,,,,,,,,,,,,,,,,,,,,,,,,,,,,,,,,,,,,,,,,,,,,,,,,,,,,,,,,,,,,,,,,,,,,,,,,,,,,,,,,,,,,,,,,,,,,,,,,,,,,,,,,,,,,,,,,,,,,,,,,,,,,,,,,,,,,,,,,,,,,,,,,,,,,,,,,,,,,,,,,,,,,,,,,,,,,,,,,,,,,,,,,,,,,,,,,,,,,,,,,,,,,,,,,,,,,,,,,,,,,,,,,,,,,,,,,,,,,,,,,,,,,,,,,,,,,,,,,,,,,,,,,,,,,,,,,,,,,,,,,,,,,,,,,,,,,,,,,,,,,,,,,,,,,,,,,,,,,,,,,,,,,,,,,,,,,,,,,,,,,,,,,,,,,,,,,,,,,,,,,,,,,,,,,,,,,,,,,,,,,,,,,,,,,,,,,,,,,,,,,,,,,,,,,,,,,,,,,,,,,,,,,,,,,,,,,,,,,,,,,,,,,,,,,,,,,,,,,,,,,,,,,,,,,,,,,,,,,0.182,-0.139,0.204,-0.066,-0.001,-0.007,-0.012,0.012,-0.116,-0.132,0.004,-0.048,0.16,0.294,-0.083,-0.115,-0.066,0.012,-0.045,-0.015,-0.179,0.021,0.204,-0.012,-0.048,-0.115,0.004,-0.083,0.082,0.082,-0.139,-0.007,0.109,-0.002,-0.059,-0.007,0.182,-0.001,-0.132,0.294,-0.116,0.16,0.017,-0.48,0.017,-0.48,0.072,0.038,0.067,0,0,0,0,-0.014,-0.014,-0.005,0,0.133,0.086,0.002,-0.005,-0.201,0.133,0.019,0.002,-0.12,-0.201,-0.005,0.124,-0.187,-0.078,0.002,-0.185,0,0,0.004,-0.093,0,0,0.005,-0.077,0.019,-0.062,0.02,-0.062,0,0,-0.012,-0.082,-0.013,-0.082,0.019,-0.115,0,0,0.058,-0.007,0,0,0,0,0,0,0.017,0.042,-0.053,0.155,0.016,-0.015,-0.122,0.013,-0.055,0.013,0.044,0.009,-0.081,0.039,0.013,0.019,0.013,0.086,,,,,,0.017,0.007,-0.067,0.017,0.017,-0.014,0,0,0,0,0,0,0,0,,,,,,,,,0.108,-0.015,0.108,-0.015,0,0,0,0,0,0,0,0,,,,,,,,,,,,,,,,,,,,,,,,,,,,,,,,,,,,,,,,,,,,,,,,,,,,,,,,,,,,,,,,,,,,,,,,,,,,,,,,,,,,,,0
597,0.075,0.116,-0.015,-0.052,0.031,0.116,-0.015,-0.072,0.143,-0.03,0.02,0.02,0.172,0.06,-0.013,0.177,0.008,-0.127,0.003,0,0.01,-0.077,-0.009,,,,,,,,,,,,-0.179,-0.165,,,,0.336,-0.492,-0.026,0.343,0,0.001,,,,,,,,,,,,,,,,,,,,,,,,,0.001,0.027,0.001,-0.128,-0.212,-0.205,-0.09,-0.137,0.061,-0.041,-0.165,0.131,,,,,,,,,,,,,,,,,,,,,,,,,,,,,,,,,,,,,,,,,,,,,,,,,,,,,,,,,,,,,,,,,,,,,,,,,,,,,,,,,,,,,,,,,,,,,,,,,,,,,,,,,,,,,,,,,,,,,,,,,,,,,,,,,,,,,,,,,,,,,,,,,,,,,,,,,,,,,,,,,,,,,,,,,,,,,,,,,,,,,,,,,,,,,,,,,,,,,,,,,,,,,,,,,,,,,,,,,,,,,,,,,,,,,,,,,,,,,,,,,,,,,,,,,,,,,,,,,,,,,,,,,,,,,,,,,,,,,,,,,,,,,,,,,,,,,,,,,,,,,,,,,,,,,,,,,,,,,,,,,,,,,,,,,,,,,,,,,,,,,,,,,,,,,,,,,,,,,,,,,,,,,,,,,,,,,,,,,,,,,,,,,,,,,,,,,,,,,,,,,,,,,,,,,,,,,,,,,,,,,,,,,,,,,,,,,,,,,,,,,,,,,,,,,,,,,,,,,,,,,,,,,,,,,,,,,,,,,,,,,,,,,,,,,,,,,,,,,,,,,,,,,,,,,,,,,,,,,,,,,,,,,,,,,,,,,,,,,,,,,,,,,,,,,,,,,,,,,,,,,,,,,,,,,,,,,,,,,,,,,,,,,,,,,,,,,,,,,,,,,,,,,,,,,,,,,,,,,,,,,,,,,,,,,,,,,,,,,,,,,,,0.182,0.077,-0.151,0.012,-0.055,-0.05,-0.012,-0.098,0.014,0.02,-0.046,0.058,0.101,-0.156,-0.017,-0.115,0.012,-0.098,0.071,-0.021,-0.133,-0.089,-0.151,-0.012,0.058,-0.115,-0.046,-0.017,0.063,0.063,0.077,-0.05,0.109,-0.056,0.015,-0.05,0.182,-0.055,0.02,-0.156,0.014,0.101,0.017,-0.48,0.017,-0.48,0.039,0.019,0.063,0,0,0,0,-0.001,-0.001,0.002,-0.001,-0.029,0.059,0.006,0.002,-0.101,-0.029,0.006,0.006,-0.106,-0.101,0.002,-0.038,0.012,-0.199,0.007,-0.085,0,0,-0.02,-0.056,0,0,-0.01,-0.05,-0.006,-0.031,-0.007,-0.031,0,0,0.003,-0.104,0.002,-0.104,0.006,-0.101,0,0,-0.151,-0.003,0,0,0,0,0,0,-0.006,-0.088,0.085,0.207,0.011,-0.026,0.019,0.013,0.009,0.013,-0.002,0.015,0.061,0.027,0.013,0.013,0.013,-0.03,,,,,,0.153,0.146,0.174,0.153,0.153,0.01,0,0,0,0,0,0,0,0,,,,,,,,,0.008,-0.076,0.008,-0.076,0,0,0,0,0,0,0,0,,,,,,,,,,,,,,,,,,,,,,,,,,,,,,,,,,,,,,,,,,,,,,,,,,,,,,,,,,,,,,,,,,,,,,,,,,,,,,,,,,,,,,0
599,,,,,,,,,,,,,,,,,,,,,,,,,,,,,,,,,,,,,,,,,,,,,,,,,,,,,,,,,,,,,,,,,,,,,,,,,,,,,,,,,,,,,,,,,,,,,,,,,,,,,,,,,,,,,,,,,,,,,,,,,,,,,,,,,,,,,,,,,,,,,,,,,,,,,,,,,,,,,,,,,,,,,,,,,,,,,,,,,,,,,,,,,,,,,,,,,,,,,,,,,,,,,,,,,,,,,,,,,,,,,,,,,,,,,,,,,,,,,,,,,,,,,,,,,,,,0.059,0.147,-0.129,0.006,-0.096,0.076,0.005,0.001,0.317,-0.363,-0.36,-0.325,0.36,0.049,0.129,-0.061,0.005,-0.014,0.084,-0.164,-0.142,-0.019,-0.38,0.003,0.003,-0.033,0,-0.07,-0.041,,,,,,,,,,,,,,,,-0.379,0,-0.021,-0.08,-0.002,-0.09,0,0.033,-0.01,,,,,,,,,,0.032,0.076,0.395,0.36,0.009,0,0.267,0.206,-0.039,0.031,0.006,,,,,,,,,,,,,,,,,,,,,,,,,,,,,,,,,,,,,,,,,,,,,,,,,,,,,,,,,,,,,,,,,,,,,,,,,,,,,,,,,,,,,,,,,,,,,,,,,,,,,,,,,,,,,,,,,,,,,,,,,,,,,,,,,,,,,,,,,,,,,,,,,,,,,,,,,,,,,,,,,,,,,,,,,,,,,,,,,,,,,,,,,,,,,,,,,,,,,,,,,,,,,,,,,,,,,,,,,,,,,,,,,,,,,,,,,,,,,,,,,,,,,,,,,,,,,,,,,,,,,,,,,,,,,,,,,,,,,,,,,,,,,,,,,,,,,,,,,,,,,,,,,,,,,,,,,,,,,,,,,,,,,,,,,,,,,,,,,,,,,,,,,,,,,,,,,,,,,,-0.037,-0.048,-0.148,-0.125,-0.031,-0.101,0.325,0.034,-0.035,0.089,-0.08,0.089,0.024,-0.034,,,,,,,,,,,,,,,,,,,,,,,,,,,,,0.119,-0.19,0.293,-0.193,0.099,0.074,-0.025,0.07,-0.025,-0.043,-0.238,-0.261,-0.155,-0.088,-0.017,-0.115,-0.193,0.07,-0.381,0.03,0.451,0.015,0.293,-0.025,-0.261,-0.115,-0.238,-0.017,0.057,0.057,-0.19,0.074,0.09,0.1,-0.076,0.075,0.119,0.099,-0.043,-0.088,-0.025,-0.155,-0.04,0.52,-0.04,0.52,-0.019,-0.009,0,0,0,0,0,-0.009,-0.009,0.001,0.004,0.079,0.007,0.004,0.001,0.059,0.079,0.029,0.004,0.178,0.059,0.001,0.07,0.125,0.013,0.004,0.075,0,0,0.133,0.079,0,0,0.008,-0.026,-0.009,-0.013,-0.009,-0.013,0,0,-0.004,0.221,-0.005,0.221,0.029,0.183,0,0,-0.045,-0.004,0,0,0,0,0,0,-0.19,-0.16,0.101,-0.044,0.012,0.019,0,0.013,-0.001,0.013,0.011,0.013,-0.024,-0.012,0.013,-0.005,0.013,0.038,,,,,,-0.119,-0.095,-0.008,-0.119,-0.119,0.018,0,0,0,0,0,0,0,0,,,,,,,,,0.008,-0.074,0.008,-0.074,0,0,0,0,0,0,0,0,,,,,,,,,,,,,,,,,,,,,,,,,,,,,,,,,,,,,,,,,,,,,,,,,,,,,,,,,,,,,,,,,,,,,,,,,,,,,,,,,,,,,,0
601,-0.042,-0.011,-0.052,-0.016,-0.013,0.116,0.008,0.008,0.092,0.019,-0.083,-0.083,0.101,-0.01,,,,,,,,,,0.009,-0.159,0.049,-0.293,0.002,0,0.019,-0.283,-0.063,,,0.093,0.209,0.164,-0.193,0.105,,,,-0.157,0,0.001,,,,,,,,,,,,,,,,,,,,,,,,,0.052,0.107,-0.01,0.005,-0.112,-0.09,-0.052,-0.045,0.145,-0.047,-0.006,0.029,,,,,,,,,,,,,,,,,,,,,,,,,,,,,,,,,,,,,,,,,,,,,,,,,,,,,,,,,,,,,,,,,,,,,,,,,,,,,,,,,,,,,,,,,,,,,,,,,,,,,,,,,,,,,,,,,,,,,,,,,,,,,,,,,,,,,,,,,,,,,,,,,,,,,,,,,,,,,,,,,,,,,,,,,,,,,,,,,,,,,,,,,,,,,,,,,,,,,,,,,,,,,,,,,,,,,,,,,,,,,,,,,,,,,,,,,,,,,,,,,,,,,,,,,,,,,,,,,,,,,,,,,,,,,,,,,,,,,,,,,,,,,,,,,,,,,,,,,,,,,,,,,,,,,,,,,,,,,,,,,,,,,,,,,,,,,,,,,,,,,,,,,,,,,,,,,,,,,,,,,,,,,,,,,,,,,,,,,,,,,,,,,,,,,,,,,,,,,,,,,,,,,,,,,,,,,,,,,,,,,,,,,,,,,,,,,,,,,,,,,,,,,,,,,,,,,,,,,,,,,,,,,,,,,,,,,,,,,,,,,,,,,,,,,,,,,,,,,,,,,,,,,,,,,,,,,,,,,,,,,,,,,,,,,,,,,,,,,,,,,,,,,,,,,,,,,,,,,,,,,,,,,,,,,,,,,,,,,,,,,,,,,,,,,,,,,,,,,,,,,,,,,,,,,,,,,,,,,,,,,,,,,,,,,,,,,,,,,,,,,,,-0.147,0.026,0.073,-0.085,0.02,0.029,-0.012,0.019,0.079,0.084,-0.08,-0.128,-0.191,-0.257,-0.083,-0.115,-0.085,0.019,-0.122,-0.015,-0.191,0.028,0.073,-0.012,-0.128,-0.115,-0.08,-0.083,0.057,0.057,0.026,0.029,0.015,0.02,-0.002,0.029,-0.147,0.02,0.084,-0.257,0.079,-0.191,-0.04,0.52,-0.04,0.52,0.005,0.003,-0.008,0,0,0,0,-0.003,-0.003,0.006,0.001,-0.029,0.007,0.004,0.006,0.039,-0.029,-0.001,0.004,-0.074,0.039,0.006,-0.038,0.134,-0.048,0.004,0.055,0,0,-0.041,0.006,0,0,-0.002,0.072,-0.009,0.052,-0.009,0.052,0,0,0.021,-0.086,0.02,-0.086,-0.002,-0.069,0,0,0.077,-0.005,0,0,0,0,0,0,-0.137,-0.18,0.064,-0.011,0.016,0.073,0.063,0.013,0.029,0.013,-0.045,0.013,0.035,-0.072,0.013,-0.033,0.013,-0.036,,,,,,0.017,0.021,0.077,0.017,0.017,0.303,0,0,0,0,0,0,0,0,,,,,,,,,-0.192,0.163,-0.192,0.163,0,0,0,0,0,0,0,0,,,,,,,,,,,,,,,,,,,,,,,,,,,,,,,,,,,,,,,,,,,,,,,,,,,,,,,,,,,,,,,,,,,,,,,,,,,,,,,,,,,,,,0
602,,,,,,,,,,,,,,,,,,,,,,,,,,,,,,,,,,,,,,,,,,,,,,,,,,,,,,,,,,,,,,,,,,,,,,,,,,,,,,,,,,,,,,,,,,,,,,,,,,,,,,,,,,,,,,,,,,,,,,,,,,,,,,,,,,,,,,,,,,,,,,,,,,,,,,,,,,,,,,,,,,,,,,,,,,,,,,,,,,,,,,,,,,,,,,,,,,,,,,,,,,,,,,,,,,,,,,,,,,,,,,,,,,,,,,,,,,,,,,,,,,,,,,,,,,,,,,,,,,,,,,,,,,,,,,,,,,,,,,,,,,,,,,,,,,,,,,,,,,,,,,,,,,,,,,,,,,,,,,,,,,,,,0.013,0.167,-0.06,0.008,0.131,0.001,0.003,-0.029,0.147,-0.147,-0.156,-0.166,0.107,0.109,-0.022,-0.002,-0.001,-0.008,0.013,0.006,0.008,0.008,-0.108,-0.001,0.002,-0.126,0.003,-0.02,-0.027,,,,,,,,,,,,,,,,,,,,,,,,,-0.105,-0.008,-0.03,-0.061,-0.057,-0.026,0.049,0.091,0.032,-0.014,0.015,0.147,0.107,-0.029,0,0.051,0.065,-0.111,-0.016,0.041,,,,,,,,,,,,,,,,,,,,,,,,,,,,,,,,,,,,,,,,,,,,,,,,,,,,,,,,,,,,,,,,,,,,,,,,,,,,,,,,,,,,,,,,,,,,,,,,,,,,,,,,,,,,,,,,,,,,,,,,,,,,,,,,,,,,,,,,,,,,,,,,,,,,,,,,,,,,,,,,,,,,,,,,,,,,,,,,,,,,,,,,,,,,,,,,,,,,,,,,,,,,,,,,,,,,,,,,,,,,,,,,,,,,,,,,,,,,,,,,,,,,,,,,,,,,,,,,,,,,,,,,,,,,,,,,,,,,,,,,,,,,,-0.061,-0.055,0.2,-0.122,-0.031,-0.106,0.047,0.071,-0.035,0.011,0.12,-0.09,0.077,-0.034,,,,,,,,,,,,,,,,,,,,,,,,,,,,,-0.28,0.026,-0.147,-0.085,-0.077,-0.055,-0.006,0.051,0.079,0.058,-0.356,-0.374,-0.202,-0.2,0.05,-0.115,-0.085,0.051,-0.316,0.011,0.195,0.034,-0.147,-0.006,-0.374,-0.115,-0.356,0.05,0.057,0.057,0.026,-0.055,-0.364,-0.079,-0.002,-0.055,-0.28,-0.077,0.058,-0.2,0.079,-0.202,-0.04,0.52,-0.04,0.52,-0.028,-0.013,-0.031,0,0,0,0,-0.001,-0.001,0.003,0.002,0.025,0.059,-0.001,0.003,0.159,0.025,0.038,-0.001,-0.074,0.159,0.003,0.016,0.144,0.134,-0.001,0.175,0,0,-0.048,-0.015,0,0,-0.009,0.056,0.005,0.043,0.005,0.043,0,0,0.029,-0.086,0.028,-0.086,0.038,-0.069,0,0,-0.087,0.003,0,0,0,0,0,0,-0.001,-0.15,-0.083,-0.143,0.016,0.022,-0.056,0.013,-0.025,0.013,-0.002,0.016,0.052,0.005,0.013,0.003,0.013,0.012,,,,,,-0.119,-0.113,0.136,-0.119,-0.119,-0.128,0,0,0,0,0,0,0,0,0,0.029,-0.082,0.074,0,0,0,0,,,,,,,,,0,0,0,0,,,,,,,,,,,,,,,,,,,,,,,,,,,,,,,,,,,,,,,,,,,,,,,,,,,,,,,,,,,,,,,,,,,,,,,,,,,,,,,,,,,,,,0
603,,,,,,,,,,,,,,,,,,,,,,,,,,,,,,,,,,,,,,,,,,,,,,,,,,,,,,,,,,,,,,,,,,,,,,,,,,,,,,,,,,,,,,,,,,,,,,,,,,,,,,,,,,,,,,,,,,,,,,,,,,,,,,,,,,,,,,,,,,,,,,,,,,,,,,,,,,,,,,,,,,,,,,,,,,,,,,,,,,,,,,,,,,,,,,,,,,,,,,,,,,,,,,,,,,,,,,,,,,,,,,,,,,,,,,,,,,,,,,,,,,,,,,,,,,,,,,,,,,,,,,,,,,,,,,,,,,,,,,,,,,,,,,,,,,,,,,,,,,,,,,,,,,,,,,,,,,,,,,,,,,,,,,,,,,,,,,,,,,,,,,,,,,,,,,,,,,,,,,,,,,,,,,,,,,,,,,,,,,,,,,,,,,,,,,,,,,,,,,,,,,,,,,,,,,,,,,,,,,,,,,,,,,,,,,,,,,,,,,,,,,,,,,,,,,,,,,,,,,,,,,,,,,,,,,,,,,,,,,,,0.04,-0.021,0.194,-0.083,0.137,-0.429,0.137,-0.136,-0.043,0.002,-0.003,-0.007,0.021,-0.03,0.063,0.002,0.005,-0.005,0.255,0.006,0.194,-0.222,,,,,,,,,,,,,,,-0.053,0.246,0,-0.171,-0.242,0.167,-0.063,0.17,,,,,,,,,-0.077,0.009,-0.081,-0.137,0.194,-0.122,-0.095,-0.079,-0.079,0.149,,,,,,,,,,,,,,,,,,,,,,,,,,,,,,,,,,,,,,,,,,,,,,,,,,,,,,,,,,,,,,,,,,,,,,,,,,,,,,,,,,,,,,,,,,,,,,,,,,,,,,,,,,,,,,,,,,,,,,,,,,,,,,,,,,,,,,,,,,,,,-0.049,0.076,-0.062,-0.094,-0.031,0.04,0.059,-0.189,-0.035,-0.044,-0.006,0.11,-0.048,-0.034,,,,,,,,,,,,,,,,,,,,,,,,,,,,,0.049,-0.03,0.072,0.121,0.083,0.077,0.107,0.174,-0.116,-0.081,0.114,0.058,0.16,0.181,-0.05,-0.115,0.121,0.174,-0.192,0.132,0.323,0.151,0.072,0.107,0.058,-0.115,0.114,-0.05,0.063,0.063,-0.03,0.077,0.071,0.084,-0.022,0.077,0.049,0.083,-0.081,0.181,-0.116,0.16,0.017,-0.48,0.017,-0.48,-0.009,-0.013,-0.063,0,0,0,0,0.002,0.002,-0.001,-0.003,0.106,-0.125,0.001,-0.001,-0.021,0.106,-0.013,0.001,-0.139,-0.021,-0.001,0.097,0.109,0.013,0.001,-0.005,0,0,-0.103,-0.056,0,0,0.004,0.064,-0.002,0.034,-0.003,0.034,0,0,-0.014,-0.134,-0.015,-0.134,-0.013,-0.133,0,0,-0.069,0.008,0,0,0,0,0,0,0.163,0.236,-0.23,-0.131,0.011,0.005,-0.093,0.013,-0.041,0.013,-0.025,0.016,0.041,-0.048,0.013,-0.021,0.013,0.079,,,,,,-0.074,-0.071,-0.094,-0.074,-0.074,-0.112,0,0,0,0,0,0,0,0,0,0.052,-0.082,0.131,0,0,0,0,,,,,,,,,0,0,0,0,,,,,,,,,,,,,,,,,,,,,,,,,,,,,,,,,,,,,,,,,,,,,,,,,,,,,,,,,,,,,,,,,,,,,,,,,,,,,,,,,,,,,,0
604,-0.18,-0.183,-0.015,0.003,-0.013,-0.021,0.037,0.168,-0.097,-0.169,-0.327,-0.327,-0.079,0.035,,,,,,,,,,0.009,-0.128,-0.051,0.401,-0.002,0,0.019,-0.176,-0.008,,,0.055,-0.141,-0.336,0.228,-0.096,,,,-0.157,0,0.001,,,,,,,,,,,,,,,,,,,,,,,,,-0.196,-0.029,-0.019,0.12,-0.212,-0.182,-0.038,-0.038,-0.156,-0.007,-0.105,-0.148,,,,,,,,,,,,,,,,,,,,,,,,,,,,,,,,,,,,,,,,,,,,,,,,,,,,,,,,,,,,,,,,,,,,,,,,,,,,,,,,,,,,,,,,,,,,,,,,,,,,,,,,,,,,,,,,,,,,,,,,,,,,,,,,,,,,,,,,,,,,,,,,,,,,,,,,,,,,,,,,,,,,,,,,,,,,,,,,,,,,,,,,,,,,,,,,,,,,,,,,,,,,,,,,,,,,,,,,,,,,,,,,,,,,,,,,,,,,,,,,,,,,,,,,,,,,,,,,,,,,,,,,,,,,,,,,,,,,,,,,,,,,,,,,,,,,,,,,,,,,,,,,,,,,,,,,,,,,,,,,,,,,,,,,,,,,,,,,,,,,,,,,,,,,,,,,,,,,,,,,,,,,,,,,,,,,,,,,,,,,,,,,,,,,,,,,,,,,,,,,,,,,,,,,,,,,,,,,,,,,,,,,,,,,,,,,,,,,,,,,,,,,,,,,,,,,,,,,,,,,,,,,,,,,,,,,,,,,,,,,,,,,,,,,,,,,,,,,,,,,,,,,,,,,,,,,,,,,,,,,,,,,,,,,,,,,,,,,,,,,,,,,,,,,,,,,,,,,,,,,,,,,,,,,,,,,,,,,,,,,,,,,,,,,,,,,,,,,,,,,,,,,,,,,,,,,,,,,,,,,,,,,,,,,,,,,,,,,,,,,,,,0.169,0.175,-0.227,-0.176,0.089,0.064,0.063,0.044,-0.222,-0.185,-0.051,0.034,0.033,-0.144,0.217,-0.115,-0.176,0.044,0.026,0.055,-0.245,0.054,-0.227,0.063,0.034,-0.115,-0.051,0.217,0.015,0.015,0.175,0.064,0.105,0.09,0.049,0.064,0.169,0.089,-0.185,-0.144,-0.222,0.033,-0.354,0.52,-0.354,0.52,,,,0,0,0,0,-0.005,-0.005,-0.004,-0.001,-0.137,0.007,-0.001,-0.004,-0.221,-0.137,0.001,-0.001,0.293,-0.221,,,,,,,,,,,,,,,,,,,,,,,,,,,,,,,,,0,0,0,0,-0.035,-0.169,-0.028,-0.003,-0.969,-0.48,-0.763,-0.987,-0.332,-0.987,-0.431,-0.974,-0.558,-0.709,-0.987,-0.306,-0.987,-0.416,,,,,,0.017,0.036,0.229,0.017,0.017,-0.022,0,0,0,0,0,0,0,0,0,-0.056,0.03,-0.143,0,0,0,0,,,,,,,,,0,0,0,0,,,,,,,,,,,,,,,,,,,,,,,,,,,,,,,,,,,,,,,,,,,,,,,,,,,,,,,,,,,,,,,,,,,,,,,,,,,,,,,,,,,,,,0
605,,,,,,,,,,,,,,,,,,,,,,,,,,,,,,,,,,,,,,,,,,,,,,,,,,,,,,,,,,,,,,,,,,,,,,,,,,,,,,,,,,,,,,,,,,,,,,,,,,,,,,,,,,,,,,,,,,,,,,,,,,,,,,,,,,,,,,,,,,,,,,,,,,,,,,,,,,,,,,,,,,,,,,,,,,,,,,,,,,,,,,,,,,,,,,,,,,,,,,,,,,,,,,,,,,,,,,,,,,,,,,,,,,,,,,,,,,,,,,,,,,,,,,,,,,,,,,,,,,,,,,,,,,,,,,,,,,,,,,,,,,,,,,,,,,,,,,,,,,,,,,,,,,,,,,,,,,,,,,,,,,,,,0.078,0.039,0.036,0.004,-0.01,0.023,-0.003,0.122,-0.046,0.114,0.095,0.141,-0.057,0.022,-0.051,0,-0.002,-0.008,0.02,0.005,0.005,-0.004,0.232,-0.002,0.001,-0.023,0.002,0.119,-0.026,,,,,,,,,,,,,,,,0.221,-0.001,-0.022,0.171,0,0.014,-0.001,-0.008,0.007,,,,,,,,,,-0.028,0.307,-0.046,-0.057,0.122,0,0.072,0.103,-0.127,-0.029,-0.029,,,,,,,,,,,,,,,,,,,,,,,,,,,,,,,,,,,,,,,,,,,,,,,,,,,,,,,,,,,,,,,,,,,,,,,,,,,,,,,,,,,,,,,,,,,,,,,,,,,,,,,,,,,,,,,,,,,,,,,,,,,,,,,,,,,,,,,,,,,,,,,,,,,,,,,,,,,,,,,,,,,,,,,,,,,,,,,,,,,,,,,,,,,,,,,,,,,,,,,,,,,,,,,,,,,,,,,,,,,,,,,,,,,,,,,,,,,,,,,,,,,,,,,,,,,,,,,,,,,,,,,,,,,,,,,,,,,,,,,,,,,,,,,,,,,,,,,,,,,,,,,,,,,,,,,,,0.08,0.087,0.116,-0.066,-0.036,0.175,0.143,-0.246,-0.036,0.048,0.118,0.055,-0.021,-0.037,-0.014,0.026,0.183,-0.085,0.004,0.004,-0.006,0.019,0.079,0.084,-0.061,-0.109,-0.202,-0.032,-0.05,-0.115,-0.085,0.019,-0.056,-0.009,-0.191,0.028,0.183,-0.006,-0.109,-0.115,-0.061,-0.05,0.057,0.057,0.026,0.004,0.053,0.004,-0.002,0.004,-0.014,0.004,0.084,-0.032,0.079,-0.202,-0.04,0.52,-0.04,0.52,-0.033,-0.017,-0.016,0,0,0,0,-0.014,-0.014,0.003,-0.001,0.106,0.033,0.006,0.003,0.139,0.106,0.007,0.006,0.04,0.139,0.003,0.097,0.14,0.134,0.007,0.155,0,0,-0.019,0.003,0,0,-0.009,0.021,0.005,0.028,0.005,0.028,0,0,0.004,0.019,0.003,0.019,0.007,0.046,0,0,-0.149,-0.004,0,0,0,0,0,0,-0.031,-0.153,0.025,-0.033,0.01,-0.018,0.073,0.013,0.035,0.013,-0.009,0.012,-0.004,-0.038,0.013,-0.015,0.013,-0.024,,,,,,-0.029,-0.036,-0.164,-0.029,-0.029,-0.12,0,0,0,0,0,0,0,0,0,0.024,-0.082,0.061,0,0,0,0,,,,,,,,,0,0,0,0,,,,,,,,,,,,,,,,,,,,,,,,,,,,,,,,,,,,,,,,,,,,,,,,,,,,,,,,,,,,,,,,,,,,,,,,,,,,,,,,,,,,,,0
607,,,,,,,,,,,,,,,,,,,,,,,,,,,,,,,,,,,,,,,,,,,,,,,,,,,,,,,,,,,,,,,,,,,,,,,,,,,,,,,,,,,,,,,,,,,,,,,,,,,,,,,,,,,,,,,,,,,,,,,,,,,,,,,,,,,,,,,,,,,,,,,,,,,,,,,,,,,,,,,,,,,,,,,,,,,,,,,,,,,,,,,,,,,,,,,,,,,,,,,,,,,,,,,,,,,,,,,,,,,,,,,,,,,,,,,,,,,,,,,,,,,,,,,,,,,,,,,,,,,,,,,,,,,,,,,,,,,,,,,,,,,,,,,,,,,,,,,,,,,,,,,,,,,,,,,,,,,,,,,,,,,,,,,,,,,,,,,,,,,,,,,,,,,,,,,,,,,,,,,,,,,,,,,,,,,,,,,,,,,,,,,,,,,,,,,,,,,,,,-0.063,0.259,-0.765,-0.038,0,-0.002,0.028,-0.01,-0.033,-0.039,-0.068,-0.002,,,,,,,,,,,,,,,0.155,-0.001,-0.001,-0.017,0.006,0.095,-0.047,0.009,0.016,-0.011,-0.005,0.001,-0.067,0.033,0.039,0.051,-0.003,0.001,0.013,-0.006,0.098,-0.02,,,,,,,,,0.353,-0.173,-0.086,-0.033,-0.062,-0.173,-0.113,0.282,0.189,-0.121,-0.168,-0.147,,,,,,,,,,,,,,,,,,,,,,,,,,,,,,,,,,,,,,,,,,,,,,,,,,,,,,,,,,,,,,,,,,,,,,,,,,,,,,,,,,,,,,,,,,,,,,,,,,,,,,,,,,,,,,,,,,,,,,,,,,,,,,,,,,,,,,,,,,,,,,,,,,,,,,,,,,,,,,,,,,,,,,,,,,,,,,,,,,,,,,,,,,,,,,,,,,,,,,,,,,,,,,,,,,,,,,,,,-0.1,0.129,0.116,0.059,-0.031,0.069,-0.133,-0.04,-0.035,-0.108,0.148,0.167,-0.145,-0.034,,,,,,,,,,,,,,,,,,,,,,,,,,,,,0.182,-0.139,-0.151,0.448,0.203,0.179,-0.069,-0.046,-0.09,-0.056,-0.026,0.039,0.172,0.069,-0.05,-0.115,0.448,-0.046,0.071,-0.079,0.127,-0.037,-0.151,-0.069,0.039,-0.115,-0.026,-0.05,0.063,0.063,-0.139,0.179,0.109,0.206,-0.059,0.179,0.182,0.203,-0.056,0.069,-0.09,0.172,0.017,-0.48,0.017,-0.48,-0.023,-0.017,-0.047,0,0,0,0,-0.001,-0.001,0.001,0.001,-0.029,0.007,0.004,0.001,-0.021,-0.029,-0.001,0.004,0.352,-0.021,0.001,-0.038,-0.072,-0.018,0.005,-0.005,0,0,0.065,0.281,0,0,-0.002,0.064,0.002,0.149,0.002,0.149,0,0,-0.003,0.379,-0.004,0.379,-0.001,0.358,0,0,0.322,0,0,0,0,0,0,0,0.03,-0.048,0.109,0.195,0.01,0.027,0.08,0.013,0.037,0.013,-0.032,0.012,0.001,0.033,0.013,0.015,0.013,-0.024,,,,,,0.017,0.003,0.006,0.017,0.017,-0.104,0,0,0,0,0,0,0,0,0,0.004,0.03,0.011,0,0,0,0,,,,,,,,,0,0,0,0,,,,,,,,,,,,,,,,,,,,,,,,,,,,,,,,,,,,,,,,,,,,,,,,,,,,,,,,,,,,,,,,,,,,,,,,,,,,,,,,,,,,,,0
609,0.023,-0.086,0.385,0.366,0.161,0.116,-0.015,0.048,-0.056,0.067,-0.175,-0.175,-0.135,0.017,0.087,-0.067,0.108,-0.137,0.001,0,0.11,-0.259,-0.013,,,,,,,,,,-0.003,0.041,,,,,,-0.164,-0.047,0.051,-0.157,0,0.001,0.001,-0.097,0.005,0.049,0,-0.007,-0.106,-0.008,-0.06,-0.068,0,-0.001,,,,,,,,,,,,,,,,,,,,,,,,,,,,,,,,,,,,,,,,,,,,,,,,,,,,,,,,,,,,,,,,,,,,,,,,,,,,,,,,,,,,,,,,,,,,,,,,,,,,,,,,,,,,,,,,,,,,,,,,,,,,,,,,,,,,,,,,,,,,,,,,,,,,,,,,,,,,,,,,,,,,,,,,,,,,,,,,,,,,,,,,,,,,,,,,,,,,,,,,,,,,,,,,,,,,,,,,,,,,,,,,,,,,,,,,,,,,,,,,,,,,,,,,,,,,,,,,,,,,,,,,,,,,,,,,,,,,,,,,,,,,,,,,,,,,,,,,,,,,,,,,,,,,,,,,,,,,,,,,,,,,,,,,,,,,,,,,,,,,,,,,,,,,,,,,,,,,,,,,,,,,,,,,,,,,,,,,,,,,,,,,,,,,,,,,,,,,,,,,,,,,,,,,,,,,,,,,,,,,,,,,,,,,,,,,,,,,,,,,,,,,,,,,,,,,,,,,,,,,,,,,,,,,,,,,,,,,,,,,,,,,,,,,,,,,,,,,,,,,,,,,,,,,,,,,,,,,,,,,,,,,,,,,,,,,,,,,,,,,,,,,,,,,,,,,,,,,,,,,,,,,,,,,,,,,,,,,,,,,,,,,,,,,,,,,,,,,,,,,,,,,,,,,,,,,,,,,,,,,,,,,,,,,,,,,,,,,,,,,,,,,,,,,,,,,,,,,,,,,,,,,,,,0.093,0.005,0.22,0.26,-0.07,-0.079,-0.012,0.025,0.178,0.18,-0.092,-0.063,-0.096,-0.088,0.25,0.218,0.26,0.025,-0.108,-0.015,0.409,0.028,0.22,-0.012,-0.063,0.218,-0.092,0.25,-0.702,-0.702,0.005,-0.079,0.083,-0.071,-0.009,-0.079,0.093,-0.07,0.18,-0.088,0.178,-0.096,-0.183,0.52,-0.183,0.52,0.029,0.031,0.122,0,0,0,0,-0.003,-0.003,0,-0.001,-0.056,-0.125,-0.001,0,0.119,-0.056,0.001,-0.001,0.095,0.119,,,,,,,,,,,,,,,,,,,,,,,,,,,,,,,,,0,0,0,0,-0.4,-0.185,0.093,0.363,0.017,0.03,-0.006,0.013,-0.003,0.013,-0.015,0.015,0.044,-0.051,0.013,-0.023,0.013,-0.03,-0.001,0,0.028,0,,0.017,0.008,-0.198,0.017,0.017,0.01,0,0,0,0,0,0,0,0,,,,,,,,,0.108,-0.085,0.108,-0.085,0,0,0,0,0,0,0,0,,,,,,,,,,,,,,,,,,,,,,,,,,,,,,,,,,,,,,,,,,,,,,,,,,,,,,,,,,,,,,,,,,,,,,,,,,,,,,,,,,,,,,0
610,0.043,0.048,0.33,0.294,-0.143,-0.021,0.008,0.088,0.138,-0.014,-0.106,-0.106,0.098,0.115,,,,,,,,,,0.009,0.037,0.049,-0.341,0.002,0,0.019,-0.044,0.006,0.013,0.011,,,0.164,-0.274,0.096,,,,-0.157,0,0.001,,,,,,,,,,,,,,,,,,,,,,,,,-0.024,-0.02,-0.011,-0.047,0.088,0.09,-0.012,0.054,-0.093,-0.046,0.133,-0.091,,,,,,,,,,,,,,,,,,,,,,,,,,,,,,,,,,,,,,,,,,,,,,,,,,,,,,,,,,,,,,,,,,,,,,,,,,,,,,,,,,,,,,,,,,,,,,,,,,,,,,,,,,,,,,,,,,,,,,,,,,,,,,,,,,,,,,,,,,,,,,,,,,,,,,,,,,,,,,,,,,,,,,,,,,,,,,,,,,,,,,,,,,,,,,,,,,,,,,,,,,,,,,,,,,,,,,,,,,,,,,,,,,,,,,,,,,,,,,,,,,,,,,,,,,,,,,,,,,,,,,,,,,,,,,,,,,,,,,,,,,,,,,,,,,,,,,,,,,,,,,,,,,,,,,,,,,,,,,,,,,,,,,,,,,,,,,,,,,,,,,,,,,,,,,,,,,,,,,,,,,,,,,,,,,,,,,,,,,,,,,,,,,,,,,,,,,,,,,,,,,,,,,,,,,,,,,,,,,,,,,,,,,,,,,,,,,,,,,,,,,,,,,,,,,,,,,,,,,,,,,,,,,,,,,,,,,,,,,,,,,,,,,,,,,,,,,,,,,,,,,,,,,,,,,,,,,,,,,,,,,,,,,,,,,,,,,,,,,,,,,,,,,,,,,,,,,,,,,,,,,,,,,,,,,,,,,,,,,,,,,,,,,,,,,,,,,,,,,,,,,,,,,,,,,,,,,,,,,,,,,,,,,,,,,,,,,,,,,,,,,,-0.014,0.134,0.019,-0.029,0.033,0.023,0.214,0.135,0.079,0.084,0.028,-0.024,-0.226,0.137,-0.05,-0.115,-0.029,0.135,0.171,0.208,-0.158,0.144,0.019,0.214,-0.024,-0.115,0.028,-0.05,0.101,0.101,0.134,0.023,0.053,0.033,0.035,0.023,-0.014,0.033,0.084,0.137,0.079,-0.226,-0.04,0.52,-0.04,0.52,0.01,0.007,0.027,0,0,0,0,-0.007,-0.007,0.003,-0.001,-0.002,-0.072,0.007,0.003,0.119,-0.002,-0.021,0.007,-0.033,0.119,0.003,-0.011,0.149,0.073,0.007,0.135,0,0,0.01,-0.054,0,0,0.001,-0.066,0.005,-0.05,0.005,-0.05,0,0,0.005,-0.042,0.004,-0.042,-0.021,-0.028,0,0,-0.145,0.015,0,0,0,0,0,0,0.05,-0.141,-0.186,-0.143,0.008,-0.021,0.045,0.013,0.019,0.013,0.011,0.012,0.032,0.041,0.013,0.017,0.013,-0.056,,,,,,-0.074,-0.072,0.122,-0.074,-0.074,0.01,0,0,0,0,0,0,0,0,0,0.052,-0.082,0.133,0,0,0,0,,,,,,,,,0,0,0,0,,,,,,,,,,,,,,,,,,,,,,,,,,,,,,,,,,,,,,,,,,,,,,,,,,,,,,,,,,,,,,,,,,,,,,,,,,,,,,,,,,,,,,0
612,-0.01,-0.064,-0.161,-0.179,0.074,-0.066,-0.007,0.008,-0.22,-0.099,0.208,0.208,0.013,-0.202,-0.013,-0.064,0.008,-0.185,0.003,0,0.01,-0.255,0.004,,,,,,,,,,-0.109,-0.006,,,-0.336,0.492,-0.096,,,,-0.157,0,0.001,,,,,,,,,,,,,,,,,,,,,,,,,-0.069,-0.131,-0.008,0.1,-0.012,0.021,0.126,0.093,-0.067,0.094,0.083,-0.004,,,,,,,,,,,,,,,,,,,,,,,,,,,,,,,,,,,,,,,,,,,,,,,,,,,,,,,,,,,,,,,,,,,,,,,,,,,,,,,,,,,,,,,,,,,,,,,,,,,,,,,,,,,,,,,,,,,,,,,,,,,,,,,,,,,,,,,,,,,,,,,,,,,,,,,,,,,,,,,,,,,,,,,,,,,,,,,,,,,,,,,,,,,,,,,,,,,,,,,,,,,,,,,,,,,,,,,,,,,,,,,,,,,,,,,,,,,,,,,,,,,,,,,,,,,,,,,,,,,,,,,,,,,,,,,,,,,,,,,,,,,,,,,,,,,,,,,,,,,,,,,,,,,,,,,,,,,,,,,,,,,,,,,,,,,,,,,,,,,,,,,,,,,,,,,,,,,,,,,,,,,,,,,,,,,,,,,,,,,,,,,,,,,,,,,,,,,,,,,,,,,,,,,,,,,,,,,,,,,,,,,,,,,,,,,,,,,,,,,,,,,,,,,,,,,,,,,,,,,,,,,,,,,,,,,,,,,,,,,,,,,,,,,,,,,,,,,,,,,,,,,,,,,,,,,,,,,,,,,,,,,,,,,,,,,,,,,,,,,,,,,,,,,,,,,,,,,,,,,,,,,,,,,,,,,,,,,,,,,,,,,,,,,,,,,,,,,,,,,,,,,,,,,,,,,,,,,,,,,,,,,,,,,,,,,,,,,,,,,,,,,-0.102,0.063,-0.216,-0.163,-0.052,-0.052,0.076,-0.02,0.244,0.219,-0.094,-0.065,0.033,0.08,-0.017,-0.115,-0.163,-0.02,0.033,0.068,-0.237,-0.011,-0.216,0.076,-0.065,-0.115,-0.094,-0.017,0.037,0.037,0.063,-0.052,0.028,-0.053,0.01,-0.052,-0.102,-0.052,0.219,0.08,0.244,0.033,0.36,0.52,0.36,0.52,0.058,0.034,0.067,0,0,0,0,-0.006,-0.006,0.002,-0.001,-0.083,-0.046,0.005,0.002,-0.041,-0.083,0,0.005,0.082,-0.041,,,,,,,,,,,,,,,,,,,,,,,,,,,,,,,,,0,0,0,0,0.133,-0.008,0.116,-0.017,0.013,0.002,0.001,0.013,0.001,0.013,-0.009,0.015,0.001,-0.077,0.013,-0.035,0.013,-0.001,,,,,,0.017,0.017,-0.201,0.017,0.017,0.026,0,0,0,0,0,0,0,0,,,,,,,,,0.008,-0.069,0.008,-0.069,0,0,0,0.006,0,0,0,0,,,,,,,,,,,,,,,,,,,,,,,,,,,,,,,,,,,,,,,,,,,,,,,,,,,,,,,,,,,,,,,,,,,,,,,,,,,,,,,,,,,,,,0
613,0.03,0.048,0.33,0.312,0.031,0.116,0.015,0.088,-0.016,-0.024,-0.088,-0.088,0.142,-0.075,0.087,0.157,0.108,0.087,0.002,0,0.11,-0.08,-0.044,,,,,,,,,,0.058,0.006,,,0.164,-0.322,-0.131,,,,-0.157,0,0.001,,,,,,,,,,,,,-0.012,0.032,-0.015,-0.006,-0.001,0.005,-0.012,-0.029,0.028,0,0,0.001,,,,,,,,,,,,,,,,,,,,,,,,,,,,,,,,,,,,,,,,,,,,,,,,,,,,,,,,,,,,,,,,,,,,,,,,,,,,,,,,,,,,,,,,,,,,,,,,,,,,,,,,,,,,,,,,,,,,,,,,,,,,,,,,,,,,,,,,,,,,,,,,,,,,,,,,,,,,,,,,,,,,,,,,,,,,,,,,,,,,,,,,,,,,,,,,,,,,,,,,,,,,,,,,,,,,,,,,,,,,,,,,,,,,,,,,,,,,,,,,,,,,,,,,,,,,,,,,,,,,,,,,,,,,,,,,,,,,,,,,,,,,,,,,,,,,,,,,,,,,,,,,,,,,,,,,,,,,,,,,,,,,,,,,,,,,,,,,,,,,,,,,,,,,,,,,,,,,,,,,,,,,,,,,,,,,,,,,,,,,,,,,,,,,,,,,,,,,,,,,,,,,,,,,,,,,,,,,,,,,,,,,,,,,,,,,,,,,,,,,,,,,,,,,,,,,,,,,,,,,,,,,,,,,,,,,,,,,,,,,,,,,,,,,,,,,,,,,,,,,,,,,,,,,,,,,,,,,,,,,,,,,,,,,,,,,,,,,,,,,,,,,,,,,,,,,,,,,,,,,,,,,,,,,,,,,,,,,,,,,,,,,,,,,,,,,,,,,,,,,,,,,,,,,,,,,,,,,,,,,,,,,,,,0.093,-0.094,0.029,-0.026,-0.03,-0.233,0.039,0.02,-0.035,-0.052,0.012,-0.027,0.061,-0.038,,,,,,,,,,,,,,,-0.084,0.185,-0.151,-0.207,-0.009,0.012,-0.006,-0.04,-0.142,-0.132,0.094,0.058,0.113,0.181,-0.117,-0.115,-0.207,-0.04,0.071,-0.015,-0.263,-0.031,-0.151,-0.006,0.058,-0.115,0.094,-0.117,0.063,0.063,0.185,0.012,-0.157,-0.009,0.053,0.012,-0.084,-0.009,-0.132,0.181,-0.142,0.113,0.017,-0.48,0.017,-0.48,0.02,0.015,0.063,0,0,0,0,-0.008,-0.008,0.004,0,0.025,0.033,-0.007,0.004,0.139,0.025,-0.012,-0.007,0.073,0.139,0.004,0.016,0.141,0.104,-0.006,0.155,0,0,0.023,0.115,0,0,-0.006,0.08,-0.002,0.077,-0.002,0.077,0,0,-0.013,0.094,-0.014,0.094,-0.012,0.078,0,0,-0.128,-0.003,0,0,0,0,0,0,0.155,0.297,-0.21,-0.138,0.016,0.053,-0.005,0.013,-0.003,0.013,-0.032,0.015,0.041,-0.02,0.013,-0.007,0.013,-0.001,,,,,,-0.029,-0.048,-0.037,-0.029,-0.029,0.035,0,0,0,0,0,0,0,0,,,,,,,,,-0.092,0.176,-0.092,0.176,0,0,0,0,0,0,0,0,,,,,,,,,,,,,,,,,,,,,,,,,,,,,,,,,,,,,,,,,,,,,,,,,,,,,,,,,,,,,,,,,,,,,,,,,,,,,,,,,,,,,,0
614,,,,,,,,,,,,,,,,,,,,,,,,,,,,,,,,,,,,,,,,,,,,,,,,,,,,,,,,,,,,,,,,,,,,,,,,,,,,,,,,,,,,,,,,,,,,,,,,,,,,,,,,,,,,,,,,,,,,,,,,,,,,,,,,,,,,,,,,,,,,,,,,,,,,,,,,,,,,,,,,,,,,,,,,,,,,,,,,,,,,,,,,,,,,,,,,,,,,,,,,,,,,,,,,,,,,,,,,,,,,,,,,,,,,,,,,,,,,,,,,,,,,,,,,,,,,,,,,,,,,,,,,,,,,,,,,,,,,,,,,,,,,,,,,,,,,,,,,,,,,,,,,,,,,,,,,,,,,,,,,,,,,,0.065,-0.05,-0.002,-0.048,0.054,0.006,0.005,-0.039,-0.166,0.158,0.147,0.218,-0.177,0.012,-0.141,-0.001,-0.022,0.047,-0.078,0.006,0.007,0.067,0.32,-0.015,-0.012,-0.114,0.003,-0.062,0.041,,,,,,,,,,,,,,,,0.298,-0.001,-0.003,0.062,0.006,0.052,0.001,0.03,0.003,,,,,,,,,,-0.212,0.081,-0.166,-0.177,-0.039,0,-0.206,-0.147,-0.03,-0.208,0.021,,,,,,,,,,,,,,,,,,,,,,,,,,,,,,,,,,,,,,,,,,,,,,,,,,,,,,,,,,,,,,,,,,,,,,,,,,,,,,,,,,,,,,,,,,,,,,,,,,,,,,,,,,,,,,,,,,,,,,,,,,,,,,,,,,,,,,,,,,,,,,,,,,,,,,,,,,,,,,,,,,,,,,,,,,,,,,,,,,,,,,,,,,,,,,,,,,,,,,,,,,,,,,,,,,,,,,,,,,,,,,,,,,,,,,,,,,,,,,,,,,,,,,,,,,,,,,,,,,,,,,,,,,,,,,,,,,,,,,,,,,,,,0.324,0.038,-0.157,-0.097,-0.031,0.093,0.12,0.053,-0.035,0.052,-0.074,0.124,0.032,-0.034,,,,,,,,,,,,,,,,,,,,,,,,,,,,,-0.014,0.026,0.183,-0.193,-0.001,0.002,0.013,0.07,0.079,0.084,-0.257,-0.28,-0.132,-0.257,0.017,-0.115,-0.193,0.07,-0.381,0.03,0.387,0.054,0.183,0.013,-0.28,-0.115,-0.257,0.017,0.057,0.057,0.026,0.002,0.053,-0.001,-0.002,0.002,-0.014,-0.001,0.084,-0.257,0.079,-0.132,-0.04,0.52,-0.04,0.52,-0.004,-0.005,-0.012,0,0,0,0.002,0.014,0.014,-0.003,-0.002,-0.029,0.059,-0.004,-0.003,0.099,-0.029,-0.001,-0.004,0.15,0.099,-0.003,-0.038,0.065,0.104,-0.003,0.115,0,0,0.055,0.024,0,0,-0.002,0.001,0.002,-0.003,0.002,-0.003,0,0,-0.004,0.138,-0.005,0.137,-0.002,0.156,0,0,0.077,0.003,0,0,0,0,0,0,-0.209,-0.138,-0.05,-0.118,0.014,0.027,0.101,0.013,0.045,0.013,-0.025,0.015,0.089,-0.011,0.013,-0.003,0.013,-0.049,,,,,,-0.119,-0.109,0.017,-0.119,-0.119,-0.022,0,0,0,0,0,0,0,0,,,,,,,,,-0.092,0.069,-0.092,0.069,0,0,0,0,0,0,0,0,,,,,,,,,,,,,,,,,,,,,,,,,,,,,,,,,,,,,,,,,,,,,,,,,,,,,,,,,,,,,,,,,,,,,,,,,,,,,,,,,,,,,,0
616,0.016,0.086,0.312,0.294,-0.056,-0.248,0.015,0.008,-0.026,-0.163,0.242,0.242,0.006,-0.167,-0.013,-0.074,-0.092,0.475,-0.002,0,0.01,-0.148,0.062,,,,,,,,,,,,0.25,-0.022,0.164,-0.306,-0.117,,,,-0.157,0,0.001,-0.012,-0.033,-0.025,0.049,-0.002,-0.031,0.122,-0.007,0.184,0.099,0,0.004,,,,,,,,,,,,,,,,,,,,,,,,,,,,,,,,,,,,,,,,,,,,,,,,,,,,,,,,,,,,,,,,,,,,,,,,,,,,,,,,,,,,,,,,,,,,,,,,,,,,,,,,,,,,,,,,,,,,,,,,,,,,,,,,,,,,,,,,,,,,,,,,,,,,,,,,,,,,,,,,,,,,,,,,,,,,,,,,,,,,,,,,,,,,,,,,,,,,,,,,,,,,,,,,,,,,,,,,,,,,,,,,,,,,,,,,,,,,,,,,,,,,,,,,,,,,,,,,,,,,,,,,,,,,,,,,,,,,,,,,,,,,,,,,,,,,,,,,,,,,,,,,,,,,,,,,,,,,,,,,,,,,,,,,,,,,,,,,,,,,,,,,,,,,,,,,,,,,,,,,,,,,,,,,,,,,,,,,,,,,,,,,,,,,,,,,,,,,,,,,,,,,,,,,,,,,,,,,,,,,,,,,,,,,,,,,,,,,,,,,,,,,,,,,,,,,,,,,,,,,,,,,,,,,,,,,,,,,,,,,,,,,,,,,,,,,,,,,,,,,,,,,,,,,,,,,,,,,,,,,,,,,,,,,,,,,,,,,,,,,,,,,,,,,,,,,,,,,,,,,,,,,,,,,,,,,,,,,,,,,,,,,,,,,,,,,,,,,,,,,,,,,,,,,,,,,,,,,,,,,,,,,,,,,,,,,,,,,,,,,,,,,,,,,,,,,,,,,,,,,,,,,,,,0.049,-0.139,0.011,0.177,0.078,0.06,0.044,-0.007,-0.168,-0.157,0.127,0.108,0.207,0.35,-0.05,-0.115,0.177,-0.007,0.167,0.036,-0.034,0.002,0.011,0.044,0.108,-0.115,0.127,-0.05,0.104,0.104,-0.139,0.06,0.071,0.079,-0.059,0.061,0.049,0.078,-0.157,0.35,-0.168,0.207,0.017,-0.48,0.017,-0.48,-0.033,-0.028,-0.094,0,0,0,0,0.001,0.001,0.006,0.001,0.106,0.243,-0.004,0.006,-0.161,0.106,0.028,-0.004,0.077,-0.161,0.006,0.097,-0.15,-0.018,-0.004,-0.145,0,0,0.055,0.021,0,0,0.008,-0.081,-0.009,-0.078,-0.01,-0.078,0,0,-0.004,0.103,-0.005,0.102,0.028,0.082,0,0,0.198,-0.004,0,0,0,0,0,0,-0.028,-0.012,0.084,0.11,0.013,-0.004,-0.032,0.013,-0.015,0.013,0.018,0.008,-0.075,-0.08,0.013,-0.037,0.013,0.057,,,,,-0.019,-0.165,-0.155,-0.333,-0.165,-0.165,-0.136,0,0,0,0,0,0,0,0,,,,,,,,,0.108,-0.034,0.108,-0.034,0,0,0,0,0,0,0,0,,,,,,,,,,,,,,,,,,,,,,,,,,,,,,,,,,,,,,,,,,,,,,,,,,,,,,,,,,,,,,,,,,,,,,,,,,,,,,,,,,,,,,0
618,,,,,,,,,,,,,,,,,,,,,,,,,,,,,,,,,,,,,,,,,,,,,,,,,,,,,,,,,,,,,,,,,,,,,,,,,,,,,,,,,,,,,,,,,,,,,,,,,,,,,,,,,,,,,,,,,,,,,,,,,,,,,,,,,,,,,,,,,,,,,,,,,,,,,,,,,,,,,,,,,,,,,,,,,,,,,,,,,,,,,,,,,,,,,,,,,,,,,,,,,,,,,,,,,,,,,,,,,,,,,,,,,,,,,,,,,,,,,,,,,,,,,,,,,,,,,,,,,,,,,,,,,,,,,,,,,,,,,,,,,,,,,,,,,,,,,,,,,,,,,,,,,,,,,,,,,,,,,,,,,,,,,0.026,0.173,0.089,-0.02,0.121,-0.007,0.011,0.097,0.01,0.027,0.03,0.064,0.025,-0.036,0.062,0,-0.002,-0.008,0.092,0.007,0.007,-0.032,-0.432,-0.002,0.001,-0.13,0.003,-0.246,-0.021,,,,,,,,,,,,,,,,,,,,,,,,,-0.425,0.007,0.225,0.128,0.332,0.39,0.047,0.06,-0.333,-0.03,-0.087,0.01,0.025,0.097,0,0.277,0.251,-0.165,-0.032,0.04,,,,,,,,,,,,,,,,,,,,,,,,,,,,,,,,,,,,,,,,,,,,,,,,,,,,,,,,,,,,,,,,,,,,,,,,,,,,,,,,,,,,,,,,,,,,,,,,,,,,,,,,,,,,,,,,,,,,,,,,,,,,,,,,,,,,,,,,,,,,,,,,,,,,,,,,,,,,,,,,,,,,,,,,,,,,,,,,,,,,,,,,,,,,,,,,,,,,,,,,,,,,,,,,,,,,,,,,,,,,,,,,,,,,,,,,,,,,,,,,,,,,,,,,,,,,,,,,,,,,,,,,,,,,,,,,,,,,,,,,,,,,,-0.015,-0.051,-0.035,-0.125,-0.031,-0.118,0.317,0.05,-0.035,0.069,-0.035,-0.026,0.068,-0.034,,,,,,,,,,,,,,,,,,,,,,,,,,,,,-0.28,-0.082,-0.147,0.023,-0.052,-0.039,0.069,0.032,0.079,0.008,-0.198,-0.147,-0.191,-0.257,-0.017,-0.115,0.023,0.032,0.073,0.061,-0.127,0.041,-0.147,0.069,-0.147,-0.115,-0.198,-0.017,0.057,0.057,-0.082,-0.039,-0.289,-0.053,-0.039,-0.039,-0.28,-0.052,0.008,-0.257,0.079,-0.191,-0.04,0.52,-0.04,0.52,-0.023,-0.013,-0.027,0,0,0,0,0.025,0.025,0.006,-0.002,-0.137,0.27,0.004,0.006,-0.021,-0.137,-0.001,0.004,-0.093,-0.021,0.006,-0.146,0.129,-0.108,0.004,-0.005,0,0,-0.012,0.024,0,0,-0.002,-0.022,0.002,0,0.002,0,0,0,-0.004,-0.086,-0.005,-0.086,-0.002,-0.087,0,0,-0.106,-0.003,0,0,0,0,0,0,-0.057,-0.174,0.076,-0.01,0.01,-0.004,0.016,0.013,0.007,0.013,0.018,0.012,-0.007,0.022,0.013,0.011,0.013,0.05,,,,,,-0.074,-0.08,0.015,-0.074,-0.074,0.01,0,0,0,0,0,0,0,0,0,0.015,-0.082,0.038,0,0,0,0,,,,,,,,,0,0,0,0,,,,,,,,,,,,,,,,,,,,,,,,,,,,,,,,,,,,,,,,,,,,,,,,,,,,,,,,,,,,,,,,,,,,,,,,,,,,,,,,,,,,,,0
620,-0.029,-0.101,-0.033,0.003,-0.056,0.116,0.008,0.088,-0.092,0.131,-0.248,-0.248,0.101,-0.214,-0.013,-0.208,-0.092,0.048,-0.001,0,-0.09,0.537,0.065,,,,,,,,,,,,0.192,-0.119,-0.336,0.671,-0.113,,,,0.343,0,0.001,,,,,,,,,,,,,,,,,,,,,,,,,0.076,0.077,0,-0.137,-0.112,-0.09,0.026,-0.117,0.064,0.06,-0.125,-0.061,,,,,,,,,,,,,,,,,,,,,,,,,,,,,,,,,,,,,,,,,,,,,,,,,,,,,,,,,,,,,,,,,,,,,,,,,,,,,,,,,,,,,,,,,,,,,,,,,,,,,,,,,,,,,,,,,,,,,,,,,,,,,,,,,,,,,,,,,,,,,,,,,,,,,,,,,,,,,,,,,,,,,,,,,,,,,,,,,,,,,,,,,,,,,,,,,,,,,,,,,,,,,,,,,,,,,,,,,,,,,,,,,,,,,,,,,,,,,,,,,,,,,,,,,,,,,,,,,,,,,,,,,,,,,,,,,,,,,,,,,,,,,,,,,,,,,,,,,,,,,,,,,,,,,,,,,,,,,,,,,,,,,,,,,,,,,,,,,,,,,,,,,,,,,,,,,,,,,,,,,,,,,,,,,,,,,,,,,,,,,,,,,,,,,,,,,,,,,,,,,,,,,,,,,,,,,,,,,,,,,,,,,,,,,,,,,,,,,,,,,,,,,,,,,,,,,,,,,,,,,,,,,,,,,,,,,,,,,,,,,,,,,,,,,,,,,,,,,,,,,,,,,,,,,,,,,,,,,,,,,,,,,,,,,,,,,,,,,,,,,,,,,,,,,,,,,,,,,,,,,,,,,,,,,,,,,,,,,,,,,,,,,,,,,,,,,,,,,,,,,,,,,,,,,,,,,,,,,,,,,,,,,,,,,,,,,,,,,,,,,,,,,,,,,,,,,,,,,,,,,,,,,,,,,,,,,,,,,,,,,,,,,,,,,,,,,,,,,,,,,,,,,,,,,,,,,,,,,,,,,,,,,,,,,,,,,,,,,,,,,,,,,,,,,,,,,,,,,,,,,,,,,,,,,,,,,,,,,,,,,,,,,,,,,,,,,,,,,,,,,,,,,,0,0,0,0,-0.001,-0.011,-0.098,-0.011,0,0,0,0,0,0,-0.001,0,0.026,0.135,0.032,0.041,-0.235,0.024,-0.039,0.047,0.032,0.002,,,,,,,,,0,0,0,0,0.097,-0.054,0.111,-0.044,-0.266,0,0,0,0,-0.084,0.003,-0.088,-0.001,-0.136,-0.155,-0.088,0,0,0,0,0.48,0.048,-0.018,0,0,0,,,,,,,,0.069,-0.099,0,0,0,0,0.25,0,0,0,0,0
621,0.03,0.004,0.003,-0.052,-0.013,0.161,-0.007,0.008,-0.036,0.035,-0.305,-0.305,-0.007,-0.044,,,,,,,,,,0.009,0.491,0.049,0.387,-0.002,0,0.019,0.238,-0.083,,,-0.052,-0.178,,,,0.336,-0.492,-0.023,0.343,0,0.001,,,,,,,,,,,,,-0.028,-0.061,0.026,0.003,-0.039,-0.029,-0.035,-0.035,-0.031,-0.002,0,0.001,,,,,,,,,,,,,,,,,,,,,,,,,,,,,,,,,,,,,,,,,,,,,,,,,,,,,,,,,,,,,,,,,,,,,,,,,,,,,,,,,,,,,,,,,,,,,,,,,,,,,,,,,,,,,,,,,,,,,,,,,,,,,,,,,,,,,,,,,,,,,,,,,,,,,,,,,,,,,,,,,,,,,,,,,,,,,,,,,,,,,,,,,,,,,,,,,,,,,,,,,,,,,,,,,,,,,,,,,,,,,,,,,,,,,,,,,,,,,,,,,,,,,,,,,,,,,,,,,,,,,,,,,,,,,,,,,,,,,,,,,,,,,,,,,,,,,,,,,,,,,,,,,,,,,,,,,,,,,,,,,,,,,,,,,,,,,,,,,,,,,,,,,,,,,,,,,,,,,,,,,,,,,,,,,,,,,,,,,,,,,,,,,,,,,,,,,,,,,,,,,,,,,,,,,,,,,,,,,,,,,,,,,,,,,,,,,,,,,,,,,,,,,,,,,,,,,,,,,,,,,,,,,,,,,,,,,,,,,,,,,,,,,,,,,,,,,,,,,,,,,,,,,,,,,,,,,,,,,,,,,,,,,,,,,,,,,,,,,,,,,,,,,,,,,,,,,,,,,,,,,,,,,,,,,,,,,,,,,,,,,,,,,,,,,,,,,,,,,,,,,,,,,,,,,,,,,,,,,,,,,,,,,,,,,,,,,,,,,,,,,,,,,,,,,,,,,,,-0.216,0.185,0.072,0.121,0.17,0.176,-0.044,0.019,0.014,0.02,0.114,0.115,0.207,-0.212,-0.083,0.218,0.121,0.019,-0.192,-0.021,0.323,-0.005,0.072,-0.044,0.115,0.218,0.114,-0.083,0.063,0.063,0.185,0.176,-0.005,0.172,0.053,0.176,-0.216,0.17,0.02,-0.212,0.014,0.207,0.017,-0.48,0.017,-0.48,-0.028,-0.02,-0.047,0,0,0,0,-0.001,-0.001,0,-0.003,-0.002,0.033,0.002,0,-0.241,-0.002,-0.011,0.002,0.132,-0.241,0,-0.011,-0.096,0.043,0.002,-0.225,0,0,0.004,0.112,0,0,0.005,0.139,-0.002,0.108,-0.002,0.108,0,0,-0.012,0.12,-0.013,0.12,-0.011,0.137,0,0,-0.004,-0.001,0,0,0,0,0,0,-0.033,-0.135,-0.031,-0.017,0.01,-0.041,0.021,0.013,0.009,0.013,0.038,0.012,-0.013,-0.004,0.013,-0.001,0.013,0.025,,,,,,0.062,0.055,-0.128,0.062,0.062,-0.055,0,0,0,0,0,0,0,0,,,,,,,,,0.108,0.254,0.108,0.254,0,0,0,0,0,0,0,0,,,,,,,,,,,,,,,,,,,,,,,,,,,,,,,,,,,,,,,,,,,,,,,,,,,,,,,,,,,,,,,,,,,,,,,,,,,,,,,,,,,,,,0
625,,,,,,,,,,,,,,,,,,,,,,,,,,,,,,,,,,,,,,,,,,,,,,,,,,,,,,,,,,,,,,,,,,,,,,,,,,,,,,,,,,0.065,0.054,-0.072,-0.119,-0.053,-0.077,-0.014,-0.072,-0.024,-0.029,0.176,0.176,0.135,-0.139,0.033,-0.351,-0.034,0.303,0.004,0,-0.069,0.284,-0.038,,,,,,,,,,-0.138,0.006,,,,,,-0.044,0.332,-0.063,-0.197,0,0,,,,,,,,,,,,,,,0.05,-0.015,0.007,0.013,-0.911,-0.903,-0.588,0.008,0.109,-0.8,0.286,-0.555,-0.431,-0.985,-0.04,0.145,-0.047,0.002,-0.148,-0.167,0.035,0.018,0.173,-0.021,-0.121,0.054,-0.09,-0.206,,,,,,,,,,,,,,,,,,,,,,,,,,,,,,,,,,,,,,,,,,,,,,,,,,,,,,,,,,,,,,,,,,,,,,,,,,,,,,,,,,,,,,,,,,,,,,,,,,,,,,,,,,,,,,,,,,,,,,,,,,,,,,,,,,,,,,,,,,,,,,,,,,,,,,,,,,,,,,,,,,,,,,,,,,,,,,,,,,,,,,,,,,,,,,,,,,,,,,,,,,,,,,,,,,,,,,,,,,,,,,,,,,,,,,,,,,,,,,,,,,,,,,,,,,,,,,,,,,,,,,,,,,,,,,,,,,,,,,,,,,,,,,,,,,,,,,,,,,,,,,,,,,,,,,,,,,,,,,,,,,,,,,,,,,,,,,,,,,,,,,,,,,,,,,,,,,,,,,,,,,,,,,,,,,,,,,,,,,,,,,,,,,,,,,,,,,,,,,,,,,,,,,,,,,,,,,,,,,,,,,,,,,,,,,,,,,,,,,,,,,,,,,,,,,,,,,,,,,,,,,,,,,,,,,,,,,,,,,,,,,,,,,,,,,,,,,,,,,,,,,,,,,,,,,,,,,,,,,,,,,,,,,,,,,,,,,,,,,,,,,,,,,,,,,,,,,,,0.095,0.114,0.344,0.385,-0.019,-0.042,0.12,0.181,0.075,0.029,0.006,0.031,0.009,0.024,0.083,-0.115,0.385,0.181,-0.033,0.138,0.481,0.164,0.344,0.12,0.031,-0.115,0.006,0.083,0.037,0.037,0.114,-0.042,0.084,-0.019,0.028,-0.041,0.095,-0.019,0.029,0.024,0.075,0.009,0.417,0.52,0.417,0.52,0.034,0.027,0.09,0,0,0,0,-0.002,-0.002,0.003,-0.002,-0.083,0.086,-0.003,0.003,0.159,-0.083,-0.008,-0.003,0.109,0.159,,,,,,,,,,,,,,,,,,,,,,,,,,,,,,,,,0,0,0,0,0.162,0.14,0.107,0.03,0.012,-0.001,0.073,0.013,0.033,0.013,0.031,0.011,0.004,0.022,0.013,0.009,0.013,0.005,,,,,,0.017,-0.007,-0.328,0.017,0.017,0.035,0,0,0,0,0,0,0,0,0,-0.017,0.03,-0.043,0,0,0,0,,,,,,,,,0,0,0,0,,,,,,,,,,,,,,,,,,,,,,,,,,,,,,,,,,,,,,,,,,,,,,,,,,,,,,,,,,,,,,,,,,,,,,,,,,,,,,,,,,,,,,0
629,-0.049,-0.034,-0.361,-0.379,0.118,0.116,-0.015,-0.072,-0.072,0.019,0.038,0.038,-0.194,0.089,-0.013,-0.151,0.008,-0.218,0.003,0,-0.09,0.294,-0.071,,,,,,,,,,,,0.2,-0.143,0.164,0.624,0.185,,,,0.343,0,0.001,,,,,,,,,,,,,0.006,0.003,0.003,-0.001,0.038,0.032,0.028,-0.007,0.111,0.001,0,0.002,,,,,,,,,,,,,,,,,,,,,,,,,,,,,,,,,,,,,,,,,,,,,,,,,,,,,,,,,,,,,,,,,,,,,,,,,,,,,,,,,,,,,,,,,,,,,,,,,,,,,,,,,,,,,,,,,,,,,,,,,,,,,,,,,,,,,,,,,,,,,,,,,,,,,,,,,,,,,,,,,,,,,,,,,,,,,,,,,,,,,,,,,,,,,,,,,,,,,,,,,,,,,,,,,,,,,,,,,,,,,,,,,,,,,,,,,,,,,,,,,,,,,,,,,,,,,,,,,,,,,,,,,,,,,,,,,,,,,,,,,,,,,,,,,,,,,,,,,,,,,,,,,,,,,,,,,,,,,,,,,,,,,,,,,,,,,,,,,,,,,,,,,,,,,,,,,,,,,,,,,,,,,,,,,,,,,,,,,,,,,,,,,,,,,,,,,,,,,,,,,,,,,,,,,,,,,,,,,,,,,,,,,,,,,,,,,,,,,,,,,,,,,,,,,,,,,,,,,,,,,,,,,,,,,,,,,,,,,,,,,,,,,,,,,,,,,,,,,,,,,,,,,,,,,,,,,,,,,,,,,,,,,,,,,,,,,,,,,,,,,,,,,,,,,,,,,,,,,,,,,,,,,,,,,,,,,,,,,,,,,,,,,,,,,,,,,,,,,,,,,,,,,,,,,,,,,,,,,,,,,,,,,,,,,,,,,,,,,,,,,,,,,,,,,,,,,,,0.315,-0.03,0.011,0.285,0.035,0.023,-0.019,0.025,-0.116,-0.132,-0.11,-0.138,0.125,0.125,-0.017,-0.115,0.285,0.025,-0.093,-0.015,0.287,0.021,0.011,-0.019,-0.138,-0.115,-0.11,-0.017,0.104,0.104,-0.03,0.023,0.146,0.035,-0.022,0.023,0.315,0.035,-0.132,0.125,-0.116,0.125,0.017,-0.48,0.017,-0.48,-0.023,-0.024,-0.094,0,0,0,0,-0.012,-0.012,-0.002,-0.001,0.052,0.243,-0.001,-0.002,-0.081,0.052,0.038,-0.001,0.008,-0.081,-0.002,0.043,-0.075,-0.078,-0.001,-0.065,0,0,-0.019,-0.018,0,0,0.001,-0.007,-0.006,-0.025,-0.006,-0.025,0,0,0.004,-0.003,0.003,-0.003,0.037,0.014,0,0,0.095,0.011,0,0,0,0,0,0,-0.022,0.006,-0.032,0.02,0.01,-0.021,0.037,0.013,0.017,0.013,-0.009,0.012,-0.004,0.023,0.013,0.011,0.013,-0.036,,,,,,-0.029,-0.041,-0.035,-0.029,-0.029,-0.055,0,0,0,0,0,0,0,0,,,,,,,,,0.108,0.082,0.108,0.082,0,0,0,0,0,0,0,0,,,,,,,,,,,,,,,,,,,,,,,,,,,,,,,,,,,,,,,,,,,,,,,,,,,,,,,,,,,,,,,,,,,,,,,,,,,,,,,,,,,,,,0
631,,,,,,,,,,,,,,,,,,,,,,,,,,,,,,,,,,,,,,,,,,,,,,,,,,,,,,,,,,,,,,,,,,,,,,,,,,,,,,,,,,,,,,,,,,,,,,,,,,,,,,,,,,,,,,,,,,,,,,,,,,,,,,,,,,,,,,,,,,,,,,,,,,,,,,,,,,,,,,,,,,,,,,,,,,,,,,,,,,,,,,,,,,,,,,,,,,,,,,,,,,,,,,,,,,,,,,,,,,,,,,,,,,,,,,,,,,,,,,,,,,,,,,,,,,,,,,,,,,,,,,,,,,,,,,,,,,,,,,,,,,,,,,,,,,,,,,,,,,,,,,,,,,,,,,,,,,,,,,,,,,,,,-0.026,0.202,0.17,-0.011,-0.038,-0.009,0.005,0.016,-0.263,0.288,0.264,0.346,-0.293,0.049,,,,,,,,,,,,,,,,-0.106,-0.051,-0.018,-0.007,-0.068,0.143,0.144,0.027,0.498,-0.013,-0.01,-0.122,0.003,-0.057,-0.058,0.497,0,0.016,-0.011,0.001,0.032,0.001,-0.086,0.002,,,,,,,,,,-0.164,-0.114,-0.263,-0.293,0.016,0,-0.21,-0.171,0.166,-0.162,0.021,,,,,,,,,,,,,,,,,,,,,,,,,,,,,,,,,,,,,,,,,,,,,,,,,,,,,,,,,,,,,,,,,,,,,,,,,,,,,,,,,,,,,,,,,,,,,,,,,,,,,,,,,,,,,,,,,,,,,,,,,,,,,,,,,,,,,,,,,,,,,,,,,,,,,,,,,,,,,,,,,,,,,,,,,,,,,,,,,,,,,,,,,,,,,,,,,,,,,,,,,,,,,,,,,,,,,,,,,,,,,,,,,,,,,,,,,,,,,,,,,,,,,,,,,,,,,,,,,,,,,,,,,,,,,,,,,,,,,,,,,,,,,,,,,,,,,,,,,,,0.072,-0.026,-0.041,-0.125,-0.03,0.203,-0.043,-0.039,-0.035,0.04,-0.076,-0.134,0.015,-0.038,,,,,,,,,,,,,,,-0.014,0.026,-0.147,0.238,-0.044,-0.042,-0.182,-0.137,0.131,0.109,0.176,0.174,-0.155,0.024,-0.083,0.218,0.238,-0.137,-0.122,-0.174,0.195,-0.148,-0.147,-0.182,0.174,0.218,0.176,-0.083,0.057,0.057,0.026,-0.042,0.053,-0.045,-0.002,-0.041,-0.014,-0.044,0.109,0.024,0.131,-0.155,-0.04,0.52,-0.04,0.52,-0.023,-0.017,-0.035,0,0,0,0,0.009,0.009,0,-0.003,-0.056,0.086,-0.007,0,-0.041,-0.056,-0.013,-0.007,-0.111,-0.041,-0.001,-0.065,0.045,-0.169,-0.006,-0.025,0,0,-0.006,0.027,0,0,-0.006,0.041,0.008,0.043,0.008,0.043,0,0,-0.013,-0.095,-0.014,-0.095,-0.013,-0.106,0,0,-0.251,-0.003,0,0,0,0,0,0,0.099,-0.069,0.078,0.004,0.013,0.053,-0.023,0.013,-0.009,0.013,-0.032,0.01,0.015,0.077,0.013,0.031,0.013,-0.014,,,,,,-0.119,-0.093,0.192,-0.119,-0.119,-0.079,0,0,0,0,0,0,0,0,,,,,,,,,-0.092,-0.092,-0.092,-0.092,0,0,0,0,0,0,0,0,,,,,,,,,,,,,,,,,,,,,,,,,,,,,,,,,,,,,,,,,,,,,,,,,,,,,,,,,,,,,,,,,,,,,,,,,,,,,,,,,,,,,,0
632,-0.016,-0.011,0.003,0.003,-0.013,-0.157,0.008,0.008,-0.046,0.019,-0.044,-0.043,0.031,0.032,,,,,,,,,,0.009,0.241,0.049,-0.289,-0.002,0,0.019,0.201,0.006,-0.06,-0.012,,,,,,-0.164,0.109,0.017,-0.157,0,0.001,,,,,,,,,,,,,,,,,,,,,,,,,0.17,-0.092,0.012,0.115,0.288,0.279,0.176,0.153,0.257,0.117,0.162,0.151,,,,,,,,,,,,,,,,,,,,,,,,,,,,,,,,,,,,,,,,,,,,,,,,,,,,,,,,,,,,,,,,,,,,,,,,,,,,,,,,,,,,,,,,,,,,,,,,,,,,,,,,,,,,,,,,,,,,,,,,,,,,,,,,,,,,,,,,,,,,,,,,,,,,,,,,,,,,,,,,,,,,,,,,,,,,,,,,,,,,,,,,,,,,,,,,,,,,,,,,,,,,,,,,,,,,,,,,,,,,,,,,,,,,,,,,,,,,,,,,,,,,,,,,,,,,,,,,,,,,,,,,,,,,,,,,,,,,,,,,,,,,,,,,,,,,,,,,,,,,,,,,,,,,,,,,,,,,,,,,,,,,,,,,,,,,,,,,,,,,,,,,,,,,,,,,,,,,,,,,,,,,,,,,,,,,,,,,,,,,,,,,,,,,,,,,,,,,,,,,,,,,,,,,,,,,,,,,,,,,,,,,,,,,,,,,,,,,,,,,,,,,,,,,,,,,,,,,,,,,,,,,,,,,,,,,,,,,,,,,,,,,,,,,,,,,,,,,,,,,,,,,,,,,,,,,,,,,,,,,,,,,,,,,,,,,,,,,,,,,,,,,,,,,,,,,,,,,,,,,,,,,,,,,,,,,,,,,,,,,,,,,,,,,,,,,,,,,,,,,,,,,,,,,,,,,,,,,,,,,,,,,,,,,,,,,,,,,,,,,,,,-0.21,0.191,-0.104,0.056,-0.062,-0.055,-0.025,-0.053,-0.166,-0.181,-0.034,-0.046,0.057,-0.257,0.117,-0.115,0.056,-0.053,0.099,-0.034,-0.107,-0.044,-0.104,-0.025,-0.046,-0.115,-0.034,0.117,0.037,0.037,0.191,-0.055,-0.003,-0.063,0.054,-0.055,-0.21,-0.062,-0.181,-0.257,-0.166,0.057,-0.097,0.52,-0.097,0.52,0.043,0.027,0.071,-0.001,0,0,0,-0.001,-0.001,-0.001,-0.002,-0.056,-0.072,0.013,-0.001,-0.021,-0.056,-0.007,0.013,-0.129,-0.021,,,,,,,,,,,,,,,,,,,,,,,,,,,,,,,,,-0.001,0,0,0,0.045,-0.144,0.091,0.07,0.01,-0.007,0.142,0.013,0.067,0.013,0.058,0.009,-0.05,0.039,0.013,0.015,0.013,0.086,,,,,,-0.029,-0.017,0.102,-0.029,-0.029,0.051,0,0,0,0,0,0,0,0,,,,,,,,,0.108,-0.2,0.108,-0.2,0,0,0,0,0,0,0,0,,,,,,,,,,,,,,,,,,,,,,,,,,,,,,,,,,,,,,,,,,,,,,,,,,,,,,,,,,,,,,,,,,,,,,,,,,,,,,,,,,,,,,0
633,-0.016,-0.011,0.003,0.003,-0.013,-0.157,0.008,0.008,-0.046,0.019,-0.044,-0.043,0.031,0.032,,,,,,,,,,0.009,0.241,0.049,-0.289,-0.002,0,0.019,0.201,0.006,-0.06,-0.012,,,,,,-0.164,0.109,0.017,-0.157,0,0.001,,,,,,,,,,,,,,,,,,,,,,,,,0.17,-0.092,0.012,0.115,0.288,0.279,0.176,0.153,0.257,0.117,0.162,0.151,,,,,,,,,,,,,,,,,,,,,,,,,,,,,,,,,,,,,,,,,,,,,,,,,,,,,,,,,,,,,,,,,,,,,,,,,,,,,,,,,,,,,,,,,,,,,,,,,,,,,,,,,,,,,,,,,,,,,,,,,,,,,,,,,,,,,,,,,,,,,,,,,,,,,,,,,,,,,,,,,,,,,,,,,,,,,,,,,,,,,,,,,,,,,,,,,,,,,,,,,,,,,,,,,,,,,,,,,,,,,,,,,,,,,,,,,,,,,,,,,,,,,,,,,,,,,,,,,,,,,,,,,,,,,,,,,,,,,,,,,,,,,,,,,,,,,,,,,,,,,,,,,,,,,,,,,,,,,,,,,,,,,,,,,,,,,,,,,,,,,,,,,,,,,,,,,,,,,,,,,,,,,,,,,,,,,,,,,,,,,,,,,,,,,,,,,,,,,,,,,,,,,,,,,,,,,,,,,,,,,,,,,,,,,,,,,,,,,,,,,,,,,,,,,,,,,,,,,,,,,,,,,,,,,,,,,,,,,,,,,,,,,,,,,,,,,,,,,,,,,,,,,,,,,,,,,,,,,,,,,,,,,,,,,,,,,,,,,,,,,,,,,,,,,,,,,,,,,,,,,,,,,,,,,,,,,,,,,,,,,,,,,,,,,,,,,,,,,,,,,,,,,,,,,,,,,,,,,,,,,,,,,,,,,,,,,,,,,,,,,,,-0.21,0.191,-0.104,0.056,-0.062,-0.055,-0.025,-0.053,-0.166,-0.181,-0.034,-0.046,0.057,-0.257,0.117,-0.115,0.056,-0.053,0.099,-0.034,-0.107,-0.044,-0.104,-0.025,-0.046,-0.115,-0.034,0.117,0.037,0.037,0.191,-0.055,-0.003,-0.063,0.054,-0.055,-0.21,-0.062,-0.181,-0.257,-0.166,0.057,-0.097,0.52,-0.097,0.52,0.043,0.027,0.071,-0.001,0,0,0,-0.001,-0.001,-0.001,-0.002,-0.056,-0.072,0.013,-0.001,-0.021,-0.056,-0.007,0.013,-0.129,-0.021,,,,,,,,,,,,,,,,,,,,,,,,,,,,,,,,,-0.001,0,0,0,0.045,-0.144,0.091,0.07,0.01,-0.007,0.142,0.013,0.067,0.013,0.058,0.009,-0.05,0.039,0.013,0.015,0.013,0.086,,,,,,-0.029,-0.017,0.102,-0.029,-0.029,0.051,0,0,0,0,0,0,0,0,,,,,,,,,0.108,-0.2,0.108,-0.2,0,0,0,0,0,0,0,0,,,,,,,,,,,,,,,,,,,,,,,,,,,,,,,,,,,,,,,,,,,,,,,,,,,,,,,,,,,,,,,,,,,,,,,,,,,,,,,,,,,,,,0
637,0.069,0.101,0.312,0.348,-0.143,-0.248,0.008,0.008,0.051,0.088,-0.068,-0.068,-0.069,0.093,,,,,,,,,,-0.091,0.53,-0.051,0.068,0.007,0,-0.081,0.21,-0.086,0.019,0.014,,,,,,-0.164,0.058,-0.006,-0.157,0,0.001,,,,,,,,,,,,,,,,,,,,,,,,,-0.083,-0.051,-0.028,-0.047,-0.212,-0.219,-0.122,0.238,-0.25,-0.066,-0.184,0.039,,,,,,,,,,,,,,,,,,,,,,,,,,,,,,,,,,,,,,,,,,,,,,,,,,,,,,,,,,,,,,,,,,,,,,,,,,,,,,,,,,,,,,,,,,,,,,,,,,,,,,,,,,,,,,,,,,,,,,,,,,,,,,,,,,,,,,,,,,,,,,,,,,,,,,,,,,,,,,,,,,,,,,,,,,,,,,,,,,,,,,,,,,,,,,,,,,,,,,,,,,,,,,,,,,,,,,,,,,,,,,,,,,,,,,,,,,,,,,,,,,,,,,,,,,,,,,,,,,,,,,,,,,,,,,,,,,,,,,,,,,,,,,,,,,,,,,,,,,,,,,,,,,,,,,,,,,,,,,,,,,,,,,,,,,,,,,,,,,,,,,,,,,,,,,,,,,,,,,,,,,,,,,,,,,,,,,,,,,,,,,,,,,,,,,,,,,,,,,,,,,,,,,,,,,,,,,,,,,,,,,,,,,,,,,,,,,,,,,,,,,,,,,,,,,,,,,,,,,,,,,,,,,,,,,,,,,,,,,,,,,,,,,,,,,,,,,,,,,,,,,,,,,,,,,,,,,,,,,,,,,,,,,,,,,,,,,,,,,,,,,,,,,,,,,,,,,,,,,,,,,,,,,,,,,,,,,,,,,,,,,,,,,,,,,,,,,,,,,,,,,,,,,,,,,,,,,,,,,,,,,,,,,,,,,,,,,,,,,,,,,,-0.014,-0.082,0.073,-0.193,-0.108,-0.109,0.164,0.265,0.053,0.058,-0.061,-0.053,-0.155,0.249,-0.017,-0.115,-0.193,0.265,-0.381,0.221,0.323,0.209,0.073,0.164,-0.053,-0.115,-0.061,-0.017,0.057,0.057,-0.082,-0.109,0.053,-0.11,-0.039,-0.109,-0.014,-0.108,0.058,0.249,0.053,-0.155,-0.04,0.52,-0.04,0.52,-0.004,-0.001,0,0,0,0,0,0.005,0.005,0,0.003,-0.11,-0.125,-0.006,0,-0.101,-0.11,-0.011,-0.006,-0.157,-0.101,0,-0.119,0.064,-0.139,-0.006,-0.085,0,0,0.004,-0.085,0,0,0.005,-0.101,-0.002,-0.115,-0.002,-0.115,0,0,-0.012,-0.134,-0.013,-0.134,-0.011,-0.152,0,0,-0.125,-0.007,0,0,0,0,0,0,-0.031,-0.131,0.061,-0.101,0.01,-0.024,-0.003,0.013,-0.001,0.013,0.005,0.016,0.103,-0.05,0.013,-0.021,0.013,-0.014,,,,,,-0.074,-0.042,0.277,-0.074,-0.074,-0.071,0,0,0,0,0,0,0,0,0,0.002,-0.082,0.004,0,0,0,0,,,,,,,,,0,0,0,0,,,,,,,,,,,,,,,,,,,,,,,,,,,,,,,,,,,,,,,,,,,,,,,,,,,,,,,,,,,,,,,,,,,,,,,,,,,,,,,,,,,,,,0
638,,,,,,,,,,,,,,,,,,,,,,,,,,,,,,,,,,,,,,,,,,,,,,,,,,,,,,,,,,,,,,,,,,,,,,,,,,,,,,,,,,,,,,,,,,,,,,,,,,,,,,,,,,,,,,,,,,,,,,,,,,,,,,,,,,,,,,,,,,,,,,,,,,,,,,,,,,,,,,,,,,,,,,,,,,,,,,,,,,,,,,,,,,,,,,,,,,,,,,,,,,,,,,,,,,,,,,,,,,,,,,,,,,,,,,,,,,,,,,,,,,,,,,,,,,,,,,,,,,,,,,,,,,,,,,,,,,,,,,,,,,,,,,,,,,,,,,,,,,,,,,,,,,,,,,,,,,,,,,,,,,,,,,,,,,,,,,,,,,,,,,,,,,,,,,,,,,,,,,,,,,,,,,,,,,,,,,,,,,,,,,,,,,,,,,,,,,,,,,-0.076,0.021,0.104,0.019,0,-0.002,0.028,0.051,-0.233,-0.221,-0.324,0.005,,,,,,,,,,,,,,,-0.015,0,0,-0.014,0.006,-0.019,-0.028,0.004,0.078,-0.01,-0.021,0.001,0.006,0.065,,,,,,,,,0.068,0.195,0.038,-0.024,0.121,-0.003,0.106,-0.106,-0.437,-0.149,0.042,0.168,0.148,-0.193,-0.078,-0.047,-0.035,-0.009,-0.146,-0.081,,,,,,,,,,,,,,,,,,,,,,,,,,,,,,,,,,,,,,,,,,,,,,,,,,,,,,,,,,,,,,,,,,,,,,,,,,,,,,,,,,,,,,,,,,,,,,,,,,,,,,,,,,,,,,,,,,,,,,,,,,,,,,,,,,,,,,,,,,,,,,,,,,,,,,,,,,,,,,,,,,,,,,,,,,,,,,,,,,,,,,,,,,,,,,,,,,,,,,,,,,,,,,,,,,,,,,,,,,,,,,,,,,,,,,,-0.131,0.088,-0.066,0.202,-0.03,-0.016,-0.068,0.066,-0.035,0.028,-0.019,0.088,0.037,-0.038,,,,,,,,,,,,,,,-0.216,0.077,0.184,-0.207,0.042,0.047,0,-0.124,-0.194,-0.157,0.014,0.02,0.148,-0.099,0.017,0.218,-0.207,-0.124,0.269,-0.009,-0.263,-0.115,0.184,0,0.02,0.218,0.014,0.017,0.063,0.063,0.077,0.047,-0.005,0.043,0.015,0.047,-0.216,0.042,-0.157,-0.099,-0.194,0.148,0.017,-0.48,0.017,-0.48,-0.009,-0.005,0.008,0,0,0,0,-0.006,-0.006,0.004,0,0.079,0.007,-0.007,0.004,-0.201,0.079,-0.013,-0.007,-0.143,-0.201,0.004,0.07,-0.01,-0.078,-0.006,-0.185,0,0,-0.055,-0.116,0,0,-0.006,-0.093,-0.002,-0.081,-0.003,-0.081,0,0,-0.013,-0.169,-0.014,-0.17,-0.013,-0.138,0,0,-0.007,-0.003,0,0,0,0,0,0,0.164,0.214,0.113,0.006,0.019,0.095,0.01,0.013,0.005,0.013,-0.039,0.01,-0.002,0.071,0.013,0.033,0.013,0.031,,,,,,-0.165,-0.147,0.017,-0.165,-0.165,-0.071,0,0,0,0,0,0,0,0,0,-0.032,0.03,-0.083,0,0,0,0,,,,,,,,,0,0,0,0,,,,,,,,,,,,,,,,,,,,,,,,,,,,,,,,,,,,,,,,,,,,,,,,,,,,,,,,,,,,,,,,,,,,,,,,,,,,,,,,,,,,,,0
641,-0.068,-0.049,-0.197,-0.179,-0.187,-0.339,0.008,-0.032,-0.118,-0.088,-0.265,-0.265,-0.189,0.101,-0.013,0.076,0.008,0.126,0.002,0,0.01,-0.109,-0.055,,,,,,,,,,,,0.049,-0.147,,,,-0.164,0.213,-0.033,-0.157,0,0.001,,,,,,,,,,,,,-0.014,0.126,-0.025,0,0.038,0.043,0.083,0.069,0.088,0.007,0.001,0,,,,,,,,,,,,,,,,,,,,,,,,,,,,,,,,,,,,,,,,,,,,,,,,,,,,,,,,,,,,,,,,,,,,,,,,,,,,,,,,,,,,,,,,,,,,,,,,,,,,,,,,,,,,,,,,,,,,,,,,,,,,,,,,,,,,,,,,,,,,,,,,,,,,,,,,,,,,,,,,,,,,,,,,,,,,,,,,,,,,,,,,,,,,,,,,,,,,,,,,,,,,,,,,,,,,,,,,,,,,,,,,,,,,,,,,,,,,,,,,,,,,,,,,,,,,,,,,,,,,,,,,,,,,,,,,,,,,,,,,,,,,,,,,,,,,,,,,,,,,,,,,,,,,,,,,,,,,,,,,,,,,,,,,,,,,,,,,,,,,,,,,,,,,,,,,,,,,,,,,,,,,,,,,,,,,,,,,,,,,,,,,,,,,,,,,,,,,,,,,,,,,,,,,,,,,,,,,,,,,,,,,,,,,,,,,,,,,,,,,,,,,,,,,,,,,,,,,,,,,,,,,,,,,,,,,,,,,,,,,,,,,,,,,,,,,,,,,,,,,,,,,,,,,,,,,,,,,,,,,,,,,,,,,,,,,,,,,,,,,,,,,,,,,,,,,,,,,,,,,,,,,,,,,,,,,,,,,,,,,,,,,,,,,,,,,,,,,,,,,,,,,,,,,,,,,,,,,,,,,,,,,,,,,,,,,,,,,,,,,,,,,,,,,,,,,,,,0.101,0.119,-0.104,0.165,-0.026,-0.044,0.107,0.129,0.102,0.055,-0.074,-0.104,0.021,-0.088,-0.083,-0.115,0.165,0.129,0.099,0.1,-0.042,0.138,-0.104,0.107,-0.104,-0.115,-0.074,-0.083,0.037,0.037,0.119,-0.044,0.085,-0.027,0.03,-0.044,0.101,-0.026,0.055,-0.088,0.102,0.021,0.303,0.52,0.303,0.52,0.034,0.027,0.09,-0.001,0,0,0,0.005,0.005,0.008,0.002,-0.056,-0.23,0.001,0.008,-0.021,-0.056,-0.007,0.001,0.15,-0.021,,,,,,,,,,,,,,,,,,,,,,,,,,,,,,,,,0,0,0,0,-0.069,-0.155,-0.112,-0.13,0.016,0.005,-0.044,0.013,-0.019,0.013,0.018,0.019,0.134,-0.03,0.013,-0.013,0.013,0.005,,,,,,-0.074,-0.064,0.111,-0.074,-0.074,-0.071,0,0,0,0,0,0,0,0,0,-0.078,0.03,-0.199,0,0,0,0,,,,,,,,,0,0,0,0,,,,,,,,,,,,,,,,,,,,,,,,,,,,,,,,,,,,,,,,,,,,,,,,,,,,,,,,,,,,,,,,,,,,,,,,,,,,,,,,,,,,,,0
643,,,,,,,,,,,,,,,,,,,,,,,,,,,,,,,,,,,,,,,,,,,,,,,,,,,,,,,,,,,,,,,,,,,,,,,,,,,,,,,,,,0.071,0.069,0.074,0.157,0.002,-0.077,-0.002,-0.01,-0.039,-0.079,-0.208,-0.208,0.144,-0.082,,,,,,,,,,-0.088,0.56,-0.052,0.093,0.001,0,0.013,-0.25,-0.056,-0.138,-0.002,,,,,,-0.044,-0.166,-0.066,-0.197,0,0,,,,,,,,,,,,,,,,,,,,,,,,,,,,,0.077,0.191,0.038,0.031,0.215,0.24,0.103,-0.007,0.153,0.039,0.055,0.064,0.155,0.066,,,,,,,,,,,,,,,,,,,,,,,,,,,,,,,,,,,,,,,,,,,,,,,,,,,,,,,,,,,,,,,,,,,,,,,,,,,,,,,,,,,,,,,,,,,,,,,,,,,,,,,,,,,,,,,,,,,,,,,,,,,,,,,,,,,,,,,,,,,,,,,,,,,,,,,,,,,,,,,,,,,,,,,,,,,,,,,,,,,,,,,,,,,,,,,,,,,,,,,,,,,,,,,,,,,,,,,,,,,,,,,,,,,,,,,,,,,,,,,,,,,,,,,,,,,,,,,,,,,,,,,,,,,,,,,,,,,,,,,,,,,,,,,,,,,,,,,,,,,,,,,,,,,,,,,,,,,,,,,,,,,,,,,,,,,,,,,,,,,,,,,,,,,,,,,,,,,,,,,,,,,,,,,,,,,,,,,,,,,,,,,,,,,,,,,,,,,,,,,,,,,,,,,,,,,,,,,,,,,,,,,,,,,,,,,,,,,,,,,,,,,,,,,,,,,,,,,,,,,,,,,,,,,,,,,,,,,,,,,,,,,,,,,,,,,,,,,,,,,,,,,,,,,,,,,,,,,,,,,,,,,,,,,,,,,,,,,,,,,,,,,,,,,,,,,,,,,,0.036,-0.042,-0.227,0.044,-0.103,-0.071,0.258,0.265,-0.274,-0.286,-0.071,-0.024,0.033,0.193,0.35,-0.115,0.044,0.265,0.026,0.253,-0.114,0.274,-0.227,0.258,-0.024,-0.115,-0.071,0.35,0.015,0.015,-0.042,-0.071,-0.35,-0.097,-0.025,-0.071,0.036,-0.103,-0.286,0.193,-0.274,0.033,-0.354,0.52,-0.354,0.52,0.048,0.031,0.102,0,0,0,0,-0.004,-0.004,0.003,0.004,0.025,-0.099,0.005,0.003,-0.121,0.025,-0.009,0.005,-0.056,-0.121,,,,,,,,,,,,,,,,,,,,,,,,,,,,,,,,,0,0,0,0,-0.082,-0.159,0.031,-0.104,0.008,-0.026,0.004,0.013,0.003,0.013,0.018,0.007,-0.084,0.061,0.013,0.025,0.013,0.118,,,,,,-0.029,-0.039,-0.142,-0.029,-0.029,-0.022,0,0,0,0,0,0,0,0,0,-0.012,0.03,-0.031,0,0,0,0,,,,,,,,,0,0,0,0,,,,,,,,,,,,,,,,,,,,,,,,,,,,,,,,,,,,,,,,,,,,,,,,,,,,,,,,,,,,,,,,,,,,,,,,,,,,,,,,,,,,,,0
645,-0.101,-0.19,0.003,-0.052,-0.1,-0.203,0.022,0.168,0,0.232,-0.337,-0.337,-0.053,0.183,-0.013,-0.153,-0.092,0.496,-0.001,0,0.01,-0.242,0.063,,,,,,,,,,,,0.217,-0.12,0.164,-0.202,0.183,,,,0.343,0,0.001,,,,,,,,,,,,,,,,,,,,,,,,,0.067,0.278,0.033,-0.084,0.288,0.274,0.033,-0.025,0.013,-0.007,0.142,0.009,,,,,,,,,,,,,,,,,,,,,,,,,,,,,,,,,,,,,,,,,,,,,,,,,,,,,,,,,,,,,,,,,,,,,,,,,,,,,,,,,,,,,,,,,,,,,,,,,,,,,,,,,,,,,,,,,,,,,,,,,,,,,,,,,,,,,,,,,,,,,,,,,,,,,,,,,,,,,,,,,,,,,,,,,,,,,,,,,,,,,,,,,,,,,,,,,,,,,,,,,,,,,,,,,,,,,,,,,,,,,,,,,,,,,,,,,,,,,,,,,,,,,,,,,,,,,,,,,,,,,,,,,,,,,,,,,,,,,,,,,,,,,,,,,,,,,,,,,,,,,,,,,,,,,,,,,,,,,,,,,,,,,,,,,,,,,,,,,,,,,,,,,,,,,,,,,,,,,,,,,,,,,,,,,,,,,,,,,,,,,,,,,,,,,,,,,,,,,,,,,,,,,,,,,,,,,,,,,,,,,,,,,,,,,,,,,,,,,,,,,,,,,,,,,,,,,,,,,,,,,,,,,,,,,,,,,,,,,,,,,,,,,,,,,,,,,,,,,,,,,,,,,,,,,,,,,,,,,,,,,,,,,,,,,,,,,,,,,,,,,,,,,,,,,,,,,,,,,,,,,,,,,,,,,,,,,,,,,,,,,,,,,,,,,,,,,,,,,,,,,,,,,,,,,,,,,,,,,,,,,,,,,,,,,,,,,,,,,,,,,,,0.049,-0.03,-0.099,-0.146,0.019,0.001,-0.069,-0.124,0.014,0.02,0.068,0.033,0.113,-0.099,-0.05,0.218,-0.146,-0.124,0.102,-0.079,-0.227,-0.115,-0.099,-0.069,0.033,0.218,0.068,-0.05,0.104,0.104,-0.03,0.001,0.071,0.019,-0.022,0.001,0.049,0.019,0.02,-0.099,0.014,0.113,0.017,-0.48,0.017,-0.48,-0.019,-0.017,-0.039,0,0,0,0,-0.007,-0.007,0.001,-0.002,0.106,0.112,0.012,0.001,-0.141,0.106,-0.002,0.012,0.137,-0.141,0.001,0.097,-0.131,-0.108,0.012,-0.125,0,0,0.113,0.006,0,0,-0.002,-0.046,-0.009,-0.059,-0.01,-0.059,0,0,-0.004,0.12,-0.005,0.12,-0.002,0.142,0,0,0.198,0,0,0,0,0,0,0,0.132,0.12,-0.144,-0.129,0.019,0.053,-0.036,0.013,-0.015,0.013,-0.009,0.008,-0.055,-0.07,0.013,-0.029,0.013,0.031,,,,,,0.153,0.121,-0.021,0.153,0.153,0.067,0,0,0,0,0,0,0,0,,,,,,,,,0.108,0.135,0.108,0.135,0,0,0,0,0,0,0,0,,,,,,,,,,,,,,,,,,,,,,,,,,,,,,,,,,,,,,,,,,,,,,,,,,,,,,,,,,,,,,,,,,,,,,,,,,,,,,,,,,,,,,0
649,0.062,0.093,-0.361,-0.361,0.118,0.025,-0.03,-0.192,-0.046,-0.206,0.309,0.309,-0.266,-0.018,,,,,,,,,,0.009,0.124,0.049,-0.299,0.002,0,0.019,0.342,0.027,0.067,-0.005,,,0.164,-0.293,-0.124,,,,0.343,0,0.001,,,,,,,,,,,,,,,,,,,,,,,,,0.164,0.008,0.065,0.083,0.388,0.366,0.105,0.093,0.075,0.037,0.222,0.34,,,,,,,,,,,,,,,,,,,,,,,,,,,,,,,,,,,,,,,,,,,,,,,,,,,,,,,,,,,,,,,,,,,,,,,,,,,,,,,,,,,,,,,,,,,,,,,,,,,,,,,,,,,,,,,,,,,,,,,,,,,,,,,,,,,,,,,,,,,,,,,,,,,,,,,,,,,,,,,,,,,,,,,,,,,,,,,,,,,,,,,,,,,,,,,,,,,,,,,,,,,,,,,,,,,,,,,,,,,,,,,,,,,,,,,,,,,,,,,,,,,,,,,,,,,,,,,,,,,,,,,,,,,,,,,,,,,,,,,,,,,,,,,,,,,,,,,,,,,,,,,,,,,,,,,,,,,,,,,,,,,,,,,,,,,,,,,,,,,,,,,,,,,,,,,,,,,,,,,,,,,,,,,,,,,,,,,,,,,,,,,,,,,,,,,,,,,,,,,,,,,,,,,,,,,,,,,,,,,,,,,,,,,,,,,,,,,,,,,,,,,,,,,,,,,,,,,,,,,,,,,,,,,,,,,,,,,,,,,,,,,,,,,,,,,,,,,,,,,,,,,,,,,,,,,,,,,,,,,,,,,,,,,,,,,,,,,,,,,,,,,,,,,,,,,,,,,,,,,,,,,,,,,,,,,,,,,,,,,,,,,,,,,,,,,,,,,,,,,,,,,,,,,,,,,,,,,,,,,,,,,,,,,,,,,,,,,,,,,,,,,0.049,0.077,-0.099,0.07,0.014,0.006,0.006,0.038,0.04,0.02,0.028,-0.024,0.078,-0.099,-0.05,-0.115,0.07,0.038,-0.223,-0.002,-0.099,0.047,-0.099,0.006,-0.024,-0.115,0.028,-0.05,0.104,0.104,0.077,0.006,0.071,0.014,0.015,0.007,0.049,0.014,0.02,-0.099,0.04,0.078,0.017,-0.48,0.017,-0.48,-0.028,-0.024,-0.075,0,0,0,0,0.004,0.004,0.006,0.001,-0.002,-0.046,0.012,0.006,-0.101,-0.002,-0.003,0.012,-0.07,-0.101,0.005,-0.011,-0.113,-0.139,0.012,-0.085,0,0,-0.003,-0.085,0,0,-0.003,-0.046,0.001,-0.047,0.001,-0.047,0,0,0.02,-0.064,0.019,-0.064,-0.003,-0.064,0,0,0.013,0.01,0,0,0,0,0,0,-0.071,-0.036,-0.017,-0.001,0.016,0.039,0.016,0.013,0.007,0.013,-0.065,0.016,0.061,0.054,0.013,0.023,0.013,-0.001,,,,,,0.153,0.136,0.067,0.153,0.153,0.108,0,0,0,0,0,0,0,0,,,,,,,,,0.108,-0.036,0.108,-0.036,0,0,0,0,0,0,0,0,,,,,,,,,,,,,,,,,,,,,,,,,,,,,,,,,,,,,,,,,,,,,,,,,,,,,,,,,,,,,,,,,,,,,,,,,,,,,,,,,,,,,,0
650,0.043,0.026,-0.179,-0.216,-0.1,-0.248,-0.015,-0.072,0,0.056,0.231,0.231,0.052,-0.117,,,,,,,,,,0.009,-0.262,-0.051,0,0.002,0,-0.081,0.474,0.018,0.026,0.014,,,,,,-0.164,0.047,0.005,-0.157,0,0.001,-0.039,-0.068,0.026,0.006,-0.002,-0.029,-0.041,-0.016,0.126,-0.017,0,0.005,,,,,,,,,,,,,,,,,,,,,,,,,,,,,,,,,,,,,,,,,,,,,,,,,,,,,,,,,,,,,,,,,,,,,,,,,,,,,,,,,,,,,,,,,,,,,,,,,,,,,,,,,,,,,,,,,,,,,,,,,,,,,,,,,,,,,,,,,,,,,,,,,,,,,,,,,,,,,,,,,,,,,,,,,,,,,,,,,,,,,,,,,,,,,,,,,,,,,,,,,,,,,,,,,,,,,,,,,,,,,,,,,,,,,,,,,,,,,,,,,,,,,,,,,,,,,,,,,,,,,,,,,,,,,,,,,,,,,,,,,,,,,,,,,,,,,,,,,,,,,,,,,,,,,,,,,,,,,,,,,,,,,,,,,,,,,,,,,,,,,,,,,,,,,,,,,,,,,,,,,,,,,,,,,,,,,,,,,,,,,,,,,,,,,,,,,,,,,,,,,,,,,,,,,,,,,,,,,,,,,,,,,,,,,,,,,,,,,,,,,,,,,,,,,,,,,,,,,,,,,,,,,,,,,,,,,,,,,,,,,,,,,,,,,,,,,,,,,,,,,,,,,,,,,,,,,,,,,,,,,,,,,,,,,,,,,,,,,,,,,,,,,,,,,,,,,,,,,,,,,,,,,,,,,,,,,,,,,,,,,,,,,,,,,,,,,,,,,,,,,,,,,,,,,,,,,,,,,,,,,,,,,,,,,,,,,,,,,,,,,,,,,,,,,,,,,,,,,,,,,,,,,,,-0.28,0.134,0.019,-0.137,-0.057,-0.066,0.082,0.077,0.079,0.058,0.382,0.373,-0.096,-0.088,-0.083,0.218,-0.137,0.077,0.171,0.074,-0.222,0.086,0.019,0.082,0.373,0.218,0.382,-0.083,0.101,0.101,0.134,-0.066,-0.023,-0.058,0.035,-0.066,-0.28,-0.057,0.058,-0.088,0.079,-0.096,-0.04,0.52,-0.04,0.52,0.001,0.003,0.024,0,0,0,0,0.011,0.011,0,-0.002,0.052,-0.072,0.01,0,-0.021,0.052,-0.011,0.01,-0.166,-0.021,0,0.043,0.151,-0.139,0.01,-0.005,0,0,-0.015,-0.098,0,0,-0.005,-0.117,-0.002,-0.097,-0.002,-0.097,0,0,-0.012,-0.169,-0.013,-0.17,-0.011,-0.161,0,0,-0.125,-0.012,0,0,0,0,0,0,0.149,-0.006,0.107,0.087,0.012,0.036,0.079,0.013,0.035,0.013,-0.032,0.016,0.123,-0.001,0.013,0.001,0.013,-0.075,,,,,,-0.029,-0.007,-0.062,-0.029,-0.029,0.173,0,0,0,0,0,0,0,0,,,,,,,,,-0.092,-0.015,-0.092,-0.015,0,0,0,0,0,0,0,0,,,,,,,,,,,,,,,,,,,,,,,,,,,,,,,,,,,,,,,,,,,,,,,,,,,,,,,,,,,,,,,,,,,,,,,,,,,,,,,,,,,,,,0
652,0.043,0.004,0.33,0.294,0.031,0.116,0.008,0.128,-0.092,-0.014,0.056,0.056,-0.01,0.06,,,,,,,,,,0.009,0.347,0.049,0.334,0.002,0,0.019,0.152,-0.078,,,0.005,-0.004,,,,0.336,-0.501,-0.014,-0.157,0,0.001,,,,,,,,,,,,,,,,,,,,,,,,,0.005,0.03,0.011,-0.009,-0.012,-0.025,0.01,-0.078,0.051,0.019,-0.036,0.022,,,,,,,,,,,,,,,,,,,,,,,,,,,,,,,,,,,,,,,,,,,,,,,,,,,,,,,,,,,,,,,,,,,,,,,,,,,,,,,,,,,,,,,,,,,,,,,,,,,,,,,,,,,,,,,,,,,,,,,,,,,,,,,,,,,,,,,,,,,,,,,,,,,,,,,,,,,,,,,,,,,,,,,,,,,,,,,,,,,,,,,,,,,,,,,,,,,,,,,,,,,,,,,,,,,,,,,,,,,,,,,,,,,,,,,,,,,,,,,,,,,,,,,,,,,,,,,,,,,,,,,,,,,,,,,,,,,,,,,,,,,,,,,,,,,,,,,,,,,,,,,,,,,,,,,,,,,,,,,,,,,,,,,,,,,,,,,,,,,,,,,,,,,,,,,,,,,,,,,,,,,,,,,,,,,,,,,,,,,,,,,,,,,,,,,,,,,,,,,,,,,,,,,,,,,,,,,,,,,,,,,,,,,,,,,,,,,,,,,,,,,,,,,,,,,,,,,,,,,,,,,,,,,,,,,,,,,,,,,,,,,,,,,,,,,,,,,,,,,,,,,,,,,,,,,,,,,,,,,,,,,,,,,,,,,,,,,,,,,,,,,,,,,,,,,,,,,,,,,,,,,,,,,,,,,,,,,,,,,,,,,,,,,,,,,,,,,,,,,,,,,,,,,,,,,,,,,,,,,,,,,,,,,,,,,,,,,,,,,,,,,0.182,-0.03,-0.238,-0.066,0.05,0.06,-0.126,-0.079,-0.116,-0.081,0.141,0.085,0.113,-0.156,-0.05,0.218,-0.066,-0.079,-0.305,-0.117,0.142,-0.089,-0.238,-0.126,0.085,0.218,0.141,-0.05,0.082,0.082,-0.03,0.06,0.109,0.05,-0.022,0.061,0.182,0.05,-0.081,-0.156,-0.116,0.113,0.017,-0.48,0.017,-0.48,-0.023,-0.02,-0.067,0,0,0,0,-0.011,-0.011,0.001,-0.001,0.025,0.086,-0.004,0.001,0.279,0.025,0,-0.004,0.04,0.279,0.001,0.016,0.134,0.316,-0.003,0.295,0,0,0.007,-0.064,0,0,0.009,-0.054,-0.008,-0.084,-0.009,-0.084,0,0,-0.003,0.028,-0.004,0.028,0,0.046,0,0,0.14,-0.003,0,0,0,0,0,0,-0.018,-0.093,-0.164,0.008,0.018,0.042,-0.038,0.013,-0.017,0.013,-0.009,0.014,0.055,-0.013,0.013,-0.005,0.013,-0.075,,,,,,0.017,0.005,-0.285,0.017,0.017,0.148,0,0,0,0,0,0,0,0,,,,,,,,,0.008,0.271,0.008,0.271,0,0,0,0,0,0,0,0,,,,,,,,,,,,,,,,,,,,,,,,,,,,,,,,,,,,,,,,,,,,,,,,,,,,,,,,,,,,,,,,,,,,,,,,,,,,,,,,,,,,,,0
654,0.062,0.056,-0.197,-0.179,0.074,0.161,-0.022,-0.112,0.03,-0.11,-0.071,-0.071,0.165,-0.077,-0.013,-0.134,0.008,-0.221,0.003,0,0.01,-0.26,-0.07,,,,,,,,,,,,-0.162,0.329,,,,-0.164,0.487,-0.016,0.343,0,0.001,0.035,-0.089,0.007,0.008,0.001,0.016,-0.016,0.005,-0.068,-0.018,0,-0.003,,,,,,,,,,,,,,,,,,,,,,,,,,,,,,,,,,,,,,,,,,,,,,,,,,,,,,,,,,,,,,,,,,,,,,,,,,,,,,,,,,,,,,,,,,,,,,,,,,,,,,,,,,,,,,,,,,,,,,,,,,,,,,,,,,,,,,,,,,,,,,,,,,,,,,,,,,,,,,,,,,,,,,,,,,,,,,,,,,,,,,,,,,,,,,,,,,,,,,,,,,,,,,,,,,,,,,,,,,,,,,,,,,,,,,,,,,,,,,,,,,,,,,,,,,,,,,,,,,,,,,,,,,,,,,,,,,,,,,,,,,,,,,,,,,,,,,,,,,,,,,,,,,,,,,,,,,,,,,,,,,,,,,,,,,,,,,,,,,,,,,,,,,,,,,,,,,,,,,,,,,,,,,,,,,,,,,,,,,,,,,,,,,,,,,,,,,,,,,,,,,,,,,,,,,,,,,,,,,,,,,,,,,,,,,,,,,,,,,,,,,,,,,,,,,,,,,,,,,,,,,,,,,,,,,,,,,,,,,,,,,,,,,,,,,,,,,,,,,,,,,,,,,,,,,,,,,,,,,,,,,,,,,,,,,,,,,,,,,,,,,,,,,,,,,,,,,,,,,,,,,,,,,,,,,,,,,,,,,,,,,,,,,,,,,,,,,,,,,,,,,,,,,,,,,,,,,,,,,,,,,,,,,,,,,,,,,,,,,,,,,,,,,,,,,,,,,,,,,,,,,,,,,,0.182,-0.03,-0.151,-0.097,-0.075,-0.072,0.057,0.038,0.014,0.02,-0.086,-0.095,0.054,-0.043,0.05,-0.115,-0.097,0.038,0.071,0.049,-0.198,0.047,-0.151,0.057,-0.095,-0.115,-0.086,0.05,0.063,0.063,-0.03,-0.072,0.109,-0.077,-0.022,-0.072,0.182,-0.075,0.02,-0.043,0.014,0.054,0.017,-0.48,0.017,-0.48,-0.019,-0.013,-0.027,0,0,0,0,0.006,0.006,0.001,-0.002,0.16,0.007,-0.004,0.001,0.139,0.16,-0.001,-0.004,0.068,0.139,0.001,0.151,0.047,0.316,-0.003,0.155,0,0,0.036,0.144,0,0,-0.002,0.076,-0.009,0.071,-0.009,0.071,0,0,-0.004,0.177,-0.005,0.177,-0.002,0.073,0,0,-0.045,0.065,0,0,0,0,0,0,0.181,0.2,-0.097,0.015,0.01,-0.021,0.029,0.013,0.013,0.013,0.038,0.01,-0.024,0.036,0.013,0.017,0.013,0.025,,,,,,0.062,0.067,0.202,0.062,0.062,0.051,0,0,0,0,0,0,0,0,0,0.029,-0.082,0.073,0,0,0,0,,,,,,,,,0,0,0,0,,,,,,,,,,,,,,,,,,,,,,,,,,,,,,,,,,,,,,,,,,,,,,,,,,,,,,,,,,,,,,,,,,,,,,,,,,,,,,,,,,,,,,0
656,0.036,-0.093,-0.161,-0.197,0.031,-0.157,-0.015,0.048,-0.194,0.051,0.185,0.185,-0.053,-0.164,-0.013,0.145,0.008,-0.054,0.004,0,0.01,-0.168,-0.056,,,,,,,,,,-0.111,-0.004,,,0.164,-0.278,0.07,,,,-0.157,0,0.001,,,,,,,,,,,,,-0.007,-0.041,0.005,0.003,0.038,0.033,0.05,0.079,0.155,0.003,0.001,-0.001,,,,,,,,,,,,,,,,,,,,,,,,,,,,,,,,,,,,,,,,,,,,,,,,,,,,,,,,,,,,,,,,,,,,,,,,,,,,,,,,,,,,,,,,,,,,,,,,,,,,,,,,,,,,,,,,,,,,,,,,,,,,,,,,,,,,,,,,,,,,,,,,,,,,,,,,,,,,,,,,,,,,,,,,,,,,,,,,,,,,,,,,,,,,,,,,,,,,,,,,,,,,,,,,,,,,,,,,,,,,,,,,,,,,,,,,,,,,,,,,,,,,,,,,,,,,,,,,,,,,,,,,,,,,,,,,,,,,,,,,,,,,,,,,,,,,,,,,,,,,,,,,,,,,,,,,,,,,,,,,,,,,,,,,,,,,,,,,,,,,,,,,,,,,,,,,,,,,,,,,,,,,,,,,,,,,,,,,,,,,,,,,,,,,,,,,,,,,,,,,,,,,,,,,,,,,,,,,,,,,,,,,,,,,,,,,,,,,,,,,,,,,,,,,,,,,,,,,,,,,,,,,,,,,,,,,,,,,,,,,,,,,,,,,,,,,,,,,,,,,,,,,,,,,,,,,,,,,,,,,,,,,,,,,,,,,,,,,,,,,,,,,,,,,,,,,,,,,,,,,,,,,,,,,,,,,,,,,,,,,,,,,,,,,,,,,,,,,,,,,,,,,,,,,,,,,,,,,,,,,,,,,,,,,,,,,,,,,,,,,,,,,,,,,,,,,,,,0.019,0.161,-0.216,0.165,-0.088,-0.069,0.038,-0.033,0.06,0.039,0.026,0.031,-0.049,0.08,-0.05,0.218,0.165,-0.033,0.033,0.03,-0.042,-0.024,-0.216,0.038,0.031,0.218,0.026,-0.05,0.037,0.037,0.161,-0.069,-0.241,-0.087,0.044,-0.068,0.019,-0.088,0.039,0.08,0.06,-0.049,0.589,0.52,0.589,0.52,0.034,0.019,0.047,0,0,0,0,0.008,0.008,0.003,0.002,0.133,-0.099,-0.007,0.003,-0.101,0.133,-0.006,-0.007,0.045,-0.101,,,,,,,,,,,,,,,,,,,,,,,,,,,,,,,,,0,0,0,0,0.13,0,-0.057,-0.127,0.013,0.056,0.065,0.013,0.027,0.013,-0.002,0.006,-0.1,0.068,0.013,0.021,0.013,0.111,,,,,,0.062,0.06,0.138,0.062,0.062,0.043,0,0,0,0,0,0,0,0,,,,,,,,,-0.092,-0.063,-0.092,-0.063,0,0,0,0,0,0,0,0,,,,,,,,,,,,,,,,,,,,,,,,,,,,,,,,,,,,,,,,,,,,,,,,,,,,,,,,,,,,,,,,,,,,,,,,,,,,,,,,,,,,,,0
662,,,,,,,,,,,,,,,,,,,,,,,,,,,,,,,,,,,,,,,,,,,,,,,,,,,,,,,,,,,,,,,,,,,,,,,,,,,,,,,,,,0.004,-0.032,-0.057,-0.17,0.002,0,-0.006,-0.041,0.011,0.061,0.088,0.088,0.031,0.187,,,,,,,,,,0.012,-0.015,0.048,-0.279,-0.001,0,0.013,-0.123,0.038,-0.028,-0.001,,,-0.01,0.254,-0.042,,,,0.803,0,0,,,,,,,,,,,,,,,0.028,-0.017,0.005,-0.077,-0.009,-0.017,-0.024,0.064,-0.202,-0.052,-0.177,-0.015,-0.006,0,,,,,,,,,,,,,,,,,,,,,,,,,,,,,,,,,,,,,,,,,,,,,,,,,,,,,,,,,,,,,,,,,,,,,,,,,,,,,,,,,,,,,,,,,,,,,,,,,,,,,,,,,,,,,,,,,,,,,,,,,,,,,,,,,,,,,,,,,,,,,,,,,,,,,,,,,,,,,,,,,,,,,,,,,,,,,,,,,,,,,,,,,,,,,,,,,,,,,,,,,,,,,,,,,,,,,,,,,,,,,,,,,,,,,,,,,,,,,,,,,,,,,,,,,,,,,,,,,,,,,,,,,,,,,,,,,,,,,,,,,,,,,,,,,,,,,,,,,,,,,,,,,,,,,,,,,,,,,,,,,,,,,,,,,,,,,,,,,,,,,,,,,,,,,,,,,,,,,,,,,,,,,,,,,,,,,,,,,,,,,,,,,,,,,,,,,,,,,,,,,,,,,,,,,,,,,,,,,,,,,,,,,,,,,,,,,,,,,,,,,,,,,,,,,,,,,,,,,,,,,,,,,,,,,,,,,,,,,,,,,,,,,,,,,,,,,,,,,,,,,,,,,,,,,,,,,,,,,,,,,,,,,,,,,,,,,,,,,,,,,,,,,,,,,,,,,,,,,,,,,,,,,,,,,,0.049,-0.03,0.342,0.07,-0.006,0.004,-0.006,-0.007,-0.116,-0.106,-0.031,-0.024,0.137,0.013,-0.05,0.218,0.07,-0.007,0.362,-0.015,-0.099,0.002,0.342,-0.006,-0.024,0.218,-0.031,-0.05,0.104,0.104,-0.03,0.004,0.071,-0.007,-0.022,0.004,0.049,-0.006,-0.106,0.013,-0.116,0.137,0.017,-0.48,0.017,-0.48,-0.009,-0.017,-0.071,0,0,0,0,0.009,0.009,0,0,0.052,0.007,-0.006,0,0.199,0.052,-0.011,-0.006,-0.111,0.199,0,0.043,0.032,0.225,-0.006,0.215,0,0,-0.015,0.011,0,0,0.005,-0.007,0.009,0.009,0.009,0.009,0,0,-0.012,-0.082,-0.013,-0.082,-0.011,-0.106,0,0,0.119,0.008,0,0,0,0,0,0,-0.08,0.19,0.077,0.027,0.013,-0.026,-0.047,0.013,-0.021,0.013,0.018,0.014,0.001,-0.024,0.013,-0.011,0.013,-0.001,,,,,,-0.074,-0.086,-0.187,-0.074,-0.074,-0.014,0,0,0,0,0,0,0,0,,,,,,,,,0.108,-0.064,0.108,-0.064,0,0,0,0,0,0,0,0,,,,,,,,,,,,,,,,,,,,,,,,,,,,,,,,,,,,,,,,,,,,,,,,,,,,,,,,,,,,,,,,,,,,,,,,,,,,,,,,,,,,,,0
664,-0.082,-0.078,-0.179,-0.179,-0.1,0.116,0.008,0.008,-0.077,-0.206,-0.218,-0.218,-0.017,0.023,-0.013,0.36,0.008,-0.214,0.004,0,0.01,0.291,0.001,,,,,,,,,,,,0.041,0.281,0.164,-0.319,0.103,,,,-0.157,0,0.001,-0.09,0.056,0.003,-0.037,-0.001,-0.025,-0.084,-0.01,-0.177,-0.05,0,-0.003,,,,,,,,,,,,,,,,,,,,,,,,,,,,,,,,,,,,,,,,,,,,,,,,,,,,,,,,,,,,,,,,,,,,,,,,,,,,,,,,,,,,,,,,,,,,,,,,,,,,,,,,,,,,,,,,,,,,,,,,,,,,,,,,,,,,,,,,,,,,,,,,,,,,,,,,,,,,,,,,,,,,,,,,,,,,,,,,,,,,,,,,,,,,,,,,,,,,,,,,,,,,,,,,,,,,,,,,,,,,,,,,,,,,,,,,,,,,,,,,,,,,,,,,,,,,,,,,,,,,,,,,,,,,,,,,,,,,,,,,,,,,,,,,,,,,,,,,,,,,,,,,,,,,,,,,,,,,,,,,,,,,,,,,,,,,,,,,,,,,,,,,,,,,,,,,,,,,,,,,,,,,,,,,,,,,,,,,,,,,,,,,,,,,,,,,,,,,,,,,,,,,,,,,,,,,,,,,,,,,,,,,,,,,,,,,,,,,,,,,,,,,,,,,,,,,,,,,,,,,,,,,,,,,,,,,,,,,,,,,,,,,,,,,,,,,,,,,,,,,,,,,,,,,,,,,,,,,,,,,,,,,,,,,,,,,,,,,,,,,,,,,,,,,,,,,,,,,,,,,,,,,,,,,,,,,,,,,,,,,,,,,,,,,,,,,,,,,,,,,,,,,,,,,,,,,,,,,,,,,,,,,,,,,,,,,,,,,,,,,,,,,,,,,,,,,,,,,,,,,,,,,,,,-0.28,-0.082,-0.201,0.186,-0.006,-0.017,-0.044,-0.027,0.079,0.058,0.146,0.165,-0.179,-0.088,0.05,0.218,0.186,-0.027,0.042,-0.053,-0.029,-0.018,-0.201,-0.044,0.165,0.218,0.146,0.05,0.101,0.101,-0.082,-0.017,-0.023,-0.006,-0.039,-0.017,-0.28,-0.006,0.058,-0.088,0.079,-0.179,-0.04,0.52,-0.04,0.52,0.024,0.023,0.082,0,0,0,0,0.011,0.011,-0.005,0,-0.083,-0.125,-0.006,-0.005,0.039,-0.083,-0.011,-0.006,-0.051,0.039,-0.005,-0.092,0.105,-0.018,-0.006,0.055,0,0,-0.054,-0.049,0,0,-0.005,0.025,0.009,0.018,0.009,0.018,0,0,0.013,-0.086,0.012,-0.086,-0.011,-0.046,0,0,-0.125,-0.007,0,0,0,0,0,0,-0.076,-0.173,-0.029,-0.059,0.01,-0.015,0.007,0.013,0.001,0.013,0.005,0.014,0.021,-0.011,0.013,-0.003,0.013,-0.056,,,,,,-0.074,-0.063,0.149,-0.074,-0.074,-0.006,0,0,0,0,0,0,0,0,0,-0.018,0.03,-0.045,0,0,0,0,,,,,,,,,0,0,0,0,,,,,,,,,,,,,,,,,,,,,,,,,,,,,,,,,,,,,,,,,,,,,,,,,,,,,,,,,,,,,,,,,,,,,,,,,,,,,,,,,,,,,,0
668,,,,,,,,,,,,,,,,,,,,,,,,,,,,,,,,,,,,,,,,,,,,,,,,,,,,,,,,,,,,,,,,,,,,,,,,,,,,,,,,,,,,,,,,,,,,,,,,,,,,,,,,,,,,,,,,,,,,,,,,,,,,,,,,,,,,,,,,,,,,,,,,,,,,,,,,,,,,,,,,,,,,,,,,,,,,,,,,,,,,,,,,,,,,,,,,,,,,,,,,,,,,,,,,,,,,,,,,,,,,,,,,,,,,,,,,,,,,,,,,,,,,,,,,,,,,,,,,,,,,,,,,,,,,,,,,,,,,,,,,,,,,,,,,,,,,,,,,,,,,,,,,,,,,,,,,,,,,,,,,,,,,,,,,,,,,,,,,,,,,,,,,,,,,,,,,,,,,,,,,,,,,,,,,,,,,,,,,,,,,,,,,,,,,,,,,,,,,,,0.028,-0.018,0.104,0.119,0,-0.002,0.03,-0.018,0.067,0.061,0.112,0.001,,,,,,,,,,,,,,,0.051,0,-0.001,-0.028,0.006,0.054,-0.032,0.005,0.052,-0.019,-0.005,0.002,-0.003,0.026,,,,,,,,,0.006,0.197,-0.025,-0.024,0.026,-0.006,-0.04,-0.011,0.279,-0.277,0.269,-0.059,0.028,0.025,0.125,0.164,0.144,-0.057,-0.265,-0.154,,,,,,,,,,,,,,,,,,,,,,,,,,,,,,,,,,,,,,,,,,,,,,,,,,,,,,,,,,,,,,,,,,,,,,,,,,,,,,,,,,,,,,,,,,,,,,,,,,,,,,,,,,,,,,,,,,,,,,,,,,,,,,,,,,,,,,,,,,,,,,,,,,,,,,,,,,,,,,,,,,,,,,,,,,,,,,,,,,,,,,,,,,,,,,,,,,,,,,,,,,,,,,,,,,,,,,,,,0.211,0.213,-0.129,0.085,-0.031,0.033,-0.139,0.016,-0.035,-0.087,-0.112,-0.04,-0.019,-0.034,,,,,,,,,,,,,,,,,,,,,,,,,,,,,0.315,-0.03,-0.039,0.121,-0.011,0.009,-0.038,0.019,-0.142,-0.157,0.174,0.135,0.125,0.013,-0.083,-0.115,0.121,0.019,-0.192,-0.021,0.258,0.002,-0.039,-0.038,0.135,-0.115,0.174,-0.083,0.063,0.063,-0.03,0.009,-0.043,-0.009,-0.022,0.009,0.315,-0.011,-0.157,0.013,-0.142,0.125,0.017,-0.48,0.017,-0.48,-0.009,-0.005,0.004,0,0,0,0.001,-0.005,-0.005,0,-0.002,-0.056,0.007,0.002,0,-0.061,-0.056,-0.011,0.002,-0.116,-0.061,0,-0.065,-0.005,-0.108,0.002,-0.045,0,0,-0.006,-0.088,0,0,0.015,-0.085,-0.002,-0.087,-0.002,-0.087,0,0,-0.012,-0.099,-0.013,-0.099,-0.011,-0.11,0,0,0.302,0.003,0,0,0,0,0,0,0.162,0.366,-0.169,-0.138,0.014,0.019,-0.007,0.013,-0.003,0.013,-0.015,0.004,-0.1,0.079,0.013,0.035,0.013,0.144,,,,,,-0.165,-0.155,-0.105,-0.165,-0.165,-0.095,0,0,0,0,0,0,0,0,0,-0.036,0.03,-0.092,0,0,0,0,,,,,,,,,0,0,0,0,,,,,,,,,,,,,,,,,,,,,,,,,,,,,,,,,,,,,,,,,,,,,,,,,,,,,,,,,,,,,,,,,,,,,,,,,,,,,,,,,,,,,,0
669,,,,,,,,,,,,,,,,,,,,,,,,,,,,,,,,,,,,,,,,,,,,,,,,,,,,,,,,,,,,,,,,,,,,,,,,,,,,,,,,,,0.071,0.09,-0.05,-0.119,0.058,0.077,-0.01,-0.103,0.095,0.046,-0.287,-0.287,-0.018,0.199,,,,,,,,,,-0.088,0.579,-0.052,-0.132,-0.004,0,0.013,-0.246,0.006,0.004,0.009,,,-0.01,-0.068,0.023,,,,-0.197,0,0,-0.012,-0.077,0.005,-0.015,-0.007,0.003,-0.039,0.053,0.112,0.01,-0.008,-0.03,0,0.001,,,,,,,,,,,,,,,,,,,,,,,,,,,,,,,,,,,,,,,,,,,,,,,,,,,,,,,,,,,,,,,,,,,,,,,,,,,,,,,,,,,,,,,,,,,,,,,,,,,,,,,,,,,,,,,,,,,,,,,,,,,,,,,,,,,,,,,,,,,,,,,,,,,,,,,,,,,,,,,,,,,,,,,,,,,,,,,,,,,,,,,,,,,,,,,,,,,,,,,,,,,,,,,,,,,,,,,,,,,,,,,,,,,,,,,,,,,,,,,,,,,,,,,,,,,,,,,,,,,,,,,,,,,,,,,,,,,,,,,,,,,,,,,,,,,,,,,,,,,,,,,,,,,,,,,,,,,,,,,,,,,,,,,,,,,,,,,,,,,,,,,,,,,,,,,,,,,,,,,,,,,,,,,,,,,,,,,,,,,,,,,,,,,,,,,,,,,,,,,,,,,,,,,,,,,,,,,,,,,,,,,,,,,,,,,,,,,,,,,,,,,,,,,,,,,,,,,,,,,,,,,,,,,,,,,,,,,,,,,,,,,,,,,,,,,,,,,,,,,,,,,,,,,,,,,,,,,,,,,,,,,,,,,,,,,,,,,,,,,,,,,,,,,,,,,,,,,,,,,,,,,,,,,,,,,,,,,,,,,,,,,,-0.084,0.294,0.072,0.23,-0.011,-0.01,-0.044,-0.02,-0.038,0.02,0.114,0.096,0.089,0.238,-0.083,-0.115,0.23,-0.02,0.203,-0.053,-0.003,-0.011,0.072,-0.044,0.096,-0.115,0.114,-0.083,0.063,0.063,0.294,-0.01,0.033,-0.012,0.09,-0.01,-0.084,-0.011,0.02,0.238,-0.038,0.089,0.017,-0.48,0.017,-0.48,-0.019,-0.02,-0.067,0,0,0,0,0.012,0.012,-0.003,0.002,0.025,0.112,-0.004,-0.003,0.119,0.025,0,-0.004,0.146,0.119,-0.003,0.016,0.024,0.164,-0.003,0.135,0,0,0.065,0.154,0,0,-0.002,0.045,-0.008,0.04,-0.009,0.04,0,0,-0.003,0.173,-0.004,0.173,0,0.151,0,0,0.14,0.025,0,0,0,0,0,0,0.165,0.082,-0.238,-0.161,0.012,0.033,0.075,0.013,0.035,0.013,-0.032,0.013,0.041,0.095,0.013,0.039,0.013,-0.014,,,,,,0.062,0.043,-0.017,0.062,0.062,-0.006,0,0,0,0,0,0,0,0,0,-0.041,0.03,-0.105,0,0,0,0,,,,,,,,,0,0,0,0,,,,,,,,,,,,,,,,,,,,,,,,,,,,,,,,,,,,,,,,,,,,,,,,,,,,,,,,,,,,,,,,,,,,,,,,,,,,,,,,,,,,,,0
671,-0.016,-0.004,0.294,0.33,-0.013,0.116,0.022,0.128,0.158,0.051,0.022,0.022,-0.028,0.077,,,,,,,,,,0.009,-0.144,0.049,-0.22,-0.002,0,0.019,-0.24,-0.076,0.023,-0.01,,,,,,0.336,-0.469,-0.02,0.343,0,0.001,,,,,,,,,,,,,-0.033,-0.037,-0.017,0.014,-0.039,-0.034,-0.046,-0.014,-0.279,-0.004,0,0,,,,,,,,,,,,,,,,,,,,,,,,,,,,,,,,,,,,,,,,,,,,,,,,,,,,,,,,,,,,,,,,,,,,,,,,,,,,,,,,,,,,,,,,,,,,,,,,,,,,,,,,,,,,,,,,,,,,,,,,,,,,,,,,,,,,,,,,,,,,,,,,,,,,,,,,,,,,,,,,,,,,,,,,,,,,,,,,,,,,,,,,,,,,,,,,,,,,,,,,,,,,,,,,,,,,,,,,,,,,,,,,,,,,,,,,,,,,,,,,,,,,,,,,,,,,,,,,,,,,,,,,,,,,,,,,,,,,,,,,,,,,,,,,,,,,,,,,,,,,,,,,,,,,,,,,,,,,,,,,,,,,,,,,,,,,,,,,,,,,,,,,,,,,,,,,,,,,,,,,,,,,,,,,,,,,,,,,,,,,,,,,,,,,,,,,,,,,,,,,,,,,,,,,,,,,,,,,,,,,,,,,,,,,,,,,,,,,,,,,,,,,,,,,,,,,,,,,,,,,,,,,,,,,,,,,,,,,,,,,,,,,,,,,,,,,,,,,,,,,,,,,,,,,,,,,,,,,,,,,,,,,,,,,,,,,,,,,,,,,,,,,,,,,,,,,,,,,,,,,,,,,,,,,,,,,,,,,,,,,,,,,,,,,,,,,,,,,,,,,,,,,,,,,,,,,,,,,,,,,,,,,,,,-0.114,-0.045,-0.179,-0.179,-0.03,-0.057,0.024,-0.101,-0.035,-0.284,-0.198,-0.198,0.004,-0.038,,,,,,,,,,,,,,,-0.216,-0.03,-0.238,0.366,-0.032,-0.023,-0.107,-0.092,-0.168,-0.157,0.082,0.085,0.184,-0.099,-0.017,0.218,0.366,-0.092,0.02,-0.117,0.078,-0.083,-0.238,-0.107,0.085,0.218,0.082,-0.017,0.082,0.082,-0.03,-0.023,-0.005,-0.033,-0.022,-0.023,-0.216,-0.032,-0.157,-0.099,-0.168,0.184,0.017,-0.48,0.017,-0.48,0.001,0.003,0,0,0,0,0,-0.003,-0.003,0,0,-0.056,-0.046,0.002,0,-0.041,-0.056,-0.011,0.002,0.05,-0.041,0,-0.065,0.036,0.104,0.002,-0.025,0,0,-0.006,-0.064,0,0,0.005,-0.026,-0.002,-0.056,-0.002,-0.056,0,0,-0.012,0.028,-0.013,0.028,-0.011,0.055,0,0,0.057,0,0,0,0,0,0,0,0.13,0.084,0.013,0.005,0.018,0.05,0.032,0.013,0.013,0.013,-0.025,0.011,-0.058,0.065,0.013,0.021,0.013,0.012,,,,,,-0.119,-0.116,-0.089,-0.119,-0.119,-0.217,0,0,0,0,0,0,0,0,0,0.037,-0.082,0.095,0,0,0,0,,,,,,,,,0,0,0,0,,,,,,,,,,,,,,,,,,,,,,,,,,,,,,,,,,,,,,,,,,,,,,,,,,,,,,,,,,,,,,,,,,,,,,,,,,,,,,,,,,,,,,0
673,,,,,,,,,,,,,,,,,,,,,,,,,,,,,,,,,,,,,,,,,,,,,,,,,,,,,,,,,,,,,,,,,,,,,,,,,,,,,,,,,,0.102,0.119,-0.116,-0.291,0.002,0.077,-0.022,-0.166,0.04,0.026,0.385,0.385,-0.061,-0.126,-0.067,0.303,-0.034,0.052,-0.002,0,-0.069,0.096,0.004,,,,,,,,,,0.104,0.052,,,,,,-0.044,0.316,0.153,-0.197,0,0,,,,,,,,,,,,,,,-0.029,0.058,-0.03,-0.023,-0.028,-0.034,0.033,0.008,0.234,-0.035,0.229,0.051,-0.014,0.001,,,,,,,,,,,,,,,,,,,,,,,,,,,,,,,,,,,,,,,,,,,,,,,,,,,,,,,,,,,,,,,,,,,,,,,,,,,,,,,,,,,,,,,,,,,,,,,,,,,,,,,,,,,,,,,,,,,,,,,,,,,,,,,,,,,,,,,,,,,,,,,,,,,,,,,,,,,,,,,,,,,,,,,,,,,,,,,,,,,,,,,,,,,,,,,,,,,,,,,,,,,,,,,,,,,,,,,,,,,,,,,,,,,,,,,,,,,,,,,,,,,,,,,,,,,,,,,,,,,,,,,,,,,,,,,,,,,,,,,,,,,,,,,,,,,,,,,,,,,,,,,,,,,,,,,,,,,,,,,,,,,,,,,,,,,,,,,,,,,,,,,,,,,,,,,,,,,,,,,,,,,,,,,,,,,,,,,,,,,,,,,,,,,,,,,,,,,,,,,,,,,,,,,,,,,,,,,,,,,,,,,,,,,,,,,,,,,,,,,,,,,,,,,,,,,,,,,,,,,,,,,,,,,,,,,,,,,,,,,,,,,,,,,,,,,,,,,,,,,,,,,,,,,,,,,,,,,,,,,,,,,,,,,,,,,,,,,,,,,,,,,,,,,,,,,,,,,,,,,,,,,,,,,,,,0.101,0.011,0.344,-0.163,-0.049,-0.033,-0.031,-0.001,0.05,0.03,-0.074,-0.104,0.045,0.193,-0.05,-0.115,-0.163,-0.001,-0.033,-0.034,-0.237,0.008,0.344,-0.031,-0.104,-0.115,-0.074,-0.05,0.037,0.037,0.011,-0.033,0.085,-0.05,-0.007,-0.033,0.101,-0.049,0.03,0.193,0.05,0.045,0.303,0.52,0.303,0.52,0.048,0.031,0.082,0,0,0,0,-0.009,-0.009,-0.002,-0.001,-0.056,-0.046,-0.007,-0.002,0.099,-0.056,-0.006,-0.007,0.068,0.099,,,,,,,,,,,,,,,,,,,,,,,,,,,,,,,,,0,0,0,0,0.153,0.028,-0.288,-0.131,0.008,-0.018,0.082,0.013,0.039,0.013,0.018,0.012,-0.033,0.06,0.013,0.027,0.013,0.038,,,,,,0.017,0.002,-0.039,0.017,0.017,0.148,0,0,0,0,0,0,0,0,,,,,,,,,0.008,-0.079,0.008,-0.079,0,0,0,0,0,0,0,0,,,,,,,,,,,,,,,,,,,,,,,,,,,,,,,,,,,,,,,,,,,,,,,,,,,,,,,,,,,,,,,,,,,,,,,,,,,,,,,,,,,,,,0
674,,,,,,,,,,,,,,,,,,,,,,,,,,,,,,,,,,,,,,,,,,,,,,,,,,,,,,,,,,,,,,,,,,,,,,,,,,,,,,,,,,0.047,0.047,-0.138,-0.291,0.113,0.077,-0.014,-0.103,-0.078,-0.069,-0.122,-0.122,-0.155,0.273,0.033,-0.146,0.066,-0.291,-0.005,0,0.043,-0.049,0.095,,,,,,,,,,,,-0.011,0.188,-0.01,-0.15,0.2,,,,-0.197,0,0,,,,,,,,,,,,,,,0.157,-0.062,0.055,0.052,0.011,0.016,-0.036,0.008,0.035,0.031,0.137,-0.036,0.002,-0.001,,,,,,,,,,,,,,,,,,,,,,,,,,,,,,,,,,,,,,,,,,,,,,,,,,,,,,,,,,,,,,,,,,,,,,,,,,,,,,,,,,,,,,,,,,,,,,,,,,,,,,,,,,,,,,,,,,,,,,,,,,,,,,,,,,,,,,,,,,,,,,,,,,,,,,,,,,,,,,,,,,,,,,,,,,,,,,,,,,,,,,,,,,,,,,,,,,,,,,,,,,,,,,,,,,,,,,,,,,,,,,,,,,,,,,,,,,,,,,,,,,,,,,,,,,,,,,,,,,,,,,,,,,,,,,,,,,,,,,,,,,,,,,,,,,,,,,,,,,,,,,,,,,,,,,,,,,,,,,,,,,,,,,,,,,,,,,,,,,,,,,,,,,,,,,,,,,,,,,,,,,,,,,,,,,,,,,,,,,,,,,,,,,,,,,,,,,,,,,,,,,,,,,,,,,,,,,,,,,,,,,,,,,,,,,,,,,,,,,,,,,,,,,,,,,,,,,,,,,,,,,,,,,,,,,,,,,,,,,,,,,,,,,,,,,,,,,,,,,,,,,,,,,,,,,,,,,,,,,,,,,,,,,,,,,,,,,,,,,,,,,,,,,,,,,,,,,,,,,,,,,,,,,,,,,0.182,-0.03,0.072,-0.207,0.137,0.13,-0.044,-0.092,-0.038,0.02,0.074,0.135,0.137,0.238,-0.05,0.218,-0.207,-0.092,0.203,-0.053,-0.263,-0.083,0.072,-0.044,0.135,0.218,0.074,-0.05,0.063,0.063,-0.03,0.13,0.109,0.139,-0.022,0.131,0.182,0.137,0.02,0.238,-0.038,0.137,0.017,-0.48,0.017,-0.48,-0.023,-0.013,-0.027,0,0,0,0,-0.005,-0.005,0.004,0,-0.056,0.059,-0.007,0.004,0.219,-0.056,-0.012,-0.007,0.137,0.219,0.004,-0.065,0.073,0.285,-0.006,0.235,0,0,-0.006,0.164,0,0,-0.006,0.155,0.008,0.17,0.009,0.17,0,0,-0.013,0.151,-0.014,0.151,-0.012,0.142,0,0,0.055,0.004,0,0,0,0,0,0,0.164,0.25,-0.129,-0.123,0.016,0.025,-0.035,0.013,-0.017,0.013,0.018,0.013,-0.004,0.011,0.013,0.005,0.013,-0.024,,,,,,0.062,0.063,0.206,0.062,0.062,0.181,0,0,0,0,0,0,0,0,0,0.029,0.03,0.074,0,0,0,0,,,,,,,,,0,0,0,0,,,,,,,,,,,,,,,,,,,,,,,,,,,,,,,,,,,,,,,,,,,,,,,,,,,,,,,,,,,,,,,,,,,,,,,,,,,,,,,,,,,,,,0
675,-0.003,0.019,-0.015,-0.016,-0.056,0.116,0,-0.032,0.056,0.109,0.101,0.101,-0.02,0.01,,,,,,,,,,0.009,-0.143,-0.051,0.215,0.005,0,0.019,-0.191,0.006,,,0.101,0.044,,,,-0.164,0.008,-0.002,-0.157,0,0.001,,,,,,,,,,,,,-0.006,-0.012,-0.021,0.01,-0.039,-0.037,0.011,-0.026,-0.217,0.003,0,0,,,,,,,,,,,,,,,,,,,,,,,,,,,,,,,,,,,,,,,,,,,,,,,,,,,,,,,,,,,,,,,,,,,,,,,,,,,,,,,,,,,,,,,,,,,,,,,,,,,,,,,,,,,,,,,,,,,,,,,,,,,,,,,,,,,,,,,,,,,,,,,,,,,,,,,,,,,,,,,,,,,,,,,,,,,,,,,,,,,,,,,,,,,,,,,,,,,,,,,,,,,,,,,,,,,,,,,,,,,,,,,,,,,,,,,,,,,,,,,,,,,,,,,,,,,,,,,,,,,,,,,,,,,,,,,,,,,,,,,,,,,,,,,,,,,,,,,,,,,,,,,,,,,,,,,,,,,,,,,,,,,,,,,,,,,,,,,,,,,,,,,,,,,,,,,,,,,,,,,,,,,,,,,,,,,,,,,,,,,,,,,,,,,,,,,,,,,,,,,,,,,,,,,,,,,,,,,,,,,,,,,,,,,,,,,,,,,,,,,,,,,,,,,,,,,,,,,,,,,,,,,,,,,,,,,,,,,,,,,,,,,,,,,,,,,,,,,,,,,,,,,,,,,,,,,,,,,,,,,,,,,,,,,,,,,,,,,,,,,,,,,,,,,,,,,,,,,,,,,,,,,,,,,,,,,,,,,,,,,,,,,,,,,,,,,,,,,,,,,,,,,,,,,,,,,,,,,,,,,,,,,,,,,,,,,,,,,,,,,,,,,,,,,,,,,,,,,-0.28,-0.19,-0.147,0.131,0.027,0.029,0,-0.014,0.053,-0.017,-0.021,-0.053,-0.132,0.193,-0.083,0.218,0.131,-0.014,0.073,-0.009,-0.062,-0.005,-0.147,0,-0.053,0.218,-0.021,-0.083,0.057,0.057,-0.19,0.029,-0.023,0.027,-0.076,0.029,-0.28,0.027,-0.017,0.193,0.053,-0.132,-0.04,0.52,-0.04,0.52,0.005,0.011,0.043,0,0,0,0,0.008,0.008,0.004,-0.003,-0.029,-0.099,0.001,0.004,0.139,-0.029,-0.012,0.001,-0.12,0.139,0.004,-0.038,0.146,0.104,0.002,0.155,0,0,-0.045,-0.023,0,0,0.004,0.076,0.018,0.034,0.02,0.034,0,0,0.012,-0.126,0.011,-0.126,-0.012,-0.115,0,0,-0.128,-0.011,0,0,0,0,0,0,-0.061,-0.166,-0.115,-0.127,0.018,0.073,0.063,0.013,0.029,0.013,-0.039,0.017,0.103,-0.012,0.013,-0.005,0.013,-0.075,,,,,,-0.074,-0.07,-0.101,-0.074,-0.074,-0.055,0,0,0,0,0,0,0,0,0,-0.026,-0.082,-0.066,0,0,0,0,,,,,,,,,0,0,0,0,,,,,,,,,,,,,,,,,,,,,,,,,,,,,,,,,,,,,,,,,,,,,,,,,,,,,,,,,,,,,,,,,,,,,,,,,,,,,,,,,,,,,,0
676,-0.042,0.019,-0.179,-0.179,-0.1,0.07,-0.007,-0.072,-0.031,-0.083,0.054,0.054,0.011,-0.064,0.087,-0.204,0.008,-0.095,-0.001,0,0.01,0.589,0.036,,,,,,,,,,,,0.045,0.11,,,,0.336,-0.457,0.251,-0.157,0,0.001,-0.089,0.026,0.021,-0.044,-0.002,-0.04,-0.05,-0.007,-0.2,-0.024,0,-0.005,,,,,,,,,,,,,,,,,,,,,,,,,,,,,,,,,,,,,,,,,,,,,,,,,,,,,,,,,,,,,,,,,,,,,,,,,,,,,,,,,,,,,,,,,,,,,,,,,,,,,,,,,,,,,,,,,,,,,,,,,,,,,,,,,,,,,,,,,,,,,,,,,,,,,,,,,,,,,,,,,,,,,,,,,,,,,,,,,,,,,,,,,,,,,,,,,,,,,,,,,,,,,,,,,,,,,,,,,,,,,,,,,,,,,,,,,,,,,,,,,,,,,,,,,,,,,,,,,,,,,,,,,,,,,,,,,,,,,,,,,,,,,,,,,,,,,,,,,,,,,,,,,,,,,,,,,,,,,,,,,,,,,,,,,,,,,,,,,,,,,,,,,,,,,,,,,,,,,,,,,,,,,,,,,,,,,,,,,,,,,,,,,,,,,,,,,,,,,,,,,,,,,,,,,,,,,,,,,,,,,,,,,,,,,,,,,,,,,,,,,,,,,,,,,,,,,,,,,,,,,,,,,,,,,,,,,,,,,,,,,,,,,,,,,,,,,,,,,,,,,,,,,,,,,,,,,,,,,,,,,,,,,,,,,,,,,,,,,,,,,,,,,,,,,,,,,,,,,,,,,,,,,,,,,,,,,,,,,,,,,,,,,,,,,,,,,,,,,,,,,,,,,,,,,,,,,,,,,,,,,,,,,,,,,,,,,,,,,,,,,,,,,,,,,,,,,,,,,,,,,,,,,,,-0.28,-0.19,-0.091,0.078,-0.062,-0.082,-0.1,-0.17,0.105,0.084,0.127,0.108,-0.167,0.024,-0.05,0.218,0.078,-0.17,0.107,-0.111,-0.093,-0.161,-0.091,-0.1,0.108,0.218,0.127,-0.05,0.101,0.101,-0.19,-0.082,-0.023,-0.063,-0.076,-0.082,-0.28,-0.062,0.084,0.024,0.105,-0.167,-0.04,0.52,-0.04,0.52,0.039,0.027,0.082,0,0,0,0,0.011,0.011,-0.002,0.003,-0.083,-0.02,-0.001,-0.002,0.059,-0.083,-0.02,-0.001,0.004,0.059,-0.002,-0.092,0.126,0.013,0,0.075,0,0,0.04,-0.046,0,0,-0.009,-0.089,-0.005,-0.066,-0.005,-0.066,0,0,0.006,0.006,0.005,0.006,-0.02,0.009,0,0,-0.083,0.003,0,0,0,0,0,0,0.148,0.122,0.014,-0.125,0.011,-0.004,0.066,0.013,0.031,0.013,0.011,0.013,0.001,0.029,0.013,0.015,0.013,-0.049,,,,,,-0.029,-0.026,0.04,-0.029,-0.029,0.026,0,0,0,0,0,0,0,0,0,0.099,-0.082,0.25,0,0,0,0.007,,,,,,,,,0,0,0,0,,,,,,,,,,,,,,,,,,,,,,,,,,,,,,,,,,,,,,,,,,,,,,,,,,,,,,,,,,,,,,,,,,,,,,,,,,,,,,,,,,,,,,0
678,-0.075,-0.086,-0.197,-0.161,0.031,0.161,0.008,0.008,0.117,-0.137,-0.231,-0.231,0.134,-0.056,-0.013,-0.118,-0.092,0.339,0.005,0,0.01,-0.229,0,,,,,,,,,,0.058,0.001,,,,,,-0.164,0.48,-0.027,-0.157,0,0.001,0.081,0.027,0.05,-0.088,0,-0.014,-0.026,-0.012,-0.035,-0.011,0,-0.002,,,,,,,,,,,,,,,,,,,,,,,,,,,,,,,,,,,,,,,,,,,,,,,,,,,,,,,,,,,,,,,,,,,,,,,,,,,,,,,,,,,,,,,,,,,,,,,,,,,,,,,,,,,,,,,,,,,,,,,,,,,,,,,,,,,,,,,,,,,,,,,,,,,,,,,,,,,,,,,,,,,,,,,,,,,,,,,,,,,,,,,,,,,,,,,,,,,,,,,,,,,,,,,,,,,,,,,,,,,,,,,,,,,,,,,,,,,,,,,,,,,,,,,,,,,,,,,,,,,,,,,,,,,,,,,,,,,,,,,,,,,,,,,,,,,,,,,,,,,,,,,,,,,,,,,,,,,,,,,,,,,,,,,,,,,,,,,,,,,,,,,,,,,,,,,,,,,,,,,,,,,,,,,,,,,,,,,,,,,,,,,,,,,,,,,,,,,,,,,,,,,,,,,,,,,,,,,,,,,,,,,,,,,,,,,,,,,,,,,,,,,,,,,,,,,,,,,,,,,,,,,,,,,,,,,,,,,,,,,,,,,,,,,,,,,,,,,,,,,,,,,,,,,,,,,,,,,,,,,,,,,,,,,,,,,,,,,,,,,,,,,,,,,,,,,,,,,,,,,,,,,,,,,,,,,,,,,,,,,,,,,,,,,,,,,,,,,,,,,,,,,,,,,,,,,,,,,,,,,,,,,,,0.067,-0.122,0.019,-0.036,-0.031,-0.243,0.123,0.137,-0.035,-0.032,0.016,0.003,-0.048,-0.034,,,,,,,,,,,,,,,,,,,,,,,,,,,,,-0.014,0.134,0.52,-0.207,-0.055,-0.031,-0.019,-0.02,0.079,0.033,-0.086,-0.153,-0.263,0.069,-0.083,-0.115,-0.207,-0.02,0.005,-0.009,-0.263,-0.011,0.52,-0.019,-0.153,-0.115,-0.086,-0.083,0.063,0.063,0.134,-0.031,-0.364,-0.056,0.035,-0.031,-0.014,-0.055,0.033,0.069,0.079,-0.263,-0.04,-0.48,-0.04,-0.48,-0.009,-0.009,-0.02,0,0,0,0,0.005,0.005,0,0.001,0.052,0.007,0.003,0,0.039,0.052,-0.007,0.003,0.008,0.039,0,0.043,-0.073,-0.048,0.003,0.055,0,0,0.034,0.141,0,0,0.006,0.009,0.01,0.065,0.01,0.065,0,0,-0.009,0.072,-0.01,0.072,-0.007,0.014,0,0,-0.118,-0.007,0,0,0,0,0,0,0.142,0.233,-0.139,-0.121,0.016,0.059,0.009,0.013,0.005,0.013,-0.025,0.015,0.049,0.036,0.013,0.017,0.013,0.012,,,,,,-0.029,-0.041,0.029,-0.029,-0.029,-0.128,0,0,0,0,0,0,0,0,,,,,,,,,0.008,-0.09,0.008,-0.09,0,0,0,0,0,0,0,0,,,,,,,,,,,,,,,,,,,,,,,,,,,,,,,,,,,,,,,,,,,,,,,,,,,,,,,,,,,,,,,,,,,,,,,,,,,,,,,,,,,,,,0
681,0.069,0.033,-0.015,0.003,0.031,0.116,-0.015,-0.032,0.03,0.131,0.308,0.308,0.119,-0.065,-0.013,-0.073,0.008,-0.149,0.002,0,0.01,-0.257,-0.073,,,,,,,,,,,,0.117,-0.128,,,,-0.164,0.44,-0.021,0.343,0,0.001,0.072,-0.102,0,0.155,0.002,0.05,0.127,0.013,0.048,0.073,0,-0.003,,,,,,,,,,,,,,,,,,,,,,,,,,,,,,,,,,,,,,,,,,,,,,,,,,,,,,,,,,,,,,,,,,,,,,,,,,,,,,,,,,,,,,,,,,,,,,,,,,,,,,,,,,,,,,,,,,,,,,,,,,,,,,,,,,,,,,,,,,,,,,,,,,,,,,,,,,,,,,,,,,,,,,,,,,,,,,,,,,,,,,,,,,,,,,,,,,,,,,,,,,,,,,,,,,,,,,,,,,,,,,,,,,,,,,,,,,,,,,,,,,,,,,,,,,,,,,,,,,,,,,,,,,,,,,,,,,,,,,,,,,,,,,,,,,,,,,,,,,,,,,,,,,,,,,,,,,,,,,,,,,,,,,,,,,,,,,,,,,,,,,,,,,,,,,,,,,,,,,,,,,,,,,,,,,,,,,,,,,,,,,,,,,,,,,,,,,,,,,,,,,,,,,,,,,,,,,,,,,,,,,,,,,,,,,,,,,,,,,,,,,,,,,,,,,,,,,,,,,,,,,,,,,,,,,,,,,,,,,,,,,,,,,,,,,,,,,,,,,,,,,,,,,,,,,,,,,,,,,,,,,,,,,,,,,,,,,,,,,,,,,,,,,,,,,,,,,,,,,,,,,,,,,,,,,,,,,,,,,,,,,,,,,,,,,,,,,,,,,,,,,,,,,,,,,,,,,,,,,,,,,,,,,,,,,,,,,,,,,,,,,,,,,,,,,,,,,,,,,,,,,,,,,,,,,,,,,,,,,,,,,,,,,,,,,,,,,,,,,,,,,,,,,,,,,,,,,,,,,,,,,,,,,,,,,,,,,,,,,,,,,,,,,,,,,,,,,,,,,,,,,,,,,,,,,,,,,,,,,,,,,,,,,,,,,,,,,,,,,,,,,,,,,,,,,,,,,,,,,,,,,,,,,,,,,0,0,0,0,-0.284,-0.01,-0.225,0.001,0,0,0,0,0,0,0,0,0.026,-0.131,-0.117,-0.099,-0.015,0.007,-0.047,0.008,0.005,-0.012,,,,,,,,,0,0,0,0,0.09,0.036,-0.067,-0.051,-0.35,0,0,0,0,0,0.001,0.003,0.005,-0.025,-0.093,0.003,0,0,0,0,-0.186,0.148,-0.008,0,0,0,-0.001,-0.005,0,0,0,0,-0.249,,,,,,,,0,0,0.018,0,0
682,-0.14,-0.146,0.33,0.312,0.074,0.161,0.052,0.248,0.097,-0.024,-0.193,-0.193,-0.138,0.076,-0.013,-0.044,0.008,-0.147,0,0,0.01,-0.236,-0.076,,,,,,,,,,,,0.186,-0.185,,,,-0.164,0.415,-0.018,0.343,0,0.001,-0.023,-0.031,-0.001,-0.14,0.001,0.006,-0.058,0.001,-0.176,-0.044,0,-0.002,,,,,,,,,,,,,,,,,,,,,,,,,,,,,,,,,,,,,,,,,,,,,,,,,,,,,,,,,,,,,,,,,,,,,,,,,,,,,,,,,,,,,,,,,,,,,,,,,,,,,,,,,,,,,,,,,,,,,,,,,,,,,,,,,,,,,,,,,,,,,,,,,,,,,,,,,,,,,,,,,,,,,,,,,,,,,,,,,,,,,,,,,,,,,,,,,,,,,,,,,,,,,,,,,,,,,,,,,,,,,,,,,,,,,,,,,,,,,,,,,,,,,,,,,,,,,,,,,,,,,,,,,,,,,,,,,,,,,,,,,,,,,,,,,,,,,,,,,,,,,,,,,,,,,,,,,,,,,,,,,,,,,,,,,,,,,,,,,,,,,,,,,,,,,,,,,,,,,,,,,,,,,,,,,,,,,,,,,,,,,,,,,,,,,,,,,,,,,,,,,,,,,,,,,,,,,,,,,,,,,,,,,,,,,,,,,,,,,,,,,,,,,,,,,,,,,,,,,,,,,,,,,,,,,,,,,,,,,,,,,,,,,,,,,,,,,,,,,,,,,,,,,,,,,,,,,,,,,,,,,,,,,,,,,,,,,,,,,,,,,,,,,,,,,,,,,,,,,,,,,,,,,,,,,,,,,,,,,,,,,,,,,,,,,,,,,,,,,,,,,,,,,,,,,,,,,,,,,,,,,,,,,,,,,,,,,,,,,,,,,,,,,,,,,,,,,,,,,,,,,,,,,,,-0.084,0.185,-0.21,0.07,0.009,0.031,0.025,0.051,-0.142,-0.157,0.087,0.07,0.207,0.069,-0.05,0.218,0.07,0.051,0.037,0.017,-0.099,0.06,-0.21,0.025,0.07,0.218,0.087,-0.05,0.104,0.104,0.185,0.031,0.033,0.009,0.053,0.031,-0.084,0.009,-0.157,0.069,-0.142,0.207,0.017,-0.48,0.017,-0.48,-0.019,-0.02,-0.067,0,0,0,0,-0.009,-0.009,0.001,0.001,0.106,-0.02,0.004,0.001,0.139,0.106,-0.001,0.004,0.109,0.139,0.001,0.097,-0.017,0.104,0.005,0.155,0,0,-0.003,0.084,0,0,-0.002,0.08,0.002,0.077,0.002,0.077,0,0,-0.003,0.129,-0.005,0.129,-0.001,0.114,0,0,0.078,0.01,0,0,0,0,0,0,-0.179,0.17,0.038,0.03,0.013,-0.012,0.054,0.013,0.025,0.013,-0.015,0.014,-0.004,-0.005,0.013,-0.001,0.013,-0.014,,,,,,0.108,0.078,-0.064,0.108,0.108,0.026,0,0,0,0,0,0,0,0,0,0.072,-0.082,0.182,0,0,0,0,,,,,,,,,0,0,0,0,,,,,,,,,,,,,,,,,,,,,,,,,,,,,,,,,,,,,,,,,,,,,,,,,,,,,,,,,,,,,,,,,,,,,,,,,,,,,,,,,,,,,,0
684,0.01,-0.086,-0.179,-0.179,0.031,0.025,-0.015,0.008,-0.118,-0.104,0.091,0.091,-0.171,0.033,-0.013,0.019,0.008,0.169,0.002,0,0.01,-0.154,-0.045,,,,,,,,,,,,-0.037,-0.125,,,,0.336,-0.482,0.067,-0.157,0,0.001,0.08,-0.07,0.018,0.128,0.002,0.044,-0.006,0.017,0.095,-0.022,0,0.005,,,,,,,,,,,,,,,,,,,,,,,,,,,,,,,,,,,,,,,,,,,,,,,,,,,,,,,,,,,,,,,,,,,,,,,,,,,,,,,,,,,,,,,,,,,,,,,,,,,,,,,,,,,,,,,,,,,,,,,,,,,,,,,,,,,,,,,,,,,,,,,,,,,,,,,,,,,,,,,,,,,,,,,,,,,,,,,,,,,,,,,,,,,,,,,,,,,,,,,,,,,,,,,,,,,,,,,,,,,,,,,,,,,,,,,,,,,,,,,,,,,,,,,,,,,,,,,,,,,,,,,,,,,,,,,,,,,,,,,,,,,,,,,,,,,,,,,,,,,,,,,,,,,,,,,,,,,,,,,,,,,,,,,,,,,,,,,,,,,,,,,,,,,,,,,,,,,,,,,,,,,,,,,,,,,,,,,,,,,,,,,,,,,,,,,,,,,,,,,,,,,,,,,,,,,,,,,,,,,,,,,,,,,,,,,,,,,,,,,,,,,,,,,,,,,,,,,,,,,,,,,,,,,,,,,,,,,,,,,,,,,,,,,,,,,,,,,,,,,,,,,,,,,,,,,,,,,,,,,,,,,,,,,,,,,,,,,,,,,,,,,,,,,,,,,,,,,,,,,,,,,,,,,,,,,,,,,,,,,,,,,,,,,,,,,,,,,,,,,,,,,,,,,,,,,,,,,,,,,,,,,,,,,,,,,,,,,,,,,,,,,,,,,,,,,,,,,,,,,,,,,,,,,,,,,,,,,,,,,,,,,,,,,,,,,,,,,,,,,,,,,,,,,,,,,,,,,,,,,,,,,,,,,,,,,,,,,,,,,,,,,,,,,,,,,,,,,,,,,,,,,,,,,,,,,,,,,,,,,,,,,,,,,,,,,,,,,,,,,,,,,,,,,,,,,,,,,,,,,,,,,,,,,,,,0,0,0,0,-0.112,0.162,0.113,-0.075,0,0,0,0,0,0,-0.001,0,-0.308,0.041,0.025,-0.018,0.076,-0.17,0.001,-0.13,-0.055,-0.02,0,0,0,0,0.081,-0.047,0.059,-0.031,,,,,,,,,0.05,0,0,0,0,0.01,0.002,0.003,-0.002,-0.065,0.045,0.003,0,0,0,0,-0.52,-0.14,0.022,0,0,0,,,,,,,,-0.131,-0.142,0,0,0,0,0.25,0,0,0,0,0
685,,,,,,,,,,,,,,,,,,,,,,,,,,,,,,,,,,,,,,,,,,,,,,,,,,,,,,,,,,,,,,,,,,,,,,,,,,,,,,,,,,0.077,0.047,-0.072,-0.119,0.002,0,-0.014,-0.072,0.154,0.076,-0.354,-0.354,-0.143,0.102,,,,,,,,,,0.012,-0.074,-0.052,0.462,0.005,0,0.013,0.045,0.098,,,-0.011,0.052,,,,-0.044,0.23,0.001,-0.197,0,0,,,,,,,,,,,,,,,0.042,-0.12,0.189,0.126,0.05,0.052,0.028,0.008,0.424,0.012,0.292,0.018,0.006,0.012,,,,,,,,,,,,,,,,,,,,,,,,,,,,,,,,,,,,,,,,,,,,,,,,,,,,,,,,,,,,,,,,,,,,,,,,,,,,,,,,,,,,,,,,,,,,,,,,,,,,,,,,,,,,,,,,,,,,,,,,,,,,,,,,,,,,,,,,,,,,,,,,,,,,,,,,,,,,,,,,,,,,,,,,,,,,,,,,,,,,,,,,,,,,,,,,,,,,,,,,,,,,,,,,,,,,,,,,,,,,,,,,,,,,,,,,,,,,,,,,,,,,,,,,,,,,,,,,,,,,,,,,,,,,,,,,,,,,,,,,,,,,,,,,,,,,,,,,,,,,,,,,,,,,,,,,,,,,,,,,,,,,,,,,,,,,,,,,,,,,,,,,,,,,,,,,,,,,,,,,,,,,,,,,,,,,,,,,,,,,,,,,,,,,,,,,,,,,,,,,,,,,,,,,,,,,,,,,,,,,,,,,,,,,,,,,,,,,,,,,,,,,,,,,,,,,,,,,,,,,,,,,,,,,,,,,,,,,,,,,,,,,,,,,,,,,,,,,,,,,,,,,,,,,,,,,,,,,,,,,,,,,,,,,,,,,,,,,,,,,,,,,,,,,,,,,,,,,,,,,,,,,,,,,,,-0.28,0.026,0.293,-0.085,-0.05,-0.047,0.057,-0.092,0.183,0.16,0.018,-0.053,-0.252,0.013,-0.05,0.218,-0.085,-0.092,0.333,0.049,-0.191,-0.083,0.293,0.057,-0.053,0.218,0.018,-0.05,0.057,0.057,0.026,-0.047,-0.023,-0.051,-0.002,-0.047,-0.28,-0.05,0.16,0.013,0.183,-0.252,-0.04,-0.48,-0.04,-0.48,-0.019,-0.009,-0.02,0,0,0,0,-0.005,-0.005,0,0,-0.056,0.086,0.001,0,-0.141,-0.056,-0.013,0.001,-0.148,-0.141,-0.001,-0.065,-0.115,-0.199,0.002,-0.125,0,0,-0.064,-0.012,0,0,-0.006,0.033,0.008,0.049,0.008,0.049,0,0,0.012,-0.152,0.011,-0.152,-0.013,-0.142,0,0,-0.251,-0.008,0,0,0,0,0,0,0.119,0.167,0.109,0.046,0.019,0.076,-0.075,0.013,-0.033,0.013,-0.025,0.017,0.089,0.039,0.013,0.019,0.013,0.005,,,,,,0.062,0.056,0.117,0.062,0.062,-0.128,0,0,0,0,0,0,0,0,0,-0.02,0.03,-0.052,0,0,0,0,,,,,,,,,0,0,0,0,,,,,,,,,,,,,,,,,,,,,,,,,,,,,,,,,,,,,,,,,,,,,,,,,,,,,,,,,,,,,,,,,,,,,,,,,,,,,,,,,,,,,,0
691,,,,,,,,,,,,,,,,,,,,,,,,,,,,,,,,,,,,,,,,,,,,,,,,,,,,,,,,,,,,,,,,,,,,,,,,,,,,,,,,,,0.065,0.069,-0.116,-0.274,0.058,0.077,-0.018,-0.135,-0.103,-0.039,0.286,0.286,-0.146,-0.003,,,,,,,,,,0.012,-0.204,-0.052,0.244,-0.005,0,0.013,-0.165,0.118,0.124,0.022,,,-0.01,-0.178,-0.074,,,,-0.197,0,0,,,,,,,,,,,,,,,0.035,-0.104,0.028,0.075,0.05,0.054,-0.027,0.008,-0.012,0.082,0.202,-0.049,0.02,0.001,,,,,,,,,,,,,,,,,,,,,,,,,,,,,,,,,,,,,,,,,,,,,,,,,,,,,,,,,,,,,,,,,,,,,,,,,,,,,,,,,,,,,,,,,,,,,,,,,,,,,,,,,,,,,,,,,,,,,,,,,,,,,,,,,,,,,,,,,,,,,,,,,,,,,,,,,,,,,,,,,,,,,,,,,,,,,,,,,,,,,,,,,,,,,,,,,,,,,,,,,,,,,,,,,,,,,,,,,,,,,,,,,,,,,,,,,,,,,,,,,,,,,,,,,,,,,,,,,,,,,,,,,,,,,,,,,,,,,,,,,,,,,,,,,,,,,,,,,,,,,,,,,,,,,,,,,,,,,,,,,,,,,,,,,,,,,,,,,,,,,,,,,,,,,,,,,,,,,,,,,,,,,,,,,,,,,,,,,,,,,,,,,,,,,,,,,,,,,,,,,,,,,,,,,,,,,,,,,,,,,,,,,,,,,,,,,,,,,,,,,,,,,,,,,,,,,,,,,,,,,,,,,,,,,,,,,,,,,,,,,,,,,,,,,,,,,,,,,,,,,,,,,,,,,,,,,,,,,,,,,,,,,,,,,,,,,,,,,,,,,,,,,,,,,,,,,,,,,,,,,,,,,,,,,,0.049,-0.03,-0.151,-0.207,0.15,0.136,-0.05,-0.137,-0.038,0.02,0.014,-0.038,0.125,-0.043,-0.017,-0.115,-0.207,-0.137,0.071,-0.06,-0.263,-0.128,-0.151,-0.05,-0.038,-0.115,0.014,-0.017,0.063,0.063,-0.03,0.136,0.071,0.152,-0.022,0.136,0.049,0.15,0.02,-0.043,-0.038,0.125,0.017,-0.48,0.017,-0.48,0.01,0.007,0.047,0,0,0,0,-0.002,-0.002,0.004,0,-0.002,0.059,0.009,0.004,-0.101,-0.002,-0.012,0.009,0.073,-0.101,0.004,-0.011,-0.16,-0.108,0.01,-0.085,0,0,-0.006,-0.059,0,0,-0.006,-0.05,0.008,-0.044,0.009,-0.044,0,0,0.012,0.059,0.011,0.059,-0.012,0.078,0,0,0.055,0.001,0,0,0,0,0,0,0.135,0.05,0.054,-0.011,0.012,0.022,-0.001,0.013,0.001,0.013,-0.009,0.016,0.094,0.033,0.013,0.009,0.013,-0.036,,,,,,0.062,0.07,0.261,0.062,0.062,0.157,0,0,0,0,0,0,0,0,,,,,,,,,0.008,0.018,0.008,0.018,0,0,0,0,0,0,0,0,,,,,,,,,,,,,,,,,,,,,,,,,,,,,,,,,,,,,,,,,,,,,,,,,,,,,,,,,,,,,,,,,,,,,,,,,,,,,,,,,,,,,,0
692,-0.075,-0.064,-0.015,-0.016,0.074,-0.021,0.015,0.088,-0.184,-0.099,-0.337,-0.337,0.062,-0.13,,,,,,,,,,0.009,-0.211,-0.051,0.441,0.004,0,0.019,-0.282,-0.008,,,0.033,0.01,-0.336,0.608,0.055,,,,-0.157,0,0.001,0.017,0.055,0.016,0.019,-0.002,-0.044,-0.001,-0.02,0.068,0.017,0,0.001,,,,,,,,,,,,,,,,,,,,,,,,,,,,,,,,,,,,,,,,,,,,,,,,,,,,,,,,,,,,,,,,,,,,,,,,,,,,,,,,,,,,,,,,,,,,,,,,,,,,,,,,,,,,,,,,,,,,,,,,,,,,,,,,,,,,,,,,,,,,,,,,,,,,,,,,,,,,,,,,,,,,,,,,,,,,,,,,,,,,,,,,,,,,,,,,,,,,,,,,,,,,,,,,,,,,,,,,,,,,,,,,,,,,,,,,,,,,,,,,,,,,,,,,,,,,,,,,,,,,,,,,,,,,,,,,,,,,,,,,,,,,,,,,,,,,,,,,,,,,,,,,,,,,,,,,,,,,,,,,,,,,,,,,,,,,,,,,,,,,,,,,,,,,,,,,,,,,,,,,,,,,,,,,,,,,,,,,,,,,,,,,,,,,,,,,,,,,,,,,,,,,,,,,,,,,,,,,,,,,,,,,,,,,,,,,,,,,,,,,,,,,,,,,,,,,,,,,,,,,,,,,,,,,,,,,,,,,,,,,,,,,,,,,,,,,,,,,,,,,,,,,,,,,,,,,,,,,,,,,,,,,,,,,,,,,,,,,,,,,,,,,,,,,,,,,,,,,,,,,,,,,,,,,,,,,,,,,,,,,,,,,,,,,,,,,,,,,,,,,,,,,,,,,,,,,,,,,,,,,,,,,,,,,,,,,,,,,,,,,,,,,,,,,,,,,,,,,,,,,,,,,,,,0.056,-0.026,0.12,-0.054,-0.116,-0.109,0.019,-0.144,-0.192,-0.206,0.106,0.146,0.057,-0.257,0.083,-0.115,-0.054,-0.144,0.231,0.011,-0.172,-0.135,0.12,0.019,0.146,-0.115,0.106,0.083,0.037,0.037,-0.026,-0.109,0.073,-0.118,-0.02,-0.109,0.056,-0.116,-0.206,-0.257,-0.192,0.057,-0.097,0.52,-0.097,0.52,0.005,0.007,0.016,-0.001,0,0,0,-0.001,-0.001,-0.001,-0.002,-0.11,-0.046,0.005,-0.001,0.079,-0.11,-0.007,0.005,-0.042,0.079,,,,,,,,,,,,,,,,,,,,,,,,,,,,,,,,,0,0,0,0,0.074,-0.042,0.072,0.106,0.016,0.025,-0.006,0.013,-0.003,0.013,0.005,0.014,0.01,0.012,0.013,0.003,0.013,0.031,,,,,,-0.119,-0.114,-0.176,-0.119,-0.119,-0.095,0,0,0,0,0,0,0,0,0,0.021,0.03,0.053,0,0,0,0,,,,,,,,,0,0,0,0.003,,,,,,,,,,,,,,,,,,,,,,,,,,,,,,,,,,,,,,,,,,,,,,,,,,,,,,,,,,,,,,,,,,,,,,,,,,,,,,,,,,,,,,0
693,0.167,0.168,-0.197,-0.197,-0.1,0.206,-0.044,-0.232,0.092,0.067,-0.226,-0.226,-0.087,0.107,,,,,,,,,,0.009,0.02,0.049,-0.336,-0.01,0,0.019,0.184,0.107,,,-0.133,-0.125,-0.336,0.637,-0.128,,,,-0.157,0,0.001,,,,,,,,,,,,,-0.005,0.011,0.005,0,0.018,0.015,0.141,0.003,-0.143,0.018,0,-0.001,,,,,,,,,,,,,,,,,,,,,,,,,,,,,,,,,,,,,,,,,,,,,,,,,,,,,,,,,,,,,,,,,,,,,,,,,,,,,,,,,,,,,,,,,,,,,,,,,,,,,,,,,,,,,,,,,,,,,,,,,,,,,,,,,,,,,,,,,,,,,,,,,,,,,,,,,,,,,,,,,,,,,,,,,,,,,,,,,,,,,,,,,,,,,,,,,,,,,,,,,,,,,,,,,,,,,,,,,,,,,,,,,,,,,,,,,,,,,,,,,,,,,,,,,,,,,,,,,,,,,,,,,,,,,,,,,,,,,,,,,,,,,,,,,,,,,,,,,,,,,,,,,,,,,,,,,,,,,,,,,,,,,,,,,,,,,,,,,,,,,,,,,,,,,,,,,,,,,,,,,,,,,,,,,,,,,,,,,,,,,,,,,,,,,,,,,,,,,,,,,,,,,,,,,,,,,,,,,,,,,,,,,,,,,,,,,,,,,,,,,,,,,,,,,,,,,,,,,,,,,,,,,,,,,,,,,,,,,,,,,,,,,,,,,,,,,,,,,,,,,,,,,,,,,,,,,,,,,,,,,,,,,,,,,,,,,,,,,,,,,,,,,,,,,,,,,,,,,,,,,,,,,,,,,,,,,,,,,,,,,,,,,,,,,,,,,,,,,,,,,,,,,,,,,,,,,,,,,,,,,,,,,,,,,,,,,,,,,,,,,,,,,,,,,,,,,,,-0.216,0.077,0.113,0.162,-0.075,-0.061,0.006,0.057,-0.09,-0.106,-0.001,0.1,0.16,-0.156,-0.05,-0.115,0.162,0.057,-0.168,0.017,0.346,0.047,0.113,0.006,0.1,-0.115,-0.001,-0.05,0.051,0.051,0.077,-0.061,-0.157,-0.077,0.015,-0.061,-0.216,-0.075,-0.106,-0.156,-0.09,0.16,0.017,-0.48,0.017,-0.48,-0.019,-0.013,-0.039,0,0,0,0,-0.013,-0.013,-0.001,-0.003,0.079,-0.072,-0.007,-0.001,-0.121,0.079,0.017,-0.007,0.04,-0.121,-0.001,0.07,-0.197,-0.108,-0.007,-0.105,0,0,0.052,-0.018,0,0,0.004,-0.022,-0.003,-0.053,-0.003,-0.053,0,0,-0.014,0.054,-0.015,0.054,0.017,0.046,0,0,-0.069,-0.004,0,0,0,0,0,0,-0.054,0.193,-0.053,-0.142,0.012,-0.026,-0.075,0.013,-0.033,0.013,0.064,0.014,0.018,-0.064,0.013,-0.029,0.013,-0.03,,,,,,-0.074,-0.043,-0.096,-0.074,-0.074,0.026,0,0,0,0,0,0,0,0,0,-0.018,0.03,-0.046,0,0,0.001,0,,,,,,,,,0,0,0,0,,,,,,,,,,,,,,,,,,,,,,,,,,,,,,,,,,,,,,,,,,,,,,,,,,,,,,,,,,,,,,,,,,,,,,,,,,,,,,,,,,,,,,0
694,,,,,,,,,,,,,,,,,,,,,,,,,,,,,,,,,,,,,,,,,,,,,,,,,,,,,,,,,,,,,,,,,,,,,,,,,,,,,,,,,,,,,,,,,,,,,,,,,,,,,,,,,,,,,,,,,,,,,,,,,,,,,,,,,,,,,,,,,,,,,,,,,,,,,,,,,,,,,,,,,,,,,,,,,,,,,,,,,,,,,,,,,,,,,,,,,,,,,,,,,,,,,,,,,,,,,,,,,,,,,,,,,,,,,,,,,,,,,,,,,,,,,,,,,,,,-0.011,0.217,-0.103,0.039,0.052,-0.094,0.046,-0.005,0.075,-0.135,-0.136,-0.12,0.07,0.061,0.098,0.095,-0.011,0.026,0.066,-0.39,-0.375,-0.016,-0.321,-0.008,-0.014,-0.199,-0.007,0.082,0.082,,,,,,,,,,,,,,,,,,,,,,,,,-0.32,0.012,0.024,0.036,0.001,-0.016,0.001,-0.025,0.029,-0.115,-0.094,0.094,0.07,-0.114,0,0.217,0.173,-0.032,-0.116,0.023,,,,,,,,,,,,,,,,,,,,,,,,,,,,,,,,,,,,,,,,,,,,,,,,,,,,,,,,,,,,,,,,,,,,,,,,,,,,,,,,,,,,,,,,,,,,,,,,,,,,,,,,,,,,,,,,,,,,,,,,,,,,,,,,,,,,,,,,,,,,,,,,,,,,,,,,,,,,,,,,,,,,,,,,,,,,,,,,,,,,,,,,,,,,,,,,,,,,,,,,,,,,,,,,,,,,,,,,,,,,,,,,,,,,,,,,,,,,,,,,,,,,,,,,,,,,,,,,,,,,,,,,,,,,,,,,,,,,,,,,,,,,,,,,,,,,,,,,,,,,,,,,,,,,,,,,,,,,,,,,,,,,,,,,,,,,,,,,,,,,,,,,,,,,,,,,,,,,,,-0.051,0.043,0.067,0.116,-0.031,-0.001,-0.104,0.205,-0.035,0.038,0.074,0.067,0.044,-0.034,,,,,,,,,,,,,,,,,,,,,,,,,,,,,,,,,,,,,,,,,,,,,,,,,,,,,,,,,,,,,,,,,,,,,,,,,,,,,,,,,,-0.005,-0.005,-0.002,0.002,0.025,0.112,0.006,-0.002,0.039,0.025,0.007,0.006,-0.12,0.039,-0.002,0.016,0.135,-0.048,0.007,0.055,0,0,-0.068,-0.085,0,0,0.001,-0.046,-0.006,-0.05,-0.006,-0.05,0,0,0.004,-0.152,0.003,-0.152,0.007,-0.115,0,0,-0.27,-0.005,0,0,0,0,0,0,-0.104,-0.081,0.041,0.04,0.018,0.056,0.018,0.013,0.009,0.013,-0.052,0.014,0.038,0.003,0.013,0.003,0.013,-0.056,,,,,,-0.119,-0.101,0.111,-0.119,-0.119,-0.014,0,0,0,0,0,0,0,0,,,,,,,,,-0.092,-0.148,-0.092,-0.148,0,0,0,0,0,0,0,0,,,,,,,,,,,,,,,,,,,,,,,,,,,,,,,,,,,,,,,,,,,,,,,,,,,,,,,,,,,,,,,,,,,,,,,,,,,,,,,,,,,,,,0
695,-0.003,0.033,-0.179,-0.197,0.031,0.116,-0.015,-0.072,0.066,0.067,-0.003,-0.003,0.08,0.08,,,,,,,,,,0.009,0.405,0.049,-0.229,0.001,0,0.019,0.449,0.046,0.084,0.032,,,,,,-0.164,0.218,-0.017,-0.157,0,0.001,,,,,,,,,,,,,0.027,-0.012,-0.017,0.003,0.018,0.026,-0.042,-0.016,0.004,-0.007,0,0.001,,,,,,,,,,,,,,,,,,,,,,,,,,,,,,,,,,,,,,,,,,,,,,,,,,,,,,,,,,,,,,,,,,,,,,,,,,,,,,,,,,,,,,,,,,,,,,,,,,,,,,,,,,,,,,,,,,,,,,,,,,,,,,,,,,,,,,,,,,,,,,,,,,,,,,,,,,,,,,,,,,,,,,,,,,,,,,,,,,,,,,,,,,,,,,,,,,,,,,,,,,,,,,,,,,,,,,,,,,,,,,,,,,,,,,,,,,,,,,,,,,,,,,,,,,,,,,,,,,,,,,,,,,,,,,,,,,,,,,,,,,,,,,,,,,,,,,,,,,,,,,,,,,,,,,,,,,,,,,,,,,,,,,,,,,,,,,,,,,,,,,,,,,,,,,,,,,,,,,,,,,,,,,,,,,,,,,,,,,,,,,,,,,,,,,,,,,,,,,,,,,,,,,,,,,,,,,,,,,,,,,,,,,,,,,,,,,,,,,,,,,,,,,,,,,,,,,,,,,,,,,,,,,,,,,,,,,,,,,,,,,,,,,,,,,,,,,,,,,,,,,,,,,,,,,,,,,,,,,,,,,,,,,,,,,,,,,,,,,,,,,,,,,,,,,,,,,,,,,,,,,,,,,,,,,,,,,,,,,,,,,,,,,,,,,,,,,,,,,,,,,,,,,,,,,,,,,,,,,,,,,,,,,,0.085,-0.074,0.012,-0.027,-0.03,0.073,-0.023,0.001,-0.035,0.024,0.055,0.138,-0.001,-0.038,,,,,,,,,,,,,,,-0.014,0.134,0.073,0.131,-0.006,-0.007,-0.038,0.012,0.157,0.109,-0.021,-0.015,-0.299,0.069,0.05,0.218,0.131,0.012,-0.186,-0.028,0.13,-0.011,0.073,-0.038,-0.015,0.218,-0.021,0.05,0.057,0.057,0.134,-0.007,0.053,-0.007,0.035,-0.007,-0.014,-0.006,0.109,0.069,0.157,-0.299,-0.04,-0.48,-0.04,-0.48,0.001,-0.001,0,0,0,0,0,0.002,0.002,-0.002,0.002,-0.002,-0.02,0.006,-0.002,0.199,-0.002,0.007,0.006,-0.129,0.199,-0.002,-0.011,0.149,0.195,0.007,0.215,0,0,-0.039,-0.116,0,0,-0.009,-0.093,0.004,-0.087,0.005,-0.087,0,0,0.003,-0.134,0.002,-0.134,0.007,-0.124,0,0,-0.21,-0.009,0,0,0,0,0,0,0.107,0.101,0.045,-0.022,0.018,0.056,-0.051,0.013,-0.023,0.013,-0.052,0.015,0.1,-0.029,0.013,-0.011,0.013,-0.007,,,,,,0.017,-0.003,-0.094,0.017,0.017,-0.152,0,0,0,0,0,0,0,0,,,,,,,,,-0.092,0.013,-0.092,0.013,0,0,0,0,0,0,0,0,,,,,,,,,,,,,,,,,,,,,,,,,,,,,,,,,,,,,,,,,,,,,,,,,,,,,,,,,,,,,,,,,,,,,,,,,,,,,,,,,,,,,,0
697,0.056,0.063,0.003,-0.034,-0.013,0.116,-0.015,-0.072,0.107,0.19,-0.318,-0.318,0.103,-0.167,,,,,,,,,,0.009,-0.147,0.049,-0.272,0.005,0,0.019,-0.222,-0.048,0.067,-0.001,,,,,,0.336,-0.504,-0.02,0.343,0,0.001,0.076,-0.096,-0.023,0.178,0,-0.01,0.069,-0.001,0.03,0.053,0,-0.003,,,,,,,,,,,,,,,,,,,,,,,,,,,,,,,,,,,,,,,,,,,,,,,,,,,,,,,,,,,,,,,,,,,,,,,,,,,,,,,,,,,,,,,,,,,,,,,,,,,,,,,,,,,,,,,,,,,,,,,,,,,,,,,,,,,,,,,,,,,,,,,,,,,,,,,,,,,,,,,,,,,,,,,,,,,,,,,,,,,,,,,,,,,,,,,,,,,,,,,,,,,,,,,,,,,,,,,,,,,,,,,,,,,,,,,,,,,,,,,,,,,,,,,,,,,,,,,,,,,,,,,,,,,,,,,,,,,,,,,,,,,,,,,,,,,,,,,,,,,,,,,,,,,,,,,,,,,,,,,,,,,,,,,,,,,,,,,,,,,,,,,,,,,,,,,,,,,,,,,,,,,,,,,,,,,,,,,,,,,,,,,,,,,,,,,,,,,,,,,,,,,,,,,,,,,,,,,,,,,,,,,,,,,,,,,,,,,,,,,,,,,,,,,,,,,,,,,,,,,,,,,,,,,,,,,,,,,,,,,,,,,,,,,,,,,,,,,,,,,,,,,,,,,,,,,,,,,,,,,,,,,,,,,,,,,,,,,,,,,,,,,,,,,,,,,,,,,,,,,,,,,,,,,,,,,,,,,,,,,,,,,,,,,,,,,,,,,,,,,,,,,,,,,,,,,,,,,,,,,,,,,,,,,,,,,,,,,,,,,,,,,,,,,,,,,,,,,,,,,,,,,,,,,,,,,,,,,,,,,,,,,,,,,,,,,,,,,,,,,,,,,,,,,,,,,,,,,,,,,,,,,,,,,,,,,,,,,,,,,,,,,,,,,,,,,,,,,,,,,,,,,,,,,,,,,,,,,,,,,,,,,,,,,,,,,,,,,,,,,,,,,,,,,,,,,,,,,,,,,,,,,,,,,,,,0,0,0,0,0.326,-0.308,0.118,-0.203,0,0,0,0,0,0,0,0,-0.011,-0.042,-0.1,-0.064,0.076,0.042,-0.007,-0.26,-0.072,-0.012,0,0,0,0,0.003,0.024,-0.048,0.01,,,,,,,,,-0.22,0,0,0,0,0.112,-0.004,0.14,0.141,-0.168,0.041,0.14,0,0,0,0,0.48,-0.027,-0.009,0,0,0,,,,,,,,-0.131,-0.026,0,0,0,0,-0.25,0,0,0,0,0
701,,,,,,,,,,,,,,,,,,,,,,,,,,,,,,,,,,,,,,,,,,,,,,,,,,,,,,,,,,,,,,,,,,,,,,,,,,,,,,,,,,-0.063,-0.089,-0.05,-0.153,-0.053,-0.077,0.002,0.022,-0.103,-0.114,0.08,0.08,0.138,-0.237,0.033,-0.348,-0.034,-0.001,0.001,0,0.043,-0.311,-0.029,,,,,,,,,,-0.131,-0.028,,,-0.01,0.053,-0.034,,,,-0.197,0,0,,,,,,,,,,,,,,,,,,,,,,,,,,,,,0.001,0.124,-0.011,-0.033,-0.057,-0.048,0.022,-0.007,0.184,-0.008,-0.058,0.054,-0.141,0.108,,,,,,,,,,,,,,,,,,,,,,,,,,,,,,,,,,,,,,,,,,,,,,,,,,,,,,,,,,,,,,,,,,,,,,,,,,,,,,,,,,,,,,,,,,,,,,,,,,,,,,,,,,,,,,,,,,,,,,,,,,,,,,,,,,,,,,,,,,,,,,,,,,,,,,,,,,,,,,,,,,,,,,,,,,,,,,,,,,,,,,,,,,,,,,,,,,,,,,,,,,,,,,,,,,,,,,,,,,,,,,,,,,,,,,,,,,,,,,,,,,,,,,,,,,,,,,,,,,,,,,,,,,,,,,,,,,,,,,,,,,,,,,,,,,,,,,,,,,,,,,,,,,,,,,,,,,,,,,,,,,,,,,,,,,,,,,,,,,,,,,,,,,,,,,,,,,,,,,,,,,,,,,,,,,,,,,,,,,,,,,,,,,,,,,,,,,,,,,,,,,,,,,,,,,,,,,,,,,,,,,,,,,,,,,,,,,,,,,,,,,,,,,,,,,,,,,,,,,,,,,,,,,,,,,,,,,,,,,,,,,,,,,,,,,,,,,,,,,,,,,,,,,,,,,,,,,,,,,,,,,,,,,,,,,,,,,,,,,,,,,,,,,,,,,,,,,,,0.36,0.222,0.008,0.056,-0.016,-0.023,-0.006,-0.027,0.023,0.003,0.026,-0.008,0.057,0.193,0.05,0.218,0.056,-0.027,0.165,-0.015,-0.107,-0.018,0.008,-0.006,-0.008,0.218,0.026,0.05,0.037,0.037,0.222,-0.023,0.159,-0.017,0.065,-0.022,0.36,-0.016,0.003,0.193,0.023,0.057,0.417,0.52,0.417,0.52,0.086,0.062,0.161,0,0,0,0,-0.003,-0.003,-0.004,-0.001,-0.11,-0.099,0,-0.004,0.319,-0.11,0.033,0,0.233,0.319,,,,,,,,,,,,,,,,,,,,,,,,,,,,,,,,,0,0,0,0,0.169,0.265,-0.183,-0.158,0.014,0.025,0.052,0.013,0.023,0.013,-0.009,0.013,0.035,-0.001,0.013,0.001,0.013,-0.043,,,,,,-0.165,-0.131,0.183,-0.165,-0.165,-0.03,0,0,0,0,0,0,0,0,,,,,,,,,0.008,0.018,0.008,0.018,0,0,0,0,0,0,0,0,-0.002,0.262,-0.011,,,,,,,,,,,,,,,,,,,,,,,,,,,,,,,,,,,,,,,,,,,,,,,,,,,,,,,,,,,,,,,,,,,,,,,,,,,,,,,,,,,0
702,,,,,,,,,,,,,,,,,,,,,,,,,,,,,,,,,,,,,,,,,,,,,,,,,,,,,,,,,,,,,,,,,,,,,,,,,,,,,,,,,,,,,,,,,,,,,,,,,,,,,,,,,,,,,,,,,,,,,,,,,,,,,,,,,,,,,,,,,,,,,,,,,,,,,,,,,,,,,,,,,,,,,,,,,,,,,,,,,,,,,,,,,,,,,,,,,,,,,,,,,,,,,,,,,,,,,,,,,,,,,,,,,,,,,,,,,,,,,,,,,,,,,,,,,,,,,,,,,,,,,,,,,,,,,,,,,,,,,,,,,,,,,,,,,,,,,,,,,,,,,,,,,,,,,,,,,,,,,,,,,,,,,-0.026,0.067,-0.028,0.019,0.002,0.003,-0.007,-0.04,-0.22,0.201,0.199,0.269,-0.247,0.045,-0.02,-0.002,0.003,-0.008,-0.012,-0.011,-0.01,-0.07,0.2,0.002,-0.006,0.144,-0.009,-0.012,-0.025,,,,,,,,,,,,,,,,0.207,-0.001,-0.002,-0.102,0.001,0.006,0,0.136,0.005,,,,,,,,,,0.018,0.046,-0.22,-0.247,-0.04,0,-0.02,-0.011,-0.217,0.017,-0.01,,,,,,,,,,,,,,,,,,,,,,,,,,,,,,,,,,,,,,,,,,,,,,,,,,,,,,,,,,,,,,,,,,,,,,,,,,,,,,,,,,,,,,,,,,,,,,,,,,,,,,,,,,,,,,,,,,,,,,,,,,,,,,,,,,,,,,,,,,,,,,,,,,,,,,,,,,,,,,,,,,,,,,,,,,,,,,,,,,,,,,,,,,,,,,,,,,,,,,,,,,,,,,,,,,,,,,,,,,,,,,,,,,,,,,,,,,,,,,,,,,,,,,,,,,,,,,,,,,,,,,,,,,,,,,,,,,,,,,,,,,,,,0.181,-0.003,-0.137,0.118,-0.031,-0.101,-0.107,-0.025,-0.035,0.026,-0.16,-0.154,-0.066,-0.034,,,,,,,,,,,,,,,,,,,,,,,,,,,,,0.182,-0.139,0.296,0.012,-0.029,-0.029,-0.012,-0.02,-0.012,-0.005,0.054,0.039,0.148,-0.212,-0.083,-0.115,0.012,-0.02,0.335,-0.021,-0.133,-0.011,0.296,-0.012,0.039,-0.115,0.054,-0.083,0.063,0.063,-0.139,-0.029,0.109,-0.03,-0.059,-0.028,0.182,-0.029,-0.005,-0.212,-0.012,0.148,0.017,-0.48,0.017,-0.48,-0.019,-0.013,-0.043,0,0,0,0,0,0,0,0,0.052,-0.02,0.002,0,0.019,0.052,0.019,0.002,0.04,0.019,0,0.043,-0.009,0.164,0.002,0.035,0,0,-0.006,0.107,0,0,-0.005,0.068,-0.002,0.087,-0.002,0.087,0,0,0.013,0.054,0.012,0.054,0.019,0.046,0,0,-0.004,0.052,0,0,0,0,0,0,0.11,0.014,-0.185,-0.15,0.011,-0.049,0.022,0.013,0.009,0.013,0.081,0.01,0.001,0.017,0.013,0.009,0.013,-0.014,,,,,,-0.029,-0.009,0.117,-0.029,-0.029,0.091,0,0,0,0,0,0,0,0,,,,,,,,,0.008,-0.13,0.008,-0.13,0,0,0,0,0,0,0,0,,,,,,,,,,,,,,,,,,,,,,,,,,,,,,,,,,,,,,,,,,,,,,,,,,,,,,,,,,,,,,,,,,,,,,,,,,,,,,,,,,,,,,0
704,-0.173,-0.146,-0.052,-0.016,-0.1,-0.066,0.037,0.128,0.02,0.12,-0.196,-0.196,0.119,-0.123,,,,,,,,,,0.009,-0.082,0.049,-0.153,0.005,0,0.019,-0.276,-0.011,0.017,0.018,,,0.164,-0.124,0.098,,,,-0.157,0,0.001,,,,,,,,,,,,,,,,,,,,,,,,,-0.083,-0.038,-0.02,0.038,0.088,0.071,-0.02,0.12,-0.122,-0.058,0.152,-0.072,,,,,,,,,,,,,,,,,,,,,,,,,,,,,,,,,,,,,,,,,,,,,,,,,,,,,,,,,,,,,,,,,,,,,,,,,,,,,,,,,,,,,,,,,,,,,,,,,,,,,,,,,,,,,,,,,,,,,,,,,,,,,,,,,,,,,,,,,,,,,,,,,,,,,,,,,,,,,,,,,,,,,,,,,,,,,,,,,,,,,,,,,,,,,,,,,,,,,,,,,,,,,,,,,,,,,,,,,,,,,,,,,,,,,,,,,,,,,,,,,,,,,,,,,,,,,,,,,,,,,,,,,,,,,,,,,,,,,,,,,,,,,,,,,,,,,,,,,,,,,,,,,,,,,,,,,,,,,,,,,,,,,,,,,,,,,,,,,,,,,,,,,,,,,,,,,,,,,,,,,,,,,,,,,,,,,,,,,,,,,,,,,,,,,,,,,,,,,,,,,,,,,,,,,,,,,,,,,,,,,,,,,,,,,,,,,,,,,,,,,,,,,,,,,,,,,,,,,,,,,,,,,,,,,,,,,,,,,,,,,,,,,,,,,,,,,,,,,,,,,,,,,,,,,,,,,,,,,,,,,,,,,,,,,,,,,,,,,,,,,,,,,,,,,,,,,,,,,,,,,,,,,,,,,,,,,,,,,,,,,,,,,,,,,,,,,,,,,,,,,,,,,,,,,,,,,,,,,,,,,,,,,,,,,,,,,,,,,,,,,,,0.049,0.185,0.165,0.319,-0.1,-0.082,-0.044,0.012,0.066,0.045,0.014,0.077,0.068,0.08,-0.017,-0.115,0.319,0.012,-0.073,-0.028,0.377,-0.005,0.165,-0.044,0.077,-0.115,0.014,-0.017,0.082,0.082,0.185,-0.082,0.071,-0.102,0.053,-0.082,0.049,-0.1,0.045,0.08,0.066,0.068,0.017,0.52,0.017,0.52,0.001,0.003,0.004,-0.001,0,0,0,-0.003,-0.003,0.001,0.001,0.16,-0.178,0.004,0.001,0.039,0.16,-0.001,0.004,-0.056,0.039,,,,,,,,,,,,,,,,,,,,,,,,,,,,,,,,,0,0,0,0,0.07,-0.032,0.073,-0.014,0.011,-0.026,-0.041,0.013,-0.017,0.013,0.031,0.011,-0.007,-0.039,0.013,-0.017,0.013,-0.007,,,,,,0.108,0.111,0.006,0.108,0.108,0.01,0,0,0,0,0,0,0,0,,,,,,,,,0.008,-0.065,0.008,-0.065,0,0,0,0,0,0,0,0,,,,,,,,,,,,,,,,,,,,,,,,,,,,,,,,,,,,,,,,,,,,,,,,,,,,,,,,,,,,,,,,,,,,,,,,,,,,,,,,,,,,,,0
709,-0.003,0.041,-0.197,-0.197,-0.1,-0.248,-0.015,-0.072,-0.016,-0.142,0.099,0.099,0.019,-0.004,,,,,,,,,,-0.091,0.401,-0.051,0.025,0,0,-0.081,0.099,0.008,0.025,0.018,,,,,,-0.164,0.004,0.018,-0.157,0,0.001,,,,,,,,,,,,,-0.008,-0.059,-0.013,0.008,-0.02,-0.026,0.036,-0.047,0.051,0.007,0,-0.003,,,,,,,,,,,,,,,,,,,,,,,,,,,,,,,,,,,,,,,,,,,,,,,,,,,,,,,,,,,,,,,,,,,,,,,,,,,,,,,,,,,,,,,,,,,,,,,,,,,,,,,,,,,,,,,,,,,,,,,,,,,,,,,,,,,,,,,,,,,,,,,,,,,,,,,,,,,,,,,,,,,,,,,,,,,,,,,,,,,,,,,,,,,,,,,,,,,,,,,,,,,,,,,,,,,,,,,,,,,,,,,,,,,,,,,,,,,,,,,,,,,,,,,,,,,,,,,,,,,,,,,,,,,,,,,,,,,,,,,,,,,,,,,,,,,,,,,,,,,,,,,,,,,,,,,,,,,,,,,,,,,,,,,,,,,,,,,,,,,,,,,,,,,,,,,,,,,,,,,,,,,,,,,,,,,,,,,,,,,,,,,,,,,,,,,,,,,,,,,,,,,,,,,,,,,,,,,,,,,,,,,,,,,,,,,,,,,,,,,,,,,,,,,,,,,,,,,,,,,,,,,,,,,,,,,,,,,,,,,,,,,,,,,,,,,,,,,,,,,,,,,,,,,,,,,,,,,,,,,,,,,,,,,,,,,,,,,,,,,,,,,,,,,,,,,,,,,,,,,,,,,,,,,,,,,,,,,,,,,,,,,,,,,,,,,,,,,,,,,,,,,,,,,,,,,,,,,,,,,,,,,,,,,,,,,,,,,,,,,,,,,,,,,,,,,,,,,0.252,0.026,-0.091,0.186,-0.054,-0.044,-0.038,-0.04,0.079,0.058,0.028,0.07,-0.167,0.137,-0.017,0.218,0.186,-0.04,0.107,-0.047,-0.029,-0.031,-0.091,-0.038,0.07,0.218,0.028,-0.017,0.101,0.101,0.026,-0.044,0.129,-0.056,-0.002,-0.044,0.252,-0.054,0.058,0.137,0.079,-0.167,-0.04,0.52,-0.04,0.52,0.043,0.027,0.035,0,0,0,0,0.001,0.001,0.003,0,0.025,-0.046,-0.001,0.003,0.059,0.025,-0.02,-0.001,-0.051,0.059,0.003,0.016,0.094,0.073,0,0.075,0,0,0.001,-0.005,0,0,0.002,0.021,-0.005,-0.003,-0.005,-0.003,0,0,0.031,-0.069,0.03,-0.069,-0.02,-0.046,0,0,-0.083,0.003,0,0,0,0,0,0,0.139,0.116,-0.04,-0.142,0.01,0.005,0.063,0.013,0.029,0.013,-0.009,0.011,-0.01,0.039,0.013,0.017,0.013,-0.036,,,,,,-0.074,-0.055,0.22,-0.074,-0.074,0.01,0,0,0.001,0,0,0,0,0,,,,,,,,,0.008,-0.059,0.008,-0.059,0,0,0,0,0,0,0,0,,,,,,,,,,,,,,,,,,,,,,,,,,,,,,,,,,,,,,,,,,,,,,,,,,,,,,,,,,,,,,,,,,,,,,,,,,,,,,,,,,,,,,0
712,0.036,0.019,0.294,0.294,-0.187,-0.339,0.015,0.088,-0.235,-0.249,0.307,0.307,0.075,-0.018,-0.013,-0.201,-0.092,0.131,0.002,0,0.01,-0.239,0.047,,,,,,,,,,,,0.043,0.3,0.164,-0.245,0.104,,,,-0.157,0,0.001,0.05,0.023,0.018,0,0,0.005,-0.025,-0.004,0.048,-0.02,0,0.002,,,,,,,,,,,,,,,,,,,,,,,,,,,,,,,,,,,,,,,,,,,,,,,,,,,,,,,,,,,,,,,,,,,,,,,,,,,,,,,,,,,,,,,,,,,,,,,,,,,,,,,,,,,,,,,,,,,,,,,,,,,,,,,,,,,,,,,,,,,,,,,,,,,,,,,,,,,,,,,,,,,,,,,,,,,,,,,,,,,,,,,,,,,,,,,,,,,,,,,,,,,,,,,,,,,,,,,,,,,,,,,,,,,,,,,,,,,,,,,,,,,,,,,,,,,,,,,,,,,,,,,,,,,,,,,,,,,,,,,,,,,,,,,,,,,,,,,,,,,,,,,,,,,,,,,,,,,,,,,,,,,,,,,,,,,,,,,,,,,,,,,,,,,,,,,,,,,,,,,,,,,,,,,,,,,,,,,,,,,,,,,,,,,,,,,,,,,,,,,,,,,,,,,,,,,,,,,,,,,,,,,,,,,,,,,,,,,,,,,,,,,,,,,,,,,,,,,,,,,,,,,,,,,,,,,,,,,,,,,,,,,,,,,,,,,,,,,,,,,,,,,,,,,,,,,,,,,,,,,,,,,,,,,,,,,,,,,,,,,,,,,,,,,,,,,,,,,,,,,,,,,,,,,,,,,,,,,,,,,,,,,,,,,,,,,,,,,,,,,,,,,,,,,,,,,,,,,,,,,,,,,,,,,,,,,,,,,,,,,,,,,,,,,,,,,,,,,,,,,,,,,,,,,0.252,-0.19,-0.147,0.023,0.066,0.072,-0.126,-0.105,0.027,0.058,0.156,0.136,-0.167,0.08,-0.083,0.218,0.023,-0.105,0.073,-0.136,0.002,-0.102,-0.147,-0.126,0.136,0.218,0.156,-0.083,0.057,0.057,-0.19,0.072,0.129,0.066,-0.076,0.072,0.252,0.066,0.058,0.08,0.027,-0.167,-0.04,0.52,-0.04,0.52,-0.004,0.003,0.004,0,0,0,0,0.013,0.013,-0.005,0,0.106,-0.046,-0.006,-0.005,0.019,0.106,-0.011,-0.006,-0.129,0.019,-0.005,0.097,0.091,-0.018,-0.006,0.035,0,0,-0.006,-0.106,0,0,-0.005,-0.093,0.009,-0.09,0.009,-0.09,0,0,0.013,-0.13,0.012,-0.13,-0.011,-0.124,0,0,-0.125,-0.011,0,0,0,0,0,0,0.166,-0.049,0.022,-0.084,0.01,-0.009,0.003,0.013,0.001,0.013,0.031,0.017,0.094,-0.047,0.013,-0.019,0.013,-0.001,,,,,,-0.119,-0.083,0.104,-0.119,-0.119,0.043,0,0,0,0,0,0,0,0,0,0.007,0.03,0.018,0,0,0,0,,,,,,,,,0,0,0,0,,,,,,,,,,,,,,,,,,,,,,,,,,,,,,,,,,,,,,,,,,,,,,,,,,,,,,,,,,,,,,,,,,,,,,,,,,,,,,,,,,,,,,0
713,-0.088,-0.161,-0.197,-0.179,0.118,-0.566,0.008,0.088,-0.133,-0.142,-0.276,-0.276,-0.051,0.078,,,,,,,,,,-0.091,0.581,-0.051,0.064,0.003,0,-0.081,0.271,-0.04,-0.107,-0.007,,,,,,-0.164,0.015,0.011,-0.157,0,0.001,,,,,,,,,,,,,-0.005,-0.072,-0.014,0.001,-0.001,0.003,0.007,0.029,0.154,0.001,0,-0.003,,,,,,,,,,,,,,,,,,,,,,,,,,,,,,,,,,,,,,,,,,,,,,,,,,,,,,,,,,,,,,,,,,,,,,,,,,,,,,,,,,,,,,,,,,,,,,,,,,,,,,,,,,,,,,,,,,,,,,,,,,,,,,,,,,,,,,,,,,,,,,,,,,,,,,,,,,,,,,,,,,,,,,,,,,,,,,,,,,,,,,,,,,,,,,,,,,,,,,,,,,,,,,,,,,,,,,,,,,,,,,,,,,,,,,,,,,,,,,,,,,,,,,,,,,,,,,,,,,,,,,,,,,,,,,,,,,,,,,,,,,,,,,,,,,,,,,,,,,,,,,,,,,,,,,,,,,,,,,,,,,,,,,,,,,,,,,,,,,,,,,,,,,,,,,,,,,,,,,,,,,,,,,,,,,,,,,,,,,,,,,,,,,,,,,,,,,,,,,,,,,,,,,,,,,,,,,,,,,,,,,,,,,,,,,,,,,,,,,,,,,,,,,,,,,,,,,,,,,,,,,,,,,,,,,,,,,,,,,,,,,,,,,,,,,,,,,,,,,,,,,,,,,,,,,,,,,,,,,,,,,,,,,,,,,,,,,,,,,,,,,,,,,,,,,,,,,,,,,,,,,,,,,,,,,,,,,,,,,,,,,,,,,,,,,,,,,,,,,,,,,,,,,,,,,,,,,,,,,,,,,,,,,,,,,,,,,,,,,,,,,,,,,,,,,,,,,,-0.102,-0.154,-0.104,-0.163,0.081,0.042,0.157,-0.059,0.192,0.193,-0.014,0.031,0.033,0.137,0.083,0.218,-0.163,-0.059,0.099,0.151,-0.237,-0.05,-0.104,0.157,0.031,0.218,-0.014,0.083,0.037,0.037,-0.154,0.042,0.028,0.082,-0.064,0.042,-0.102,0.081,0.193,0.137,0.192,0.033,0.36,0.52,0.36,0.52,0.024,0.023,0.071,-0.001,0,0,0,-0.004,-0.004,0,0,0.025,-0.178,-0.006,0,-0.041,0.025,-0.011,-0.006,0.132,-0.041,,,,,,,,,,,,,,,,,,,,,,,,,,,,,,,,,0,0,0,0,0.132,0.073,-0.268,-0.147,0.016,0.033,-0.011,0.013,-0.005,0.013,0.031,0.012,-0.052,0.07,0.013,0.033,0.013,0.179,,,,,,0.017,0.02,-0.096,0.017,0.017,0.108,0,0,0,0,0,0,0,0,,,,,,,,,-0.092,-0.023,-0.092,-0.023,0,0,0,0,0,0,0,0,,,,,,,,,,,,,,,,,,,,,,,,,,,,,,,,,,,,,,,,,,,,,,,,,,,,,,,,,,,,,,,,,,,,,,,,,,,,,,,,,,,,,,0
717,0.062,0.071,0.003,0.003,-0.013,0.116,-0.015,-0.072,-0.021,-0.024,0.07,0.07,0.203,0.093,-0.013,0.218,0.008,0.209,-0.002,0,0.01,-0.033,0.144,,,,,,,,,,-0.027,0,,,0.164,-0.283,-0.12,,,,0.343,0,0.001,,,,,,,,,,,,,,,,,,,,,,,,,0.498,0.099,0.022,-0.071,0.188,0.205,0.079,0.028,0.197,0.021,0.192,0.281,,,,,,,,,,,,,,,,,,,,,,,,,,,,,,,,,,,,,,,,,,,,,,,,,,,,,,,,,,,,,,,,,,,,,,,,,,,,,,,,,,,,,,,,,,,,,,,,,,,,,,,,,,,,,,,,,,,,,,,,,,,,,,,,,,,,,,,,,,,,,,,,,,,,,,,,,,,,,,,,,,,,,,,,,,,,,,,,,,,,,,,,,,,,,,,,,,,,,,,,,,,,,,,,,,,,,,,,,,,,,,,,,,,,,,,,,,,,,,,,,,,,,,,,,,,,,,,,,,,,,,,,,,,,,,,,,,,,,,,,,,,,,,,,,,,,,,,,,,,,,,,,,,,,,,,,,,,,,,,,,,,,,,,,,,,,,,,,,,,,,,,,,,,,,,,,,,,,,,,,,,,,,,,,,,,,,,,,,,,,,,,,,,,,,,,,,,,,,,,,,,,,,,,,,,,,,,,,,,,,,,,,,,,,,,,,,,,,,,,,,,,,,,,,,,,,,,,,,,,,,,,,,,,,,,,,,,,,,,,,,,,,,,,,,,,,,,,,,,,,,,,,,,,,,,,,,,,,,,,,,,,,,,,,,,,,,,,,,,,,,,,,,,,,,,,,,,,,,,,,,,,,,,,,,,,,,,,,,,,,,,,,,,,,,,,,,,,,,,,,,,,,,,,,,,,,,,,,,,,,,,,,,,,,,,,,,,,,,,,,,,,-0.216,-0.139,-0.151,0.012,0.147,0.141,0.013,-0.098,-0.116,-0.081,-0.006,0.077,0.137,0.238,-0.017,0.218,0.012,-0.098,0.071,0.004,-0.133,-0.089,-0.151,0.013,0.077,0.218,-0.006,-0.017,0.063,0.063,-0.139,0.141,-0.005,0.149,-0.059,0.141,-0.216,0.147,-0.081,0.238,-0.116,0.137,0.017,-0.48,0.017,-0.48,-0.019,-0.017,-0.035,0,0,0,0,-0.001,-0.001,-0.001,0,-0.191,0.059,-0.007,-0.001,0.019,-0.191,0.017,-0.007,-0.001,0.019,-0.001,-0.2,-0.197,0.013,-0.007,0.035,0,0,-0.055,0.071,0,0,0.004,0.175,0.008,0.143,0.008,0.143,0,0,-0.014,0.019,-0.015,0.019,0.016,0.004,0,0,-0.13,-0.003,0,0,0,0,0,0,0.12,0.136,0.103,0.11,0.018,0.05,-0.021,0.013,-0.009,0.013,-0.009,0.012,-0.002,-0.025,0.013,-0.011,0.013,0.012,,,,,,-0.119,-0.09,-0.017,-0.119,-0.119,-0.055,0,0,0,0,0,0,0,0,0,-0.049,0.03,-0.126,0,0,0,0,,,,,,,,,0,0,0,0,,,,,,,,,,,,,,,,,,,,,,,,,,,,,,,,,,,,,,,,,,,,,,,,,,,,,,,,,,,,,,,,,,,,,,,,,,,,,,,,,,,,,,0
718,,,,,,,,,,,,,,,,,,,,,,,,,,,,,,,,,,,,,,,,,,,,,,,,,,,,,,,,,,,,,,,,,,,,,,,,,,,,,,,,,,-0.038,-0.061,0.074,0.157,0.002,0,0.01,0.084,-0.143,-0.114,0.262,0.262,0.056,0.076,0.033,-0.333,-0.034,0.081,0.007,0,0.043,-0.245,-0.004,,,,,,,,,,0.077,0.015,,,-0.01,0.225,-0.035,,,,-0.197,0,0,,,,,,,,,,,,,,,0.069,-0.028,0.052,-0.069,0.05,0.048,-0.011,0.008,-0.071,-0.01,-0.148,-0.034,0.019,0,,,,,,,,,,,,,,,,,,,,,,,,,,,,,,,,,,,,,,,,,,,,,,,,,,,,,,,,,,,,,,,,,,,,,,,,,,,,,,,,,,,,,,,,,,,,,,,,,,,,,,,,,,,,,,,,,,,,,,,,,,,,,,,,,,,,,,,,,,,,,,,,,,,,,,,,,,,,,,,,,,,,,,,,,,,,,,,,,,,,,,,,,,,,,,,,,,,,,,,,,,,,,,,,,,,,,,,,,,,,,,,,,,,,,,,,,,,,,,,,,,,,,,,,,,,,,,,,,,,,,,,,,,,,,,,,,,,,,,,,,,,,,,,,,,,,,,,,,,,,,,,,,,,,,,,,,,,,,,,,,,,,,,,,,,,,,,,,,,,,,,,,,,,,,,,,,,,,,,,,,,,,,,,,,,,,,,,,,,,,,,,,,,,,,,,,,,,,,,,,,,,,,,,,,,,,,,,,,,,,,,,,,,,,,,,,,,,,,,,,,,,,,,,,,,,,,,,,,,,,,,,,,,,,,,,,,,,,,,,,,,,,,,,,,,,,,,,,,,,,,,,,,,,,,,,,,,,,,,,,,,,,,,,,,,,,,,,,,,,,,,,,,,,,,,,,,,,,,,,,,,,,,,,,,,0.182,-0.03,0.424,-0.066,0.014,0.004,0.006,0.032,0.04,0.045,-0.213,-0.18,0.113,-0.156,-0.017,-0.115,-0.066,0.032,-0.11,0.004,-0.179,0.041,0.424,0.006,-0.18,-0.115,-0.213,-0.017,0.082,0.082,-0.03,0.004,0.109,0.014,-0.022,0.004,0.182,0.014,0.045,-0.156,0.04,0.113,0.017,-0.48,0.017,-0.48,-0.009,-0.013,-0.075,0,0,0,0,-0.007,-0.007,-0.005,0.003,-0.002,0.007,0.002,-0.005,-0.021,-0.002,-0.011,0.002,-0.129,-0.021,-0.005,-0.011,0.077,0.043,0.002,-0.005,0,0,-0.045,-0.093,0,0,-0.005,-0.034,-0.002,-0.038,-0.002,-0.038,0,0,-0.012,-0.147,-0.013,-0.148,-0.011,-0.124,0,0,0.119,0.003,0,0,0,0,0,0,-0.046,0.047,-0.041,-0.009,0.012,-0.021,0.045,0.013,0.023,0.013,0.011,0.015,0.007,0.042,0.013,0.021,0.013,-0.024,,,,,,0.153,0.116,-0.262,0.153,0.153,-0.177,0,0,0,0,0,0,0,0,0,0.016,0.03,0.04,0,0,0,0,,,,,,,,,0,0,0,0,,,,,,,,,,,,,,,,,,,,,,,,,,,,,,,,,,,,,,,,,,,,,,,,,,,,,,,,,,,,,,,,,,,,,,,,,,,,,,,,,,,,,,0
723,,,,,,,,,,,,,,,,,,,,,,,,,,,,,,,,,,,,,,,,,,,,,,,,,,,,,,,,,,,,,,,,,,,,,,,,,,,,,,,,,,,,,,,,,,,,,,,,,,,,,,,,,,,,,,,,,,,,,,,,,,,,,,,,,,,,,,,,,,,,,,,,,,,,,,,,,,,,,,,,,,,,,,,,,,,,,,,,,,,,,,,,,,,,,,,,,,,,,,,,,,,,,,,,,,,,,,,,,,,,,,,,,,,,,,,,,,,,,,,,,,,,,,,,,,,,,,,,,,,,,,,,,,,,,,,,,,,,,,,,,,,,,,,,,,,,,,,,,,,,,,,,,,,,,,,,,,,,,,,,,,,,,-0.013,-0.103,-0.036,-0.018,-0.058,-0.007,0.003,-0.04,0.091,-0.103,-0.106,-0.115,0.06,0.083,0.046,0.001,0.01,-0.008,-0.049,-0.021,-0.021,0.037,0.253,0.007,-0.007,-0.192,-0.015,-0.031,0.009,,,,,,,,,,,,,,,,0.273,0,0.014,-0.138,-0.006,0.016,0.001,0.195,-0.029,,,,,,,,,,0.084,-0.087,0.091,0.06,-0.04,0,-0.126,-0.156,-0.07,0.083,0.014,,,,,,,,,,,,,,,,,,,,,,,,,,,,,,,,,,,,,,,,,,,,,,,,,,,,,,,,,,,,,,,,,,,,,,,,,,,,,,,,,,,,,,,,,,,,,,,,,,,,,,,,,,,,,,,,,,,,,,,,,,,,,,,,,,,,,,,,,,,,,,,,,,,,,,,,,,,,,,,,,,,,,,,,,,,,,,,,,,,,,,,,,,,,,,,,,,,,,,,,,,,,,,,,,,,,,,,,,,,,,,,,,,,,,,,,,,,,,,,,,,,,,,,,,,,,,,,,,,,,,,,,,,,,,,,,,,,,,,,,,,,,,0.157,-0.015,0.08,0.125,-0.031,0.06,-0.014,-0.054,-0.035,-0.012,0.049,-0.033,-0.048,-0.034,,,,,,,,,,,,,,,,,,,,,,,,,,,,,-0.084,-0.139,0.072,-0.097,0.119,0.101,-0.031,-0.027,-0.012,0.02,-0.145,-0.038,0.078,0.181,-0.017,-0.115,-0.097,-0.027,0.005,-0.04,-0.198,-0.018,0.072,-0.031,-0.038,-0.115,-0.145,-0.017,0.063,0.063,-0.139,0.101,0.033,0.12,-0.059,0.101,-0.084,0.119,0.02,0.181,-0.012,0.078,0.017,-0.48,0.017,-0.48,-0.028,-0.02,-0.063,0,0,0,0,-0.005,-0.005,0.001,-0.001,-0.164,-0.072,0.004,0.001,0.039,-0.164,0,0.004,0.375,0.039,0.001,-0.173,0.061,0.285,0.005,0.055,0,0,0.104,0.276,0,0,0.019,0.127,-0.008,0.074,-0.009,0.074,0,0,-0.003,0.458,-0.004,0.458,0,0.38,0,0,0.14,0.048,0,0,0,0,0,0,0.119,0.066,-0.06,-0.085,0.01,-0.015,0.045,0.013,0.021,0.013,0.018,0.016,0.032,-0.034,0.013,-0.015,0.013,0.005,,,,,,0.062,0.053,0.067,0.062,0.062,-0.095,0,0,0,0,0,0,0,0,,,,,,,,,-0.092,0.195,-0.092,0.195,0,0,0,0,0,0,0,0,,,,,,,,,,,,,,,,,,,,,,,,,,,,,,,,,,,,,,,,,,,,,,,,,,,,,,,,,,,,,,,,,,,,,,,,,,,,,,,,,,,,,,0
724,-0.003,-0.004,0.294,0.312,0.074,0.116,0.022,0.128,-0.082,-0.083,-0.01,-0.01,0.075,-0.038,,,,,,,,,,0.009,-0.053,0.049,-0.322,0,0,0.019,-0.047,0.097,,,0.026,0.07,,,,0.336,-0.51,-0.03,0.343,0,0.001,,,,,,,,,,,,,0.003,-0.06,-0.008,0,-0.039,-0.032,-0.031,-0.034,0.046,-0.002,0,-0.001,,,,,,,,,,,,,,,,,,,,,,,,,,,,,,,,,,,,,,,,,,,,,,,,,,,,,,,,,,,,,,,,,,,,,,,,,,,,,,,,,,,,,,,,,,,,,,,,,,,,,,,,,,,,,,,,,,,,,,,,,,,,,,,,,,,,,,,,,,,,,,,,,,,,,,,,,,,,,,,,,,,,,,,,,,,,,,,,,,,,,,,,,,,,,,,,,,,,,,,,,,,,,,,,,,,,,,,,,,,,,,,,,,,,,,,,,,,,,,,,,,,,,,,,,,,,,,,,,,,,,,,,,,,,,,,,,,,,,,,,,,,,,,,,,,,,,,,,,,,,,,,,,,,,,,,,,,,,,,,,,,,,,,,,,,,,,,,,,,,,,,,,,,,,,,,,,,,,,,,,,,,,,,,,,,,,,,,,,,,,,,,,,,,,,,,,,,,,,,,,,,,,,,,,,,,,,,,,,,,,,,,,,,,,,,,,,,,,,,,,,,,,,,,,,,,,,,,,,,,,,,,,,,,,,,,,,,,,,,,,,,,,,,,,,,,,,,,,,,,,,,,,,,,,,,,,,,,,,,,,,,,,,,,,,,,,,,,,,,,,,,,,,,,,,,,,,,,,,,,,,,,,,,,,,,,,,,,,,,,,,,,,,,,,,,,,,,,,,,,,,,,,,,,,,,,,,,,,,,,,,,,,,,,,,,,,,,,,,,,,,,,,,,,,,,,,,,,0.315,-0.03,0.072,-0.097,-0.029,-0.01,0.038,-0.046,-0.116,-0.132,-0.066,-0.057,0.101,0.238,-0.05,-0.115,-0.097,-0.046,0.203,0.03,-0.198,-0.037,0.072,0.038,-0.057,-0.115,-0.066,-0.05,0.063,0.063,-0.03,-0.01,-0.081,-0.03,-0.022,-0.01,0.315,-0.029,-0.132,0.238,-0.116,0.101,0.017,-0.48,0.017,-0.48,-0.019,-0.013,-0.035,0,0,0,0,-0.006,-0.006,-0.005,0,0.106,0.138,-0.006,-0.005,-0.021,0.106,-0.011,-0.006,-0.028,-0.021,-0.005,0.097,0.045,0.134,-0.006,-0.005,0,0,-0.035,0.081,0,0,0.005,0.123,0.008,0.143,0.009,0.143,0,0,-0.012,-0.029,-0.013,-0.029,-0.011,-0.023,0,0,-0.004,0.015,0,0,0,0,0,0,0.078,0.091,0.014,0.072,0.012,0.022,0.071,0.013,0.031,0.013,-0.002,0.012,-0.004,-0.023,0.013,-0.011,0.013,-0.001,,,,,,-0.074,-0.058,-0.044,-0.074,-0.074,0.124,0,0,0,0,0,0,0,0,,,,,,,,,-0.192,-0.072,-0.192,-0.072,0,0,0,0,0,0,0,0,,,,,,,,,,,,,,,,,,,,,,,,,,,,,,,,,,,,,,,,,,,,,,,,,,,,,,,,,,,,,,,,,,,,,,,,,,,,,,,,,,,,,,0
725,,,,,,,,,,,,,,,,,,,,,,,,,,,,,,,,,,,,,,,,,,,,,,,,,,,,,,,,,,,,,,,,,,,,,,,,,,,,,,,,,,,,,,,,,,,,,,,,,,,,,,,,,,,,,,,,,,,,,,,,,,,,,,,,,,,,,,,,,,,,,,,,,,,,,,,,,,,,,,,,,,,,,,,,,,,,,,,,,,,,,,,,,,,,,,,,,,,,,,,,,,,,,,,,,,,,,,,,,,,,,,,,,,,,,,,,,,,,,,,,,,,,,,,,,,,,,,,,,,,,,,,,,,,,,,,,,,,,,,,,,,,,,,,,,,,,,,,,,,,,,,,,,,,,,,,,,,,,,,,,,,,,,,,,,,,,,,,,,,,,,,,,,,,,,,,,,,,,,,,,,,,,,,,,,,,,,,,,,,,,,,,,,,,,,,,,,,,,,,,,,,,,,,,,,,,,,,,,,,,,,,,,,,,,,,,,,,,,,,,,,,,,,,,,,,,,,,,,,,,,,,,,,,,,,,,,,,,,,,,,,,,,,,,,,,,,,,,,,,,,,,,,,,,,,,,,,,,,,,,,,,,,,,,,,,,,,,,,,,,,,,,,,,,,,,,,,,,,,,,,,,,,,,,,,,,,,,,,,,,,,,,,,,,,,,,,,,,,,,,,,,,,,,,,,,,,,,,,,,,,,,,,,,,,,,,,,,,,,,,,,,,,,,,,,,,,,,,,,,,,,,,,,,,,,,,,,,,,,,,,,,,,,,,,,,,,,,,,,,,,,,,,,,,,,,,,,,,,,,,,,,,,,,,,,,,,,,,,,,,,,,,,,,,,,,,,,,,,,,,,,,,,,,,,,,,,,,,,,,,,,,,,,,,,,,,,,,,,,,,,,,,,,,,,,,,,,,,,,,,,,,,,,,,,,,,,,,,,,,,,,,,,,,,,,,,,,,,,,,,,,,,,,,,,,,,,,,,,,,,,,,,,,,,,,,,,,,,,,,,,,,,,,,,,,,,,,,,,,,,,,,,,,,,,,,,,,,,,,,,,,,,,,,,,,,,,,,,,,,,,,,,,,,,,,0
726,-0.068,-0.086,-0.015,-0.034,0.074,-0.066,0.015,0.088,0.102,-0.04,0.127,0.127,-0.066,-0.046,,,,,,,,,,0.009,-0.224,-0.051,0.483,0.004,0,-0.081,0.535,-0.019,-0.056,-0.014,,,,,,-0.164,-0.177,-0.024,-0.157,0,0.001,0.183,0.141,0.041,-0.012,0.002,0.046,0.079,0.008,0.08,0.043,0,0.006,,,,,,,,,,,,,,,,,,,,,,,,,,,,,,,,,,,,,,,,,,,,,,,,,,,,,,,,,,,,,,,,,,,,,,,,,,,,,,,,,,,,,,,,,,,,,,,,,,,,,,,,,,,,,,,,,,,,,,,,,,,,,,,,,,,,,,,,,,,,,,,,,,,,,,,,,,,,,,,,,,,,,,,,,,,,,,,,,,,,,,,,,,,,,,,,,,,,,,,,,,,,,,,,,,,,,,,,,,,,,,,,,,,,,,,,,,,,,,,,,,,,,,,,,,,,,,,,,,,,,,,,,,,,,,,,,,,,,,,,,,,,,,,,,,,,,,,,,,,,,,,,,,,,,,,,,,,,,,,,,,,,,,,,,,,,,,,,,,,,,,,,,,,,,,,,,,,,,,,,,,,,,,,,,,,,,,,,,,,,,,,,,,,,,,,,,,,,,,,,,,,,,,,,,,,,,,,,,,,,,,,,,,,,,,,,,,,,,,,,,,,,,,,,,,,,,,,,,,,,,,,,,,,,,,,,,,,,,,,,,,,,,,,,,,,,,,,,,,,,,,,,,,,,,,,,,,,,,,,,,,,,,,,,,,,,,,,,,,,,,,,,,,,,,,,,,,,,,,,,,,,,,,,,,,,,,,,,,,,,,,,,,,,,,,,,,,,,,,,,,,,,,,,,,,,,,,,,,,,,,,,,,,,,,,,,,,,,,,,,,,,,,,,,,,,,,,,,,,,,,,,,,,,0.101,0.011,0.232,-0.163,0.01,0.012,-0.075,-0.066,0.128,0.106,0.026,0.05,0.068,-0.032,0.117,0.218,-0.163,-0.066,-0.033,-0.085,-0.237,-0.057,0.232,-0.075,0.05,0.218,0.026,0.117,0.037,0.037,0.011,0.012,0.085,0.009,-0.007,0.013,0.101,0.01,0.106,-0.032,0.128,0.068,0.303,0.52,0.303,0.52,0.005,0.003,-0.008,0,0,0,0,-0.003,-0.003,-0.001,-0.002,0.052,-0.072,-0.003,-0.001,0.099,0.052,-0.007,-0.003,0.173,0.099,,,,,,,,,,,,,,,,,,,,,,,,,,,,,,,,,0,0,0,0,0.157,0.192,0.108,0.053,0.01,0.005,0.005,0.013,0.003,0.013,0.025,0.01,0.015,0.016,0.013,0.007,0.013,-0.043,,,,,,0.062,0.062,0.063,0.062,0.062,0.002,0,0,0,0,0,0,0,0,,,,,,,,,-0.092,-0.062,-0.092,-0.062,0,0,0,0,0,0,0,0,,,,,,,,,,,,,,,,,,,,,,,,,,,,,,,,,,,,,,,,,,,,,,,,,,,,,,,,,,,,,,,,,,,,,,,,,,,,,,,,,,,,,,0
727,,,,,,,,,,,,,,,,,,,,,,,,,,,,,,,,,,,,,,,,,,,,,,,,,,,,,,,,,,,,,,,,,,,,,,,,,,,,,,,,,,0.077,0.105,-0.138,-0.291,-0.109,-0.154,-0.022,-0.166,0.322,0.056,-0.327,-0.326,-0.076,0.078,,,,,,,,,,0.012,-0.164,-0.052,0.209,-0.003,0,0.013,-0.184,-0.039,-0.163,-0.032,,,,,,0.456,-0.484,-0.019,0.803,0,0,,,,,,,,,,,,,,,-0.008,-0.079,-0.018,0.023,0.011,0.01,0.013,0.036,0.315,-0.035,0.041,0.004,0.006,-0.005,,,,,,,,,,,,,,,,,,,,,,,,,,,,,,,,,,,,,,,,,,,,,,,,,,,,,,,,,,,,,,,,,,,,,,,,,,,,,,,,,,,,,,,,,,,,,,,,,,,,,,,,,,,,,,,,,,,,,,,,,,,,,,,,,,,,,,,,,,,,,,,,,,,,,,,,,,,,,,,,,,,,,,,,,,,,,,,,,,,,,,,,,,,,,,,,,,,,,,,,,,,,,,,,,,,,,,,,,,,,,,,,,,,,,,,,,,,,,,,,,,,,,,,,,,,,,,,,,,,,,,,,,,,,,,,,,,,,,,,,,,,,,,,,,,,,,,,,,,,,,,,,,,,,,,,,,,,,,,,,,,,,,,,,,,,,,,,,,,,,,,,,,,,,,,,,,,,,,,,,,,,,,,,,,,,,,,,,,,,,,,,,,,,,,,,,,,,,,,,,,,,,,,,,,,,,,,,,,,,,,,,,,,,,,,,,,,,,,,,,,,,,,,,,,,,,,,,,,,,,,,,,,,,,,,,,,,,,,,,,,,,,,,,,,,,,,,,,,,,,,,,,,,,,,,,,,,,,,,,,,,,,,,,,,,,,,,,,,,,,,,,,,,,,,,,,,,,,,,,,,,,,,,,,,,0.182,0.077,0.232,0.285,0.083,0.079,-0.056,0.006,-0.09,-0.106,-0.149,-0.081,0.148,0.125,0.017,-0.115,0.285,0.006,-0.093,-0.034,0.416,-0.018,0.232,-0.056,-0.081,-0.115,-0.149,0.017,0.104,0.104,0.077,0.079,0.109,0.084,0.015,0.079,0.182,0.083,-0.106,0.125,-0.09,0.148,0.017,-0.48,0.017,-0.48,-0.023,-0.024,-0.09,0,0,0,0,-0.009,-0.009,0.007,-0.001,0.052,0.033,-0.001,0.007,-0.121,0.052,0.007,-0.001,0.146,-0.121,0.007,0.043,-0.098,0.043,-0.001,-0.105,0,0,0.068,0.016,0,0,0.001,-0.018,-0.006,-0.007,-0.006,-0.007,0,0,0.004,0.124,0.003,0.124,0.007,0.151,0,0,0.095,0.008,0,0,0,0,0,0,0.024,0.035,-0.057,-0.008,0.009,-0.021,0.052,0.013,0.025,0.013,-0.032,0.008,-0.047,-0.047,0.013,-0.019,0.013,0.038,,,,,,-0.21,-0.181,-0.051,-0.21,-0.21,-0.014,0,0,0,0,0,0,0,0,,,,,,,,,0.008,0.204,0.008,0.204,0,0,0,0,0,0,0,0,,,,,,,,,,,,,,,,,,,,,,,,,,,,,,,,,,,,,,,,,,,,,,,,,,,,,,,,,,,,,,,,,,,,,,,,,,,,,,,,,,,,,,0
729,0.03,0.019,0.33,0.294,0.031,0.161,0.015,0.088,-0.036,0.019,-0.159,-0.159,-0.022,0.04,,,,,,,,,,0.009,0.175,0.049,0.128,0.002,0,0.019,-0.021,-0.074,,,0.09,0.064,0.164,-0.274,-0.123,,,,0.343,0,0.001,,,,,,,,,,,,,-0.02,-0.032,0.005,0.01,-0.001,0.004,-0.098,0.012,-0.217,-0.016,0,0,,,,,,,,,,,,,,,,,,,,,,,,,,,,,,,,,,,,,,,,,,,,,,,,,,,,,,,,,,,,,,,,,,,,,,,,,,,,,,,,,,,,,,,,,,,,,,,,,,,,,,,,,,,,,,,,,,,,,,,,,,,,,,,,,,,,,,,,,,,,,,,,,,,,,,,,,,,,,,,,,,,,,,,,,,,,,,,,,,,,,,,,,,,,,,,,,,,,,,,,,,,,,,,,,,,,,,,,,,,,,,,,,,,,,,,,,,,,,,,,,,,,,,,,,,,,,,,,,,,,,,,,,,,,,,,,,,,,,,,,,,,,,,,,,,,,,,,,,,,,,,,,,,,,,,,,,,,,,,,,,,,,,,,,,,,,,,,,,,,,,,,,,,,,,,,,,,,,,,,,,,,,,,,,,,,,,,,,,,,,,,,,,,,,,,,,,,,,,,,,,,,,,,,,,,,,,,,,,,,,,,,,,,,,,,,,,,,,,,,,,,,,,,,,,,,,,,,,,,,,,,,,,,,,,,,,,,,,,,,,,,,,,,,,,,,,,,,,,,,,,,,,,,,,,,,,,,,,,,,,,,,,,,,,,,,,,,,,,,,,,,,,,,,,,,,,,,,,,,,,,,,,,,,,,,,,,,,,,,,,,,,,,,,,,,,,,,,,,,,,,,,,,,,,,,,,,,,,,,,,,,,,,,,,,,,,,,,,,,,,,,,,,,,,,,,,,,,-0.084,-0.03,-0.017,0.15,-0.001,-0.002,0.013,0.083,-0.142,-0.157,0.161,0.236,0.137,0.125,-0.05,0.218,0.15,0.083,-0.175,0.042,0.271,0.054,-0.017,0.013,0.236,0.218,0.161,-0.05,0.082,0.082,-0.03,-0.002,0.033,-0.002,-0.022,-0.001,-0.084,-0.001,-0.157,0.125,-0.142,0.137,0.017,-0.48,0.017,-0.48,-0.033,-0.02,-0.055,0,0,0,0,-0.015,-0.015,-0.005,-0.003,0.133,0.086,-0.006,-0.005,0.139,0.133,-0.011,-0.006,0.05,0.139,-0.005,0.124,0.114,0.134,-0.006,0.155,0,0,0.004,0.232,0,0,-0.005,0.115,0.008,0.174,0.009,0.174,0,0,-0.012,0.094,-0.013,0.094,-0.011,0.055,0,0,-0.004,-0.003,0,0,0,0,0,0,0.021,-0.098,0.07,0.144,0.018,0.064,0.053,0.013,0.025,0.013,0.011,0.012,-0.007,-0.02,0.013,-0.007,0.013,-0.03,,,,,,-0.029,-0.024,-0.255,-0.029,-0.029,-0.014,0,0,0,0,0,0,0,0,0,0.064,0.03,0.163,0,0,0,0,,,,,,,,,0,0,0,0,,,,,,,,,,,,,,,,,,,,,,,,,,,,,,,,,,,,,,,,,,,,,,,,,,,,,,,,,,,,,,,,,,,,,,,,,,,,,,,,,,,,,,0
730,,,,,,,,,,,,,,,,,,,,,,,,,,,,,,,,,,,,,,,,,,,,,,,,,,,,,,,,,,,,,,,,,,,,,,,,,,,,,,,,,,,,,,,,,,,,,,,,,,,,,,,,,,,,,,,,,,,,,,,,,,,,,,,,,,,,,,,,,,,,,,,,,,,,,,,,,,,,,,,,,,,,,,,,,,,,,,,,,,,,,,,,,,,,,,,,,,,,,,,,,,,,,,,,,,,,,,,,,,,,,,,,,,,,,,,,,,,,,,,,,,,,,,,,,,,,,,,,,,,,,,,,,,,,,,,,,,,,,,,,,,,,,,,,,,,,,,,,,,,,,,,,,,,,,,,,,,,,,,,,,,,,,-0.026,-0.039,-0.054,0.02,-0.049,-0.006,0.001,0.021,-0.078,0.071,0.085,0.09,-0.051,-0.072,,,,,,,,,,,,,,,,-0.028,-0.022,-0.014,0.043,0.13,0.107,0.105,-0.064,-0.113,-0.01,-0.008,0.042,0.002,-0.043,0.082,-0.127,0.001,-0.03,0.171,-0.001,0.034,-0.002,0.001,-0.002,,,,,,,,,,-0.123,-0.081,-0.078,-0.051,0.021,0,0.356,0.397,0.014,-0.123,-0.044,,,,,,,,,,,,,,,,,,,,,,,,,,,,,,,,,,,,,,,,,,,,,,,,,,,,,,,,,,,,,,,,,,,,,,,,,,,,,,,,,,,,,,,,,,,,,,,,,,,,,,,,,,,,,,,,,,,,,,,,,,,,,,,,,,,,,,,,,,,,,,,,,,,,,,,,,,,,,,,,,,,,,,,,,,,,,,,,,,,,,,,,,,,,,,,,,,,,,,,,,,,,,,,,,,,,,,,,,,,,,,,,,,,,,,,,,,,,,,,,,,,,,,,,,,,,,,,,,,,,,,,,,,,,,,,,,,,,,,,,,,,,,-0.101,-0.033,-0.253,0,-0.031,0.017,0.069,0.171,-0.035,0.056,-0.176,0.039,-0.063,-0.034,,,,,,,,,,,,,,,,,,,,,,,,,,,,,0.119,-0.082,-0.037,0.131,0.148,0.096,0.082,-0.066,0.157,0.16,-0.159,-0.166,-0.202,-0.088,-0.017,0.218,0.131,-0.066,0.138,0.074,-0.062,-0.057,-0.037,0.082,-0.166,0.218,-0.159,-0.017,0.057,0.057,-0.082,0.096,0.09,0.15,-0.039,0.096,0.119,0.148,0.16,-0.088,0.157,-0.202,-0.04,0.52,-0.04,0.52,-0.023,-0.013,-0.035,0,0,0,0,0,0,-0.002,-0.001,0.052,0.007,0.015,-0.002,-0.161,0.052,0.008,0.015,-0.074,-0.161,-0.002,0.043,-0.271,-0.199,0.015,-0.145,0,0,-0.038,-0.147,0,0,0.001,-0.105,0.005,-0.115,0.005,-0.115,0,0,0.004,-0.095,0.003,-0.095,0.008,-0.069,0,0,-0.086,-0.005,0,0,0,0,0,0,-0.154,-0.143,-0.009,-0.062,0.013,0.047,-0.011,0.013,-0.005,0.013,0.031,0.016,0.063,-0.063,0.013,-0.027,0.013,-0.014,,,,,,0.108,0.095,0.047,0.108,0.108,-0.128,0,0,0,0,0,0,0,0,,,,,,,,,-0.092,0.361,-0.092,0.361,0,0,0,0.002,0,0,0,0,,,,,,,,,,,,,,,,,,,,,,,,,,,,,,,,,,,,,,,,,,,,,,,,,,,,,,,,,,,,,,,,,,,,,,,,,,,,,,,,,,,,,,0
731,,,,,,,,,,,,,,,,,,,,,,,,,,,,,,,,,,,,,,,,,,,,,,,,,,,,,,,,,,,,,,,,,,,,,,,,,,,,,,,,,,0.053,0.083,0.14,0.278,0.002,-0.077,0.006,0.022,-0.034,-0.054,-0.082,-0.082,0.126,-0.126,,,,,,,,,,0.012,-0.214,-0.052,0.365,0.006,0,0.013,-0.186,-0.323,-0.142,0.037,,,-0.01,0.005,-0.027,,,,-0.197,0,0,-0.049,-0.018,-0.019,0.065,-0.007,-0.003,0.015,-0.132,-0.168,0.01,-0.147,0.009,0.002,-0.004,,,,,,,,,,,,,,,,,,,,,,,,,,,,,,,,,,,,,,,,,,,,,,,,,,,,,,,,,,,,,,,,,,,,,,,,,,,,,,,,,,,,,,,,,,,,,,,,,,,,,,,,,,,,,,,,,,,,,,,,,,,,,,,,,,,,,,,,,,,,,,,,,,,,,,,,,,,,,,,,,,,,,,,,,,,,,,,,,,,,,,,,,,,,,,,,,,,,,,,,,,,,,,,,,,,,,,,,,,,,,,,,,,,,,,,,,,,,,,,,,,,,,,,,,,,,,,,,,,,,,,,,,,,,,,,,,,,,,,,,,,,,,,,,,,,,,,,,,,,,,,,,,,,,,,,,,,,,,,,,,,,,,,,,,,,,,,,,,,,,,,,,,,,,,,,,,,,,,,,,,,,,,,,,,,,,,,,,,,,,,,,,,,,,,,,,,,,,,,,,,,,,,,,,,,,,,,,,,,,,,,,,,,,,,,,,,,,,,,,,,,,,,,,,,,,,,,,,,,,,,,,,,,,,,,,,,,,,,,,,,,,,,,,,,,,,,,,,,,,,,,,,,,,,,,,,,,,,,,,,,,,,,,,,,,,,,,,,,,,,,,,,,,,,,,,,,,,,,,,,,,,,,,,,,,,,,,,,,,,,,,,,-0.23,0.283,0.336,-0.176,0.027,0.042,0.044,0.064,-0.248,-0.21,-0.232,-0.236,0.068,-0.032,0.183,-0.115,-0.176,0.064,-0.04,0.042,-0.245,0.073,0.336,0.044,-0.236,-0.115,-0.232,0.183,0.015,0.015,0.283,0.042,-0.009,0.027,0.086,0.042,-0.23,0.027,-0.21,-0.032,-0.248,0.068,-0.354,0.52,-0.354,0.52,0.034,0.027,0.098,0,0,0,0,0.005,0.005,-0.004,-0.001,-0.083,0.007,0.007,-0.004,-0.121,-0.083,0.001,0.007,0.077,-0.121,,,,,,,,,,,,,,,,,,,,,,,,,,,,,,,,,0,0,0,0,0.035,-0.166,0,-0.098,0.013,0.005,0.054,0.013,0.025,0.013,0.031,0.013,-0.01,-0.025,0.013,-0.017,0.013,-0.001,,,,,,-0.074,-0.057,-0.073,-0.074,-0.074,0.116,0,0,0,0,0,0,0,0,,,,,,,,,0.008,0.096,0.008,0.096,0,0,0,0,0,0,0,0,,,,,,,,,,,,,,,,,,,,,,,,,,,,,,,,,,,,,,,,,,,,,,,,,,,,,,,,,,,,,,,,,,,,,,,,,,,,,,,,,,,,,,0
734,,,,,,,,,,,,,,,,,,,,,,,,,,,,,,,,,,,,,,,,,,,,,,,,,,,,,,,,,,,,,,,,,,,,,,,,,,,,,,,,,,,,,,,,,,,,,,,,,,,,,,,,,,,,,,,,,,,,,,,,,,,,,,,,,,,,,,,,,,,,,,,,,,,,,,,,,,,,,,,,,,,,,,,,,,,,,,,,,,,,,,,,,,,,,,,,,,,,,,,,,,,,,,,,,,,,,,,,,,,,,,,,,,,,,,,,,,,,,,,,,,,,,,,,,,,,,,,,,,,,,,,,,,,,,,,,,,,,,,,,,,,,,,,,,,,,,,,,,,,,,,,,,,,,,,,,,,,,,,,,,,,,,-0.013,0.037,0.13,-0.018,-0.1,0.007,-0.007,-0.07,0.132,-0.147,-0.158,-0.166,0.1,0.088,,,,,,,,,,,,,,,,-0.177,0.202,0.017,-0.007,-0.12,-0.486,-0.493,0.045,-0.183,0.012,0.002,0.103,-0.011,-0.12,0.008,,,,,,,,,,-0.177,0.015,-0.021,0.013,-0.111,-0.162,-0.083,0.023,0.016,0.171,0.098,0.132,0.1,-0.07,0,-0.356,-0.302,0.195,0.174,-0.091,,,,,,,,,,,,,,,,,,,,,,,,,,,,,,,,,,,,,,,,,,,,,,,,,,,,,,,,,,,,,,,,,,,,,,,,,,,,,,,,,,,,,,,,,,,,,,,,,,,,,,,,,,,,,,,,,,,,,,,,,,,,,,,,,,,,,,,,,,,,,,,,,,,,,,,,,,,,,,,,,,,,,,,,,,,,,,,,,,,,,,,,,,,,,,,,,,,,,,,,,,,,,,,,,,,,,,,,,,,,,,,,,,,,,,,,,,,,,,,,,,,,,,,,,,,,,,,,,,,,,,,,,,,,,,,,,,,,,,,,,,,,,0.151,0.028,-0.241,0.038,-0.031,0.127,-0.142,-0.081,-0.035,-0.002,-0.156,0.074,-0.101,-0.034,,,,,,,,,,,,,,,,,,,,,,,,,,,,,0.049,-0.03,0.184,0.012,0.114,0.098,0.038,0.057,-0.012,0.045,-0.185,-0.153,0.125,0.294,0.017,0.218,0.012,0.057,0.005,0.03,-0.133,0.067,0.184,0.038,-0.153,0.218,-0.185,0.017,0.063,0.063,-0.03,0.098,0.071,0.115,-0.022,0.098,0.049,0.114,0.045,0.294,-0.012,0.125,0.017,-0.48,0.017,-0.48,-0.019,-0.013,-0.027,0,0,0,0,-0.002,-0.002,0,-0.003,0.052,0.112,-0.006,0,0.179,0.052,-0.011,-0.006,0.417,0.179,0,0.043,0.055,0.195,-0.006,0.195,0,0,0.062,0.359,0,0,0.005,0.257,-0.002,0.236,-0.002,0.236,0,0,0.013,0.414,0.012,0.414,-0.011,0.422,0,0,0.057,-0.008,0,0,0,0,0,0,0.065,0.147,-0.203,-0.103,0.01,-0.021,0.021,0.013,0.011,0.013,0.038,0.01,-0.004,0.05,0.013,0.023,0.013,-0.001,,,,,,-0.029,-0.031,-0.226,-0.029,-0.029,0.075,0,0,0,0,0,0,0,0,,,,,,,,,0.008,0.146,0.008,0.146,0,0,0,0,0,0,0,0,,,,,,,,,,,,,,,,,,,,,,,,,,,,,,,,,,,,,,,,,,,,,,,,,,,,,,,,,,,,,,,,,,,,,,,,,,,,,,,,,,,,,,0
735,-0.121,-0.161,-0.052,-0.052,0.205,0.161,0.022,0.128,-0.174,-0.179,-0.183,-0.183,0.011,0.078,,,,,,,,,,0.009,-0.119,0.049,-0.346,0,0,0.019,-0.209,-0.034,-0.064,-0.008,,,,,,0.336,-0.348,0.094,-0.157,0,0.001,,,,,,,,,,,,,,,,,,,,,,,,,0.092,-0.171,0.014,0.153,0.088,0.136,0.04,0.054,0.309,0.022,0.053,0.073,,,,,,,,,,,,,,,,,,,,,,,,,,,,,,,,,,,,,,,,,,,,,,,,,,,,,,,,,,,,,,,,,,,,,,,,,,,,,,,,,,,,,,,,,,,,,,,,,,,,,,,,,,,,,,,,,,,,,,,,,,,,,,,,,,,,,,,,,,,,,,,,,,,,,,,,,,,,,,,,,,,,,,,,,,,,,,,,,,,,,,,,,,,,,,,,,,,,,,,,,,,,,,,,,,,,,,,,,,,,,,,,,,,,,,,,,,,,,,,,,,,,,,,,,,,,,,,,,,,,,,,,,,,,,,,,,,,,,,,,,,,,,,,,,,,,,,,,,,,,,,,,,,,,,,,,,,,,,,,,,,,,,,,,,,,,,,,,,,,,,,,,,,,,,,,,,,,,,,,,,,,,,,,,,,,,,,,,,,,,,,,,,,,,,,,,,,,,,,,,,,,,,,,,,,,,,,,,,,,,,,,,,,,,,,,,,,,,,,,,,,,,,,,,,,,,,,,,,,,,,,,,,,,,,,,,,,,,,,,,,,,,,,,,,,,,,,,,,,,,,,,,,,,,,,,,,,,,,,,,,,,,,,,,,,,,,,,,,,,,,,,,,,,,,,,,,,,,,,,,,,,,,,,,,,,,,,,,,,,,,,,,,,,,,,,,,,,,,,,,,,,,,,,,,,,,,,,,,,,,,,,,,,,,,,,,,,,,,,,,,,,0.169,-0.149,-0.114,0.044,-0.085,-0.066,0.082,0.006,-0.3,-0.286,-0.051,-0.004,0.045,0.193,0.117,0.218,0.044,0.006,0.093,0.074,-0.114,0.015,-0.114,0.082,-0.004,0.218,-0.051,0.117,0.015,0.015,-0.149,-0.066,-0.085,-0.087,-0.063,-0.066,0.169,-0.085,-0.286,0.193,-0.3,0.045,-0.354,0.52,-0.354,0.52,0.029,0.027,0.094,0,0,0,0,0.005,0.005,0,0.002,0.106,-0.072,-0.001,0,-0.141,0.106,0.001,-0.001,-0.166,-0.141,,,,,,,,,,,,,,,,,,,,,,,,,,,,,,,,,0,0,0,0,0.002,-0.179,0.048,-0.056,0.01,-0.018,-0.031,0.013,-0.019,0.013,0.011,0.008,-0.075,0.005,0.013,0.001,0.013,0.07,,,,,,0.017,0.019,0.011,0.017,0.017,-0.006,0,0,0,0,0,0,0,0,,,,,,,,,0.108,-0.094,0.108,-0.094,0,0,0,0,0,0,0,0,,,,,,,,,,,,,,,,,,,,,,,,,,,,,,,,,,,,,,,,,,,,,,,,,,,,,,,,,,,,,,,,,,,,,,,,,,,,,,,,,,,,,,0
736,-0.049,-0.056,0.294,0.348,-0.013,-0.066,0.03,0.128,0.107,0.029,0.31,0.31,-0.053,0.134,-0.013,-0.035,0.008,0.081,0.003,0,0.01,-0.142,-0.076,,,,,,,,,,,,-0.003,-0.206,,,,-0.164,0.406,-0.017,0.343,0,0.001,,,,,,,,,,,,,,,,,,,,,,,,,-0.077,-0.051,-0.001,0.032,-0.112,-0.085,-0.072,-0.104,0.074,-0.036,-0.115,0.013,,,,,,,,,,,,,,,,,,,,,,,,,,,,,,,,,,,,,,,,,,,,,,,,,,,,,,,,,,,,,,,,,,,,,,,,,,,,,,,,,,,,,,,,,,,,,,,,,,,,,,,,,,,,,,,,,,,,,,,,,,,,,,,,,,,,,,,,,,,,,,,,,,,,,,,,,,,,,,,,,,,,,,,,,,,,,,,,,,,,,,,,,,,,,,,,,,,,,,,,,,,,,,,,,,,,,,,,,,,,,,,,,,,,,,,,,,,,,,,,,,,,,,,,,,,,,,,,,,,,,,,,,,,,,,,,,,,,,,,,,,,,,,,,,,,,,,,,,,,,,,,,,,,,,,,,,,,,,,,,,,,,,,,,,,,,,,,,,,,,,,,,,,,,,,,,,,,,,,,,,,,,,,,,,,,,,,,,,,,,,,,,,,,,,,,,,,,,,,,,,,,,,,,,,,,,,,,,,,,,,,,,,,,,,,,,,,,,,,,,,,,,,,,,,,,,,,,,,,,,,,,,,,,,,,,,,,,,,,,,,,,,,,,,,,,,,,,,,,,,,,,,,,,,,,,,,,,,,,,,,,,,,,,,,,,,,,,,,,,,,,,,,,,,,,,,,,,,,,,,,,,,,,,,,,,,,,,,,,,,,,,,,,,,,,,,,,,,,,,,,,,,,,,,,,,,,,,,,,,,,,,,,,,,,,,,,,,,,,,,,,,0.049,0.077,0.184,0.23,0.001,-0.012,-0.038,0.025,-0.142,-0.005,0.134,0.115,0.207,0.125,-0.05,0.218,0.23,0.025,-0.126,-0.015,0.388,0.002,0.184,-0.038,0.115,0.218,0.134,-0.05,0.063,0.063,0.077,-0.012,0.071,0.001,0.015,-0.012,0.049,0.001,-0.005,0.125,-0.142,0.207,0.017,-0.48,0.017,-0.48,-0.019,-0.017,-0.051,0,0,0,0,0.008,0.008,0.001,-0.001,0.106,0.033,-0.004,0.001,-0.141,0.106,0.03,-0.004,0.022,-0.141,0.001,0.097,0.047,0.043,-0.003,-0.125,0,0,0.027,0.115,0,0,0.009,0.072,-0.008,0.087,-0.009,0.087,0,0,0.022,0.059,0.021,0.059,0.03,0.027,0,0,0.14,0.025,0,0,0,0,0,0,0.039,-0.013,0.019,0.099,-0.969,-0.48,-0.763,-0.987,-0.332,-0.987,-0.431,-0.974,-0.558,-0.709,-0.987,-0.306,-0.987,-0.416,,,,,,-0.074,-0.072,0.083,-0.074,-0.074,0.035,0,0,0,0,0,0,0,0,0,-0.014,0.03,-0.036,0,0,0,0,,,,,,,,,0,0,0,0,,,,,,,,,,,,,,,,,,,,,,,,,,,,,,,,,,,,,,,,,,,,,,,,,,,,,,,,,,,,,,,,,,,,,,,,,,,,,,,,,,,,,,0
738,-0.082,-0.049,-0.179,-0.179,-0.013,0.116,0.008,-0.032,-0.005,0.067,0.07,0.07,0.011,0.045,,,,,,,,,,0.009,-0.185,-0.051,0.26,0.002,0,0.019,-0.234,0.009,0.017,0.016,,,,,,-0.164,-0.126,0.013,-0.157,0,0.001,,,,,,,,,,,,,,,,,,,,,,,,,0.017,-0.103,0.01,0.131,0.088,0.076,0.074,0.021,0.05,0.059,0.034,0.001,,,,,,,,,,,,,,,,,,,,,,,,,,,,,,,,,,,,,,,,,,,,,,,,,,,,,,,,,,,,,,,,,,,,,,,,,,,,,,,,,,,,,,,,,,,,,,,,,,,,,,,,,,,,,,,,,,,,,,,,,,,,,,,,,,,,,,,,,,,,,,,,,,,,,,,,,,,,,,,,,,,,,,,,,,,,,,,,,,,,,,,,,,,,,,,,,,,,,,,,,,,,,,,,,,,,,,,,,,,,,,,,,,,,,,,,,,,,,,,,,,,,,,,,,,,,,,,,,,,,,,,,,,,,,,,,,,,,,,,,,,,,,,,,,,,,,,,,,,,,,,,,,,,,,,,,,,,,,,,,,,,,,,,,,,,,,,,,,,,,,,,,,,,,,,,,,,,,,,,,,,,,,,,,,,,,,,,,,,,,,,,,,,,,,,,,,,,,,,,,,,,,,,,,,,,,,,,,,,,,,,,,,,,,,,,,,,,,,,,,,,,,,,,,,,,,,,,,,,,,,,,,,,,,,,,,,,,,,,,,,,,,,,,,,,,,,,,,,,,,,,,,,,,,,,,,,,,,,,,,,,,,,,,,,,,,,,,,,,,,,,,,,,,,,,,,,,,,,,,,,,,,,,,,,,,,,,,,,,,,,,,,,,,,,,,,,,,,,,,,,,,,,,,,,,,,,,,,,,,,,,,,,,,,,,,,,,,,,,,,,,,-0.078,0.191,-0.171,-0.118,-0.072,-0.06,-0.1,-0.066,-0.011,-0.03,0.114,0.077,-0.155,-0.257,-0.083,-0.115,-0.118,-0.066,-0.336,-0.104,0.181,-0.063,-0.171,-0.1,0.077,-0.115,0.114,-0.083,0.082,0.082,0.191,-0.06,-0.155,-0.074,0.054,-0.06,-0.078,-0.072,-0.03,-0.257,-0.011,-0.155,-0.097,0.52,-0.097,0.52,0.005,0.003,0.024,0,0,0,0,-0.01,-0.01,0,0,-0.056,-0.23,0.002,0,0.219,-0.056,-0.011,0.002,-0.111,0.219,0,-0.065,0.146,0.225,0.002,0.235,0,0,-0.035,0.016,0,0,-0.005,0.029,0.009,0.049,0.009,0.049,0,0,0.013,-0.108,0.012,-0.108,-0.011,-0.106,0,0,-0.064,-0.008,0,0,0,0,0,0,-0.325,-0.015,-0.324,-0.026,0.01,-0.021,-0.03,0.013,-0.013,0.013,0.044,0.01,-0.019,0.082,0.013,0.039,0.013,-0.001,,,,,,0.017,-0.007,0.058,0.017,0.017,0.1,0,0,0,0,0,0,0,0,,,,,,,,,0.008,-0.055,0.008,-0.055,0,0,0,0,0,0,0,0,,,,,,,,,,,,,,,,,,,,,,,,,,,,,,,,,,,,,,,,,,,,,,,,,,,,,,,,,,,,,,,,,,,,,,,,,,,,,,,,,,,,,,0
743,,,,,,,,,,,,,,,,,,,,,,,,,,,,,,,,,,,,,,,,,,,,,,,,,,,,,,,,,,,,,,,,,,,,,,,,,,,,,,,,,,,,,,,,,,,,,,,,,,,,,,,,,,,,,,,,,,,,,,,,,,,,,,,,,,,,,,,,,,,,,,,,,,,,,,,,,,,,,,,,,,,,,,,,,,,,,,,,,,,,,,,,,,,,,,,,,,,,,,,,,,,,,,,,,,,,,,,,,,,,,,,,,,,,,,,,,,,,,,,,,,,,,,,,,,,,0.017,-0.104,-0.035,-0.027,-0.029,0.014,-0.009,0.003,-0.063,0.092,0.098,0.162,-0.051,-0.078,,,,,,,,,,,,,,,,0.164,0.001,0.02,-0.038,0.093,0.003,0.002,-0.034,0.241,0.014,0.018,-0.136,0.005,0.041,-0.032,0.246,0,-0.019,0.055,0,-0.027,-0.002,-0.058,-0.005,,,,,,,,,,0.19,0.014,-0.079,-0.051,0.058,0,0.238,0.163,-0.064,0.193,-0.054,,,,,,,,,,,,,,,,,,,,,,,,,,,,,,,,,,,,,,,,,,,,,,,,,,,,,,,,,,,,,,,,,,,,,,,,,,,,,,,,,,,,,,,,,,,,,,,,,,,,,,,,,,,,,,,,,,,,,,,,,,,,,,,,,,,,,,,,,,,,,,,,,,,,,,,,,,,,,,,,,,,,,,,,,,,,,,,,,,,,,,,,,,,,,,,,,,,,,,,,,,,,,,,,,,,,,,,,,,,,,,,,,,,,,,,,,,,,,,,,,,,,,,,,,,,,,,,,,,,,,,,,,,,,,,,,,,,,,,,,,,,,,,,,,,,,,,,,,,,,,,,,,,,,,,,,,,,,,,,,,,,,,,,,,,,,,,,,,,,,,,,,,,,,,,,,,,,,,,-0.268,-0.099,-0.084,0.096,0.789,-0.047,-0.196,-0.082,0.894,0.174,-0.086,-0.061,0.183,-0.034,,,,,,,,,,,,,,,,,,,,,,,,,,,,,0.227,0.114,-0.104,0.056,-0.021,-0.044,0.013,0.032,0.178,0.155,-0.094,-0.008,0.139,0.249,0.017,-0.115,0.056,0.032,0.099,0.004,-0.107,0.041,-0.104,0.013,-0.008,-0.115,-0.094,0.017,0.037,0.037,0.114,-0.044,0.121,-0.022,0.028,-0.044,0.227,-0.021,0.155,0.249,0.178,0.139,0.417,0.52,0.417,0.52,0.001,0.007,0.004,0,0,0,0,-0.005,-0.005,-0.005,-0.002,-0.056,-0.099,0.002,-0.005,0.059,-0.056,-0.011,0.002,0.086,0.059,,,,,,,,,,,,,,,,,,,,,,,,,,,,,,,,,0,0,0,0,0.135,0.173,-0.133,-0.111,0.011,0.005,0.078,0.013,0.037,0.013,0.038,0.005,-0.129,0.072,0.013,0.035,0.013,0.131,,,,,,-0.119,-0.09,-0.03,-0.119,-0.119,0.108,0,0,0,0,0,0,0,0,0,-0.049,-0.082,-0.124,0,0,0,0,,,,,,,,,0,0,0,0,,,,,,,,,,,,,,,,,,,,,,,,,,,,,,,,,,,,,,,,,,,,,,,,,,,,,,,,,,,,,,,,,,,,,,,,,,,,,,,,,,,,,,0
744,,,,,,,,,,,,,,,,,,,,,,,,,,,,,,,,,,,,,,,,,,,,,,,,,,,,,,,,,,,,,,,,,,,,,,,,,,,,,,,,,,,,,,,,,,,,,,,,,,,,,,,,,,,,,,,,,,,,,,,,,,,,,,,,,,,,,,,,,,,,,,,,,,,,,,,,,,,,,,,,,,,,,,,,,,,,,,,,,,,,,,,,,,,,,,,,,,,,,,,,,,,,,,,,,,,,,,,,,,,,,,,,,,,,,,,,,,,,,,,,,,,,,,,,,,,,,,,,,,,,,,,,,,,,,,,,,,,,,,,,,,,,,,,,,,,,,,,,,,,,,,,,,,,,,,,,,,,,,,,,,,,,,,,,,,,,,,,,,,,,,,,,,,,,,,,,,,,,,,,,,,,,,,,,,,,,,,,,,,,,,,,,,,,,,,,,,,,,,,0.028,-0.127,0.104,-0.014,0,-0.002,0.03,0.052,-0.133,-0.128,-0.222,0.005,0.096,-0.003,0,0.004,-0.003,0.045,-0.013,-0.005,-0.029,0.003,0.018,0,-0.007,-0.005,,,,,,,,,,,,,,,,,,,,,,,0,-0.027,-0.001,-0.018,0.09,-0.001,0.086,0.143,0.311,0.035,-0.033,0.173,0.137,0.054,0.025,0.123,0.047,0.056,0.033,-0.029,,,,,,,,,,,,,,,,,,,,,,,,,,,,,,,,,,,,,,,,,,,,,,,,,,,,,,,,,,,,,,,,,,,,,,,,,,,,,,,,,,,,,,,,,,,,,,,,,,,,,,,,,,,,,,,,,,,,,,,,,,,,,,,,,,,,,,,,,,,,,,,,,,,,,,,,,,,,,,,,,,,,,,,,,,,,,,,,,,,,,,,,,,,,,,,,,,,,,,,,,,,,,,,,,,,,,,,,,,,,,,,,,,,,,,,,,,,,,,,,,,,,,,,,,,,,,,,,,,,-0.28,-0.19,0.13,0.186,-0.111,-0.106,0.05,0.116,0.105,0.084,0.146,0.089,-0.202,0.08,0.017,-0.115,0.186,0.116,-0.153,0.074,0.356,0.092,0.13,0.05,0.089,-0.115,0.146,0.017,0.101,0.101,-0.19,-0.106,-0.023,-0.113,-0.076,-0.106,-0.28,-0.111,0.084,0.08,0.105,-0.202,-0.04,0.52,-0.04,0.52,0.053,0.034,0.11,0,0,0,0,0.006,0.006,-0.005,0.001,0.052,-0.072,-0.006,-0.005,-0.021,0.052,-0.01,-0.006,-0.143,-0.021,-0.005,0.043,0.087,-0.048,-0.006,-0.005,0,0,-0.015,-0.041,0,0,0.005,-0.034,0.009,-0.022,0.009,-0.022,0,0,-0.011,-0.134,-0.012,-0.134,-0.011,-0.138,0,0,-0.124,-0.012,0,0,0,0,0,0,0.133,-0.047,-0.111,-0.097,0.007,-0.046,0.02,0.013,0.009,0.013,0.051,0.012,0.001,0.012,0.013,0.007,0.013,-0.049,,,,,,0.017,0.031,0.202,0.017,0.017,-0.047,0,0,0,0,0,0,0,0,0,-0.022,0.03,-0.055,0,0,0,0,,,,,,,,,0,0,0,0,,,,,,,,,,,,,,,,,,,,,,,,,,,,,,,,,,,,,,,,,,,,,,,,,,,,,,,,,,,,,,,,,,,,,,,,,,,,,,,,,,,,,,0
745,,,,,,,,,,,,,,,,,,,,,,,,,,,,,,,,,,,,,,,,,,,,,,,,,,,,,,,,,,,,,,,,,,,,,,,,,,,,,,,,,,0.01,0.033,-0.072,-0.136,0.002,0,-0.006,-0.041,-0.039,-0.049,0.064,0.064,0.049,0.364,-0.067,0.306,-0.034,-0.114,0.003,0,-0.069,0.083,0.001,,,,,,,,,,,,-0.032,-0.178,-0.01,-0.32,0.013,,,,-0.197,0,0,0.023,0.018,0.03,0.048,-0.026,-0.027,0.076,-0.021,0.131,-0.035,0.076,0.065,-0.003,-0.009,,,,,,,,,,,,,,,,,,,,,,,,,,,,,,,,,,,,,,,,,,,,,,,,,,,,,,,,,,,,,,,,,,,,,,,,,,,,,,,,,,,,,,,,,,,,,,,,,,,,,,,,,,,,,,,,,,,,,,,,,,,,,,,,,,,,,,,,,,,,,,,,,,,,,,,,,,,,,,,,,,,,,,,,,,,,,,,,,,,,,,,,,,,,,,,,,,,,,,,,,,,,,,,,,,,,,,,,,,,,,,,,,,,,,,,,,,,,,,,,,,,,,,,,,,,,,,,,,,,,,,,,,,,,,,,,,,,,,,,,,,,,,,,,,,,,,,,,,,,,,,,,,,,,,,,,,,,,,,,,,,,,,,,,,,,,,,,,,,,,,,,,,,,,,,,,,,,,,,,,,,,,,,,,,,,,,,,,,,,,,,,,,,,,,,,,,,,,,,,,,,,,,,,,,,,,,,,,,,,,,,,,,,,,,,,,,,,,,,,,,,,,,,,,,,,,,,,,,,,,,,,,,,,,,,,,,,,,,,,,,,,,,,,,,,,,,,,,,,,,,,,,,,,,,,,,,,,,,,,,,,,,,,,,,,,,,,,,,,,,,,,,,,,,,,,,,,,,0.129,-0.161,-0.085,-0.179,0.771,-0.475,0.13,-0.138,0.895,0.105,-0.067,-0.012,-0.066,-0.038,,,,,,,,,,,,,,,-0.172,0.221,-0.188,-0.139,-0.047,-0.042,0.006,-0.072,0.126,0.155,0.116,0.099,-0.073,0.137,0.25,-0.115,-0.139,-0.072,0.049,-0.002,-0.223,-0.063,-0.188,0.006,0.099,-0.115,0.116,0.25,-0.657,-0.657,0.221,-0.042,0.008,-0.048,0.065,-0.041,-0.172,-0.047,0.155,0.137,0.126,-0.073,-0.183,0.52,-0.183,0.52,0.058,0.05,0.188,0,0,0,0,0,0,0.003,0.001,-0.083,-0.125,0.005,0.003,-0.161,-0.083,-0.009,0.005,-0.129,-0.161,,,,,,,,,,,,,,,,,,,,,,,,,,,,,,,,,0,0,0,0,-0.145,-0.166,0.077,0.054,0.014,0.019,-0.032,0.013,-0.013,0.013,-0.015,0.019,0.109,-0.022,0.013,-0.009,0.013,-0.056,,,,,,0.017,0.039,-0.183,0.017,0.017,-0.014,0,0,0,0,0,0,0,0,,,,,,,,,0.008,-0.156,0.008,-0.156,0,0,0,0,0,0,0,0,,,,,,,,,,,,,,,,,,,,,,,,,,,,,,,,,,,,,,,,,,,,,,,,,,,,,,,,,,,,,,,,,,,,,,,,,,,,,,,,,,,,,,0
746,,,,,,,,,,,,,,,,,,,,,,,,,,,,,,,,,,,,,,,,,,,,,,,,,,,,,,,,,,,,,,,,,,,,,,,,,,,,,,,,,,0.029,0.026,0.059,0.192,-0.053,-0.077,0.002,0.022,0.011,-0.184,0.329,0.329,0.068,-0.047,,,,,,,,,,-0.088,0.577,-0.052,0.097,0.003,0,0.013,-0.248,-0.038,-0.142,0.014,,,-0.01,0.03,0.006,,,,-0.197,0,0,-0.015,0.024,0.032,0.03,-0.026,-0.026,0.013,-0.021,-0.082,-0.014,-0.064,0.027,-0.012,0.003,,,,,,,,,,,,,,,,,,,,,,,,,,,,,,,,,,,,,,,,,,,,,,,,,,,,,,,,,,,,,,,,,,,,,,,,,,,,,,,,,,,,,,,,,,,,,,,,,,,,,,,,,,,,,,,,,,,,,,,,,,,,,,,,,,,,,,,,,,,,,,,,,,,,,,,,,,,,,,,,,,,,,,,,,,,,,,,,,,,,,,,,,,,,,,,,,,,,,,,,,,,,,,,,,,,,,,,,,,,,,,,,,,,,,,,,,,,,,,,,,,,,,,,,,,,,,,,,,,,,,,,,,,,,,,,,,,,,,,,,,,,,,,,,,,,,,,,,,,,,,,,,,,,,,,,,,,,,,,,,,,,,,,,,,,,,,,,,,,,,,,,,,,,,,,,,,,,,,,,,,,,,,,,,,,,,,,,,,,,,,,,,,,,,,,,,,,,,,,,,,,,,,,,,,,,,,,,,,,,,,,,,,,,,,,,,,,,,,,,,,,,,,,,,,,,,,,,,,,,,,,,,,,,,,,,,,,,,,,,,,,,,,,,,,,,,,,,,,,,,,,,,,,,,,,,,,,,,,,,,,,,,,,,,,,,,,,,,,,,,,,,,,,,,,,,,,,,,,,,,,,,,,,,,,,,,,,,,,,,,,,,,0.321,0.082,-0.104,-0.054,-0.121,-0.101,-0.031,0.012,-0.141,-0.156,-0.094,-0.104,0.021,-0.088,0.15,-0.115,-0.054,0.012,-0.297,-0.028,0.22,0.008,-0.104,-0.031,-0.104,-0.115,-0.094,0.15,0.037,0.037,0.082,-0.101,-0.041,-0.123,0.017,-0.101,0.321,-0.121,-0.156,-0.088,-0.141,0.021,-0.097,0.52,-0.097,0.52,0.001,0.003,0.004,0,0,0,0,-0.004,-0.004,0,0.002,-0.11,-0.02,0,0,0.159,-0.11,0.002,0,0.036,0.159,,,,,,,,,,,,,,,,,,,,,,,,,,,,,,,,,0,0,0,0,-0.176,-0.165,-0.084,-0.119,0.012,0.022,-0.021,0.013,-0.009,0.013,-0.025,0.016,0.061,-0.021,0.013,-0.009,0.013,0.005,,,,,,-0.074,-0.048,0.047,-0.074,-0.074,0.059,0,0,0,0,0,0,0,0,,,,,,,,,-0.092,-0.106,-0.092,-0.106,0,0,0,0,0,0,0,0,,,,,,,,,,,,,,,,,,,,,,,,,,,,,,,,,,,,,,,,,,,,,,,,,,,,,,,,,,,,,,,,,,,,,,,,,,,,,,,,,,,,,,0
747,,,,,,,,,,,,,,,,,,,,,,,,,,,,,,,,,,,,,,,,,,,,,,,,,,,,,,,,,,,,,,,,,,,,,,,,,,,,,,,,,,-0.099,-0.111,-0.057,-0.136,-0.053,-0.077,0.006,0.053,-0.103,-0.089,-0.14,-0.14,-0.082,0.034,,,,,,,,,,0.012,-0.2,0.048,-0.352,0.004,0,0.013,-0.209,-0.052,,,-0.128,-0.079,,,,-0.044,-0.172,0.163,-0.197,0,0,,,,,,,,,,,,,,,-0.22,0.11,-0.191,-0.077,-0.048,-0.05,-0.015,0.008,0.322,-0.003,0.203,0.017,-0.023,0,,,,,,,,,,,,,,,,,,,,,,,,,,,,,,,,,,,,,,,,,,,,,,,,,,,,,,,,,,,,,,,,,,,,,,,,,,,,,,,,,,,,,,,,,,,,,,,,,,,,,,,,,,,,,,,,,,,,,,,,,,,,,,,,,,,,,,,,,,,,,,,,,,,,,,,,,,,,,,,,,,,,,,,,,,,,,,,,,,,,,,,,,,,,,,,,,,,,,,,,,,,,,,,,,,,,,,,,,,,,,,,,,,,,,,,,,,,,,,,,,,,,,,,,,,,,,,,,,,,,,,,,,,,,,,,,,,,,,,,,,,,,,,,,,,,,,,,,,,,,,,,,,,,,,,,,,,,,,,,,,,,,,,,,,,,,,,,,,,,,,,,,,,,,,,,,,,,,,,,,,,,,,,,,,,,,,,,,,,,,,,,,,,,,,,,,,,,,,,,,,,,,,,,,,,,,,,,,,,,,,,,,,,,,,,,,,,,,,,,,,,,,,,,,,,,,,,,,,,,,,,,,,,,,,,,,,,,,,,,,,,,,,,,,,,,,,,,,,,,,,,,,,,,,,,,,,,,,,,,,,,,,,,,,,,,,,,,,,,,,,,,,,,,,,,,,,,,,,,,,,,,,,,,,,,0.359,0.005,0.332,0.37,-0.085,-0.077,-0.176,-0.124,0.23,0.256,-0.112,-0.102,-0.061,0.024,0.283,-0.115,0.37,-0.124,-0.042,-0.161,0.474,-0.141,0.332,-0.176,-0.102,-0.115,-0.112,0.283,-0.702,-0.702,0.005,-0.077,0.159,-0.087,-0.009,-0.076,0.359,-0.085,0.256,0.024,0.23,-0.061,-0.183,0.52,-0.183,0.52,0.105,0.074,0.157,0,0,0,0,-0.003,-0.003,0,-0.001,-0.164,0.164,-0.001,0,0.099,-0.164,0.001,-0.001,-0.116,0.099,,,,,,,,,,,,,,,,,,,,,,,,,,,,,,,,,0,0,0,0,-0.162,-0.182,0.088,0.074,0.009,-0.046,0.096,0.013,0.045,0.013,0.038,0.015,0.052,0.076,0.013,0.037,0.013,-0.056,,,,,,0.062,0.041,-0.308,0.062,0.062,-0.006,0,0,0,0,0,0,0,0,0,-0.049,-0.082,-0.124,0,0,0.001,0,,,,,,,,,0,0,0.001,0,,,,,,,,,,,,,,,,,,,,,,,,,,,,,,,,,,,,,,,,,,,,,,,,,,,,,,,,,,,,,,,,,,,,,,,,,,,,,,,,,,,,,,0
748,,,,,,,,,,,,,,,,,,,,,,,,,,,,,,,,,,,,,,,,,,,,,,,,,,,,,,,,,,,,,,,,,,,,,,,,,,,,,,,,,,,,,,,,,,,,,,,,,,,,,,,,,,,,,,,,,,,,,,,,,,,,,,,,,,,,,,,,,,,,,,,,,,,,,,,,,,,,,,,,,,,,,,,,,-0.062,-0.076,0.007,-0.053,-0.022,0.18,-0.11,0.025,0.359,0,0.065,0,0.684,0.664,0.684,0.684,0.033,0.146,-0.093,-0.018,-0.038,-0.018,0.003,-0.029,0.037,,,,,,,,,,,,,,,,0.189,0.01,0.01,0.017,0.403,0.116,0.106,-0.134,0.346,0.02,0.025,-0.114,0.088,0.004,0.098,,,,,,,,,,0.356,-0.003,0.004,-0.065,0.109,0.029,-0.002,0.001,-0.012,0.101,-0.198,-0.018,-0.029,-0.093,0.422,0.366,-0.378,0.102,-0.048,,,,,,,,,,,,,,,,,,,,,,,,,,,,,,,,,,,,,,,,,,,,,,,,,,,,,,,,,,,,,,,,,,,,,,,,,,,,,,,,,,,,,,,,,,,,,,,,,,,,,,,,,,,,,,,,,,,,,,,,,,,,,,,,,,,,,,,,,,,,,,,,,,,,,,,,,,,,,,,,,,,,,,,,,,,,,,,,,,,,,,,,,,,,,,,,,,,,,,,,,,,,,,,,,,,,,,,,,,,,,,,,,,,,,,,,,,,,,,,,,,,,,,,,,,,,,,,,,,,,,,,,,,,,,,,,,,,,,,,,,,,,,,,,,,,,,,,,,,,,,,,,,,,,,,,,,,,,,,,,,,,,,,,,,,,,,,,,,,,,,,,,,,,,,,,,,,,,,,,,,,,,,,,,,,,,,,,,,,,,,,,,,,,,,,,,,,,,,,,,,,,,,,,,,,,,,,,,,,,,,,,,,,,,,,,,,,,,,,,,,,,,,0.064,0.109,-0.019,0.238,-0.03,0.09,-0.038,0.099,-0.035,0.038,-0.042,-0.077,0.034,-0.038,,,,,,,,,,,,,,,0.182,-0.03,-0.039,-0.097,-0.022,-0.01,-0.05,0.012,-0.09,-0.106,0.034,0.039,0.101,0.125,-0.05,-0.115,-0.097,0.012,-0.324,-0.028,0.258,-0.011,-0.039,-0.05,0.039,-0.115,0.034,-0.05,0.063,0.063,-0.03,-0.01,-0.081,-0.022,-0.022,-0.01,0.182,-0.022,-0.106,0.125,-0.09,0.101,0.017,-0.48,0.017,-0.48,-0.019,-0.013,-0.035,0,0,0,0,-0.005,-0.005,0.006,-0.002,-0.11,-0.02,0.004,0.006,-0.081,-0.11,0.027,0.004,0.027,-0.081,0.005,-0.119,0.019,0.043,0.004,-0.065,0,0,-0.003,0.115,0,0,-0.003,0.112,0.001,0.118,0.001,0.118,0,0,-0.005,0.103,-0.006,0.102,0.027,0.032,0,0,-0.109,0,0,0,0,0,0,0,0.192,0.232,0.09,0.061,0.017,0.027,-0.022,0.013,-0.011,0.013,-0.009,0.01,-0.044,-0.006,0.013,-0.003,0.013,0.118,,,,,,0.017,0.004,-0.178,0.017,0.017,-0.039,0,0,0,0,0,0,0,0,0,-0.02,0.03,-0.051,0,0,0,0,,,,,,,,,0,0,0,0,,,,,,,,,,,,,,,,,,,,,,,,,,,,,,,,,,,,,,,,,,,,,,,,,,,,,,,,,,,,,,,,,,,,,,,,,,,,,,,,,,,,,,0
749,,,,,,,,,,,,,,,,,,,,,,,,,,,,,,,,,,,,,,,,,,,,,,,,,,,,,,,,,,,,,,,,,,,,,,,,,,,,,,,,,,,,,,,,,,,,,,,,,,,,,,,,,,,,,,,,,,,,,,,,,,,,,,,,,,,,,,,,,,,,,,,,,,,,,,,,,,,,,,,,,,,,,,,,,,,,,,,,,,,,,,,,,,,,,,,,,,,,,,,,,,,,,,,,,,,,,,,,,,,,,,,,,,,,,,,,,,,,,,,,,,,,,,,,,,,,,,,,,,,,,,,,,,,,,,,,,,,,,,,,,,,,,,,,,,,,,,,,,,,,,,,,,,,,,,,,,,,,,,,,,,,,,0.091,-0.05,-0.035,0.026,-0.08,0.021,-0.001,-0.081,0.106,-0.147,-0.137,-0.141,0.13,-0.048,0.038,-0.002,0.001,-0.008,0.077,-0.012,-0.01,-0.058,0.229,0.001,-0.009,0.148,-0.011,-0.093,-0.015,,,,,,,,,,,,,,,,0.232,0,0.043,-0.084,-0.001,0.05,0.002,0.116,-0.017,,,,,,,,,,0.005,0.282,0.106,0.13,-0.081,0,0.235,0.222,-0.2,0.003,0.04,,,,,,,,,,,,,,,,,,,,,,,,,,,,,,,,,,,,,,,,,,,,,,,,,,,,,,,,,,,,,,,,,,,,,,,,,,,,,,,,,,,,,,,,,,,,,,,,,,,,,,,,,,,,,,,,,,,,,,,,,,,,,,,,,,,,,,,,,,,,,,,,,,,,,,,,,,,,,,,,,,,,,,,,,,,,,,,,,,,,,,,,,,,,,,,,,,,,,,,,,,,,,,,,,,,,,,,,,,,,,,,,,,,,,,,,,,,,,,,,,,,,,,,,,,,,,,,,,,,,,,,,,,,,,,,,,,,,,,,,,,,,,0.227,0.222,0.114,-0.09,-0.031,0.068,0.003,-0.16,-0.035,-0.082,0.083,-0.004,-0.162,-0.034,,,,,,,,,,,,,,,,,,,,,,,,,,,,,0.315,0.077,-0.151,-0.097,-0.073,-0.056,-0.151,-0.157,-0.116,-0.106,0.194,0.192,0.137,0.069,-0.117,-0.115,-0.097,-0.157,0.071,-0.161,-0.198,-0.148,-0.151,-0.151,0.192,-0.115,0.194,-0.117,0.063,0.063,0.077,-0.056,-0.043,-0.074,0.015,-0.055,0.315,-0.073,-0.106,0.069,-0.116,0.137,0.017,-0.48,0.017,-0.48,-0.019,-0.013,-0.043,-0.001,0,0,0,0.004,0.004,-0.004,-0.002,0.052,0.033,-0.004,-0.004,-0.061,0.052,-0.003,-0.004,-0.038,-0.061,-0.004,0.043,-0.255,-0.169,-0.004,-0.045,0,0,-0.061,0.016,0,0,-0.003,0.104,0.001,0.084,0.001,0.084,0,0,-0.005,-0.029,-0.007,-0.029,-0.003,-0.032,0,0,-0.11,0.004,0,0,0,0,0,0,0.038,0.014,0.097,0.097,0.014,0.013,-0.089,0.013,-0.039,0.013,-0.002,0.015,0.038,0.003,0.013,-0.001,0.013,-0.036,,,,,,-0.029,-0.016,-0.146,-0.029,-0.029,0.026,0,0,0,0,0,0,0,0,,,,,,,,,-0.092,-0.057,-0.092,-0.057,0,0,0,0,0,0,0,0,,,,,,,,,,,,,,,,,,,,,,,,,,,,,,,,,,,,,,,,,,,,,,,,,,,,,,,,,,,,,,,,,,,,,,,,,,,,,,,,,,,,,,0
753,-0.029,-0.011,-0.052,-0.034,0.031,-0.112,0,0.008,-0.163,-0.062,-0.026,-0.026,0.011,-0.125,,,,,,,,,,0.009,-0.218,-0.051,0.124,0,0,0.019,-0.249,0.004,-0.062,-0.012,,,,,,-0.164,0.441,-0.027,-0.157,0,0.001,,,,,,,,,,,,,-0.032,-0.03,0.014,0.004,-0.001,-0.005,0.021,0.042,-0.002,0.003,0,-0.002,,,,,,,,,,,,,,,,,,,,,,,,,,,,,,,,,,,,,,,,,,,,,,,,,,,,,,,,,,,,,,,,,,,,,,,,,,,,,,,,,,,,,,,,,,,,,,,,,,,,,,,,,,,,,,,,,,,,,,,,,,,,,,,,,,,,,,,,,,,,,,,,,,,,,,,,,,,,,,,,,,,,,,,,,,,,,,,,,,,,,,,,,,,,,,,,,,,,,,,,,,,,,,,,,,,,,,,,,,,,,,,,,,,,,,,,,,,,,,,,,,,,,,,,,,,,,,,,,,,,,,,,,,,,,,,,,,,,,,,,,,,,,,,,,,,,,,,,,,,,,,,,,,,,,,,,,,,,,,,,,,,,,,,,,,,,,,,,,,,,,,,,,,,,,,,,,,,,,,,,,,,,,,,,,,,,,,,,,,,,,,,,,,,,,,,,,,,,,,,,,,,,,,,,,,,,,,,,,,,,,,,,,,,,,,,,,,,,,,,,,,,,,,,,,,,,,,,,,,,,,,,,,,,,,,,,,,,,,,,,,,,,,,,,,,,,,,,,,,,,,,,,,,,,,,,,,,,,,,,,,,,,,,,,,,,,,,,,,,,,,,,,,,,,,,,,,,,,,,,,,,,,,,,,,,,,,,,,,,,,,,,,,,,,,,,,,,,,,,,,,,,,,,,,,,,,,,,,,,,,,,,,,,,,,,,,,,,,,,,,,,,,,,,,,,,,,,,-0.032,-0.206,-0.104,0.056,-0.065,-0.077,0.088,0.07,0.153,0.106,-0.014,-0.008,0.033,-0.088,0.117,-0.115,0.056,0.07,0.099,0.081,-0.107,0.08,-0.104,0.088,-0.008,-0.115,-0.014,0.117,0.037,0.037,-0.206,-0.077,0.048,-0.066,-0.082,-0.076,-0.032,-0.065,0.106,-0.088,0.153,0.033,0.303,0.52,0.303,0.52,0.096,0.058,0.027,0,0,0,0,-0.003,-0.003,-0.004,-0.001,-0.11,-0.204,0.016,-0.004,0.079,-0.11,0.003,0.016,0.118,0.079,,,,,,,,,,,,,,,,,,,,,,,,,,,,,,,,,0,0,0,0,0.046,0.015,0.099,0.148,0.009,-0.021,0.056,0.013,0.027,0.013,0.058,0.009,-0.024,0.095,0.013,0.043,0.013,0.038,,,,,,0.017,-0.001,-0.133,0.017,0.017,0.262,0,0,0,0,0,0,0,0,,,,,,,,,-0.092,0.036,-0.092,0.036,0,0,0,0,0,0,0,0,,,,,,,,,,,,,,,,,,,,,,,,,,,,,,,,,,,,,,,,,,,,,,,,,,,,,,,,,,,,,,,,,,,,,,,,,,,,,,,,,,,,,,0
754,,,,,,,,,,,,,,,,,,,,,,,,,,,,,,,,,,,,,,,,,,,,,,,,,,,,,,,,,,,,,,,,,,,,,,,,,,,,,,,,,,-0.112,-0.133,0.067,0.157,0.002,-0.077,0.018,0.115,0.035,0.101,-0.03,-0.03,0.077,-0.057,,,,,,,,,,0.012,0.024,0.048,-0.141,-0.002,0,0.013,-0.074,0.005,-0.014,-0.047,,,,,,-0.044,-0.141,0.015,-0.197,0,0,,,,,,,,,,,,,,,0.039,0.038,0.012,-0.017,-0.009,-0.011,-0.023,0.036,-0.134,-0.048,-0.349,-0.021,-0.001,-0.001,,,,,,,,,,,,,,,,,,,,,,,,,,,,,,,,,,,,,,,,,,,,,,,,,,,,,,,,,,,,,,,,,,,,,,,,,,,,,,,,,,,,,,,,,,,,,,,,,,,,,,,,,,,,,,,,,,,,,,,,,,,,,,,,,,,,,,,,,,,,,,,,,,,,,,,,,,,,,,,,,,,,,,,,,,,,,,,,,,,,,,,,,,,,,,,,,,,,,,,,,,,,,,,,,,,,,,,,,,,,,,,,,,,,,,,,,,,,,,,,,,,,,,,,,,,,,,,,,,,,,,,,,,,,,,,,,,,,,,,,,,,,,,,,,,,,,,,,,,,,,,,,,,,,,,,,,,,,,,,,,,,,,,,,,,,,,,,,,,,,,,,,,,,,,,,,,,,,,,,,,,,,,,,,,,,,,,,,,,,,,,,,,,,,,,,,,,,,,,,,,,,,,,,,,,,,,,,,,,,,,,,,,,,,,,,,,,,,,,,,,,,,,,,,,,,,,,,,,,,,,,,,,,,,,,,,,,,,,,,,,,,,,,,,,,,,,,,,,,,,,,,,,,,,,,,,,,,,,,,,,,,,,,,,,,,,,,,,,,,,,,,,,,,,,,,,,,,,,,,,,,,,,,,,,,0.315,0.077,-0.238,0.042,0.5,0.546,-0.05,-0.033,-0.09,-0.031,0.043,0.009,0.207,0.013,-0.017,-0.115,0.042,-0.033,0.02,-0.06,-0.115,-0.024,-0.238,-0.05,0.009,-0.115,0.043,-0.017,0.082,0.082,0.077,0.546,-0.194,0.546,0.015,0.546,0.315,0.5,-0.031,0.013,-0.09,0.207,0.017,-0.48,0.017,-0.48,0.015,0.003,-0.02,-0.001,0,0,0,0.004,0.004,-0.005,-0.002,0.133,-0.046,0.002,-0.005,-0.001,0.133,-0.011,0.002,0.485,-0.001,-0.005,0.124,0,-0.018,0.002,0.015,0,0,0.052,0.395,0,0,-0.005,0.171,-0.002,0.245,-0.002,0.245,0,0,-0.012,0.55,-0.013,0.55,-0.011,0.491,0,0,0.119,0.008,0,0,0,0,0,0,-0.046,-0.044,0.108,0.192,0.01,-0.032,0.117,0.013,0.047,0.013,0.064,0.006,-0.117,0.133,0.013,0.053,0.013,0.131,,,,,,-0.074,-0.056,-0.133,-0.074,-0.074,0.148,0,0,0,0,0,0,0,0,,,,,,,,,0.008,0.262,0.008,0.262,0,0,0,0,0,0,0,0,,,,,,,,,,,,,,,,,,,,,,,,,,,,,,,,,,,,,,,,,,,,,,,,,,,,,,,,,,,,,,,,,,,,,,,,,,,,,,,,,,,,,,0
755,,,,,,,,,,,,,,,,,,,,,,,,,,,,,,,,,,,,,,,,,,,,,,,,,,,,,,,,,,,,,,,,,,,,,,,,,,,,,,,,,,-0.038,-0.025,-0.13,-0.291,0.058,0.077,-0.006,-0.041,-0.123,-0.074,0.098,0.098,0.059,0.219,,,,,,,,,,0.012,-0.067,0.048,-0.274,0.002,0,0.013,-0.112,0.023,,,-0.351,0.257,-0.01,-0.066,-0.029,,,,-0.197,0,0,0.055,0.049,-0.029,-0.008,-0.007,0.003,0.094,0.016,-0.053,-0.003,0.085,0.076,-0.001,0.008,,,,,,,,,,,,,,,,,,,,,,,,,,,,,,,,,,,,,,,,,,,,,,,,,,,,,,,,,,,,,,,,,,,,,,,,,,,,,,,,,,,,,,,,,,,,,,,,,,,,,,,,,,,,,,,,,,,,,,,,,,,,,,,,,,,,,,,,,,,,,,,,,,,,,,,,,,,,,,,,,,,,,,,,,,,,,,,,,,,,,,,,,,,,,,,,,,,,,,,,,,,,,,,,,,,,,,,,,,,,,,,,,,,,,,,,,,,,,,,,,,,,,,,,,,,,,,,,,,,,,,,,,,,,,,,,,,,,,,,,,,,,,,,,,,,,,,,,,,,,,,,,,,,,,,,,,,,,,,,,,,,,,,,,,,,,,,,,,,,,,,,,,,,,,,,,,,,,,,,,,,,,,,,,,,,,,,,,,,,,,,,,,,,,,,,,,,,,,,,,,,,,,,,,,,,,,,,,,,,,,,,,,,,,,,,,,,,,,,,,,,,,,,,,,,,,,,,,,,,,,,,,,,,,,,,,,,,,,,,,,,,,,,,,,,,,,,,,,,,,,,,,,,,,,,,,,,,,,,,,,,,,,,,,,,,,,,,,,,,,,,,,,,,,,,,,,,,,,,,,,,,,,,,,,,,,,,,,,,,,,,,,-0.04,-0.103,-0.006,-0.18,0.027,0.02,-0.088,-0.098,0.23,0.256,-0.112,-0.121,-0.061,-0.2,0.217,0.218,-0.18,-0.098,0.157,-0.098,-0.247,-0.089,-0.006,-0.088,-0.121,0.218,-0.112,0.217,-0.702,-0.702,-0.103,0.02,0.045,0.027,-0.047,0.021,-0.04,0.027,0.256,-0.2,0.23,-0.061,-0.183,0.52,-0.183,0.52,,,,0,0,0,0.001,-0.002,-0.002,0,-0.001,0.025,-0.072,0.007,0,0.019,0.025,0.001,0.007,-0.024,0.019,,,,,,,,,,,,,,,,,,,,,,,,,,,,,,,,,0,0,0,0,-0.219,-0.173,0.12,0.275,0.01,-0.004,0.035,0.013,0.015,0.013,0.011,0.012,0.001,0.003,0.013,-0.005,0.013,-0.007,,,,,,-0.119,-0.105,-0.069,-0.119,-0.119,-0.12,0,0,0,0,0,0,0,0,,,,,,,,,0.108,0.03,0.108,0.03,0,0,0,0,0,0,0.001,0,,,,,,,,,,,,,,,,,,,,,,,,,,,,,,,,,,,,,,,,,,,,,,,,,,,,,,,,,,,,,,,,,,,,,,,,,,,,,,,,,,,,,,0
756,-0.062,-0.071,-0.179,-0.179,0.074,0.161,0,0.008,-0.056,-0.158,-0.246,-0.246,0.019,-0.052,-0.113,-0.061,-0.092,-0.25,-0.037,0,-0.09,-0.158,0.058,,,,,,,,,,0.067,0.003,,,,,,-0.164,-0.014,-0.022,-0.157,0,0.001,,,,,,,,,,,,,,,,,,,,,,,,,0.141,-0.086,0.02,0.106,0.188,0.145,0.078,0.014,-0.042,0.018,0.202,-0.017,,,,,,,,,,,,,,,,,,,,,,,,,,,,,,,,,,,,,,,,,,,,,,,,,,,,,,,,,,,,,,,,,,,,,,,,,,,,,,,,,,,,,,,,,,,,,,,,,,,,,,,,,,,,,,,,,,,,,,,,,,,,,,,,,,,,,,,,,,,,,,,,,,,,,,,,,,,,,,,,,,,,,,,,,,,,,,,,,,,,,,,,,,,,,,,,,,,,,,,,,,,,,,,,,,,,,,,,,,,,,,,,,,,,,,,,,,,,,,,,,,,,,,,,,,,,,,,,,,,,,,,,,,,,,,,,,,,,,,,,,,,,,,,,,,,,,,,,,,,,,,,,,,,,,,,,,,,,,,,,,,,,,,,,,,,,,,,,,,,,,,,,,,,,,,,,,,,,,,,,,,,,,,,,,,,,,,,,,,,,,,,,,,,,,,,,,,,,,,,,,,,,,,,,,,,,,,,,,,,,,,,,,,,,,,,,,,,,,,,,,,,,,,,,,,,,,,,,,,,,,,,,,,,,,,,,,,,,,,,,,,,,,,,,,,,,,,,,,,,,,,,,,,,,,,,,,,,,,,,,,,,,,,,,,,,,,,,,,,,,,,,,,,,,,,,,,,,,,,,,,,,,,,,,,,,,,,,,,,,,,,,,,,,,,,,,,,,,,,,,,,,,,,,,,,,,,,,,,,,,,,,,,,,,,,,,,,,,,,,,,,,-0.084,0.077,0.093,-0.174,0.007,0.015,-0.019,-0.072,-0.116,-0.106,0.004,0.009,0.148,0.069,-0.05,-0.115,-0.174,-0.072,0.215,-0.028,-0.244,-0.063,0.093,-0.019,0.009,-0.115,0.004,-0.05,0.082,0.082,0.077,0.015,0.033,0.006,0.015,0.015,-0.084,0.007,-0.106,0.069,-0.116,0.148,0.017,-0.48,0.017,-0.48,0.048,0.023,0.055,0,0,0,0,-0.01,-0.01,-0.005,-0.003,0.133,0.112,-0.006,-0.005,0.019,0.133,-0.011,-0.006,0.027,0.019,-0.005,0.124,0.004,0.073,-0.006,0.035,0,0,-0.035,0.034,0,0,0.005,0.08,0.008,0.077,0.009,0.077,0,0,-0.012,0.006,-0.013,0.006,-0.011,0.032,0,0,0.057,0.003,0,0,0,0,0,0,0.055,-0.03,0.072,0.1,0.014,0.025,0.018,0.013,0.007,0.013,-0.025,0.018,0.12,-0.011,0.013,-0.003,0.013,-0.03,,,,,,0.108,0.089,-0.344,0.108,0.108,-0.014,0,0,0,0,0,0,0,0,,,,,,,,,0.108,0.137,0.108,0.137,0,0,0,0,0,0,0,0,,,,,,,,,,,,,,,,,,,,,,,,,,,,,,,,,,,,,,,,,,,,,,,,,,,,,,,,,,,,,,,,,,,,,,,,,,,,,,,,,,,,,,0
757,0.056,0.004,-0.179,-0.179,0.031,0.161,-0.015,-0.072,0.005,0.024,-0.228,-0.228,0.165,-0.008,-0.013,0.083,0.008,-0.118,0.004,0,0.01,-0.078,0.046,,,,,,,,,,0.079,0.005,,,0.164,-0.286,0.145,,,,-0.157,0,0.001,,,,,,,,,,,,,0.012,-0.02,-0.002,-0.003,-0.02,-0.015,-0.039,-0.028,-0.052,-0.005,0,0.001,,,,,,,,,,,,,,,,,,,,,,,,,,,,,,,,,,,,,,,,,,,,,,,,,,,,,,,,,,,,,,,,,,,,,,,,,,,,,,,,,,,,,,,,,,,,,,,,,,,,,,,,,,,,,,,,,,,,,,,,,,,,,,,,,,,,,,,,,,,,,,,,,,,,,,,,,,,,,,,,,,,,,,,,,,,,,,,,,,,,,,,,,,,,,,,,,,,,,,,,,,,,,,,,,,,,,,,,,,,,,,,,,,,,,,,,,,,,,,,,,,,,,,,,,,,,,,,,,,,,,,,,,,,,,,,,,,,,,,,,,,,,,,,,,,,,,,,,,,,,,,,,,,,,,,,,,,,,,,,,,,,,,,,,,,,,,,,,,,,,,,,,,,,,,,,,,,,,,,,,,,,,,,,,,,,,,,,,,,,,,,,,,,,,,,,,,,,,,,,,,,,,,,,,,,,,,,,,,,,,,,,,,,,,,,,,,,,,,,,,,,,,,,,,,,,,,,,,,,,,,,,,,,,,,,,,,,,,,,,,,,,,,,,,,,,,,,,,,,,,,,,,,,,,,,,,,,,,,,,,,,,,,,,,,,,,,,,,,,,,,,,,,,,,,,,,,,,,,,,,,,,,,,,,,,,,,,,,,,,,,,,,,,,,,,,,,,,,,,,,,,,,,,,,,,,,,,,,,,,,,,,,,,,0.058,-0.067,-0.025,-0.055,-0.03,0.072,0.004,0.001,-0.035,0.064,0.017,0.102,0.036,-0.038,,,,,,,,,,,,,,,-0.014,0.134,-0.147,-0.193,0.027,0.015,0.069,0.006,0.131,0.134,-0.041,-0.091,-0.299,0.238,-0.05,0.218,-0.193,0.006,0.073,0.061,-0.255,0.015,-0.147,0.069,-0.091,0.218,-0.041,-0.05,0.057,0.057,0.134,0.015,0.053,0.027,0.035,0.015,-0.014,0.027,0.134,0.238,0.131,-0.299,-0.04,-0.48,-0.04,-0.48,-0.019,-0.009,-0.02,0,0,0,0,0.006,0.006,0.003,0.002,-0.002,-0.072,0.006,0.003,-0.141,-0.002,0.007,0.006,-0.038,-0.141,0.002,-0.011,-0.061,-0.078,0.007,-0.125,0,0,-0.039,0.034,0,0,-0.009,0.021,-0.006,0.059,-0.006,0.059,0,0,0.003,-0.033,0.002,-0.034,0.007,-0.032,0,0,-0.271,-0.007,0,0,0,0,0,0,0.16,0.119,0.139,0.097,0.016,0.05,0.059,0.013,0.027,0.013,-0.015,0.018,0.137,-0.003,0.013,-0.001,0.013,-0.024,,,,,,0.062,0.069,0.249,0.062,0.062,-0.03,0,0,0,0,0,0,0,0,,,,,,,,,0.008,0.169,0.008,0.169,0,0,0,0,0,0,0,0,,,,,,,,,,,,,,,,,,,,,,,,,,,,,,,,,,,,,,,,,,,,,,,,,,,,,,,,,,,,,,,,,,,,,,,,,,,,,,,,,,,,,,0
759,,,,,,,,,,,,,,,,,,,,,,,,,,,,,,,,,,,,,,,,,,,,,,,,,,,,,,,,,,,,,,,,,,,,,,,,,,,,,,,,,,0.096,0.134,-0.065,-0.101,0.058,0.077,-0.014,-0.135,0.248,0.116,-0.303,-0.303,-0.321,0.21,,,,,,,,,,0.012,0.257,0.048,-0.192,-0.008,0,0.013,0.26,0.367,,,0.207,0.16,,,,-0.044,0.072,-0.009,0.803,0,0,,,,,,,,,,,,,,,,,,,,,,,,,,,,,0.01,-0.282,0.002,0.102,0.215,0.226,-0.049,0.018,-0.168,0.039,-0.018,-0.08,0.155,0.036,,,,,,,,,,,,,,,,,,,,,,,,,,,,,,,,,,,,,,,,,,,,,,,,,,,,,,,,,,,,,,,,,,,,,,,,,,,,,,,,,,,,,,,,,,,,,,,,,,,,,,,,,,,,,,,,,,,,,,,,,,,,,,,,,,,,,,,,,,,,,,,,,,,,,,,,,,,,,,,,,,,,,,,,,,,,,,,,,,,,,,,,,,,,,,,,,,,,,,,,,,,,,,,,,,,,,,,,,,,,,,,,,,,,,,,,,,,,,,,,,,,,,,,,,,,,,,,,,,,,,,,,,,,,,,,,,,,,,,,,,,,,,,,,,,,,,,,,,,,,,,,,,,,,,,,,,,,,,,,,,,,,,,,,,,,,,,,,,,,,,,,,,,,,,,,,,,,,,,,,,,,,,,,,,,,,,,,,,,,,,,,,,,,,,,,,,,,,,,,,,,,,,,,,,,,,,,,,,,,,,,,,,,,,,,,,,,,,,,,,,,,,,,,,,,,,,,,,,,,,,,,,,,,,,,,,,,,,,,,,,,,,,,,,,,,,,,,,,,,,,,,,,,,,,,,,,,,,,,,,,,,,,,,,,,,,,,,,,,,,,,,,,,,,,,,,,,,,0.315,0.077,0.011,-0.038,-0.001,-0.004,0.069,0.051,-0.09,-0.081,-0.031,-0.024,0.172,0.125,-0.05,0.218,-0.038,0.051,0.167,0.061,-0.163,0.06,0.011,0.069,-0.024,0.218,-0.031,-0.05,0.104,0.104,0.077,-0.004,0.146,-0.002,0.015,-0.004,0.315,-0.001,-0.081,0.125,-0.09,0.172,0.017,-0.48,0.017,-0.48,-0.028,-0.024,-0.094,0,0,0,0,-0.005,-0.005,-0.003,0.001,0.188,0.007,0.004,-0.003,-0.041,0.188,-0.002,0.004,0.004,-0.041,-0.003,0.178,-0.282,-0.078,0.004,-0.025,0,0,-0.013,0.032,0,0,-0.002,0.017,0.001,0.028,0.001,0.028,0,0,-0.004,0.028,-0.005,0.028,-0.002,0.009,0,0,0.198,0.01,0,0,0,0,0,0,0.06,0.02,-0.001,0.017,0.011,0.022,0.076,0.013,0.033,0.013,-0.025,0.013,0.021,-0.033,0.013,-0.013,0.013,-0.056,,,,,,0.017,0.033,-0.042,0.017,0.017,-0.014,0,0,0,0,0,0,0,0,,,,,,,,,0.108,-0.038,0.108,-0.038,0,0,0,0,0,0,0,0,,,,,,,,,,,,,,,,,,,,,,,,,,,,,,,,,,,,,,,,,,,,,,,,,,,,,,,,,,,,,,,,,,,,,,,,,,,,,,,,,,,,,,0
760,,,,,,,,,,,,,,,,,,,,,,,,,,,,,,,,,,,,,,,,,,,,,,,,,,,,,,,,,,,,,,,,,,,,,,,,,,,,,,,,,,0.023,-0.01,-0.123,-0.291,-0.164,-0.231,-0.01,-0.072,-0.014,0.116,0.168,0.168,0.089,-0.108,,,,,,,,,,-0.088,0.272,-0.052,-0.065,0.002,0,-0.087,0.338,-0.032,-0.213,-0.021,,,,,,-0.044,-0.028,-0.088,-0.197,0,0,0.088,-0.022,0.093,0.062,0.013,0.015,0.104,0.016,0.208,0.001,0.168,0.075,0.004,0.001,,,,,,,,,,,,,,,,,,,,,,,,,,,,,,,,,,,,,,,,,,,,,,,,,,,,,,,,,,,,,,,,,,,,,,,,,,,,,,,,,,,,,,,,,,,,,,,,,,,,,,,,,,,,,,,,,,,,,,,,,,,,,,,,,,,,,,,,,,,,,,,,,,,,,,,,,,,,,,,,,,,,,,,,,,,,,,,,,,,,,,,,,,,,,,,,,,,,,,,,,,,,,,,,,,,,,,,,,,,,,,,,,,,,,,,,,,,,,,,,,,,,,,,,,,,,,,,,,,,,,,,,,,,,,,,,,,,,,,,,,,,,,,,,,,,,,,,,,,,,,,,,,,,,,,,,,,,,,,,,,,,,,,,,,,,,,,,,,,,,,,,,,,,,,,,,,,,,,,,,,,,,,,,,,,,,,,,,,,,,,,,,,,,,,,,,,,,,,,,,,,,,,,,,,,,,,,,,,,,,,,,,,,,,,,,,,,,,,,,,,,,,,,,,,,,,,,,,,,,,,,,,,,,,,,,,,,,,,,,,,,,,,,,,,,,,,,,,,,,,,,,,,,,,,,,,,,,,,,,,,,,,,,,,,,,,,,,,,,,,,,,,,,,,,,,,,,,,,,,,,,,,,,,,,,,,,,,,,,,,,,,,-0.103,0.278,-0.119,-0.18,-0.065,-0.05,0.157,0.096,0.01,-0.009,-0.032,-0.044,-0.096,-0.2,0.183,0.218,-0.18,0.096,0.09,0.151,-0.247,0.105,-0.119,0.157,-0.044,0.218,-0.032,0.183,-0.702,-0.702,0.278,-0.05,0.027,-0.066,0.084,-0.049,-0.103,-0.065,-0.009,-0.2,0.01,-0.096,-0.24,0.52,-0.24,0.52,0.01,0.011,0.051,0,0,0,0,0.022,0.022,-0.003,-0.003,-0.083,0.059,-0.006,-0.003,-0.041,-0.083,-0.019,-0.006,-0.028,-0.041,,,,,,,,,,,,,,,,,,,,,,,,,,,,,,,,,0,0,0,0,-0.356,-0.174,0.064,0.034,0.012,0.016,0.072,0.013,0.035,0.013,0.005,0.016,0.052,0.023,0.013,0.009,0.013,-0.03,-0.001,0,0.028,0,,0.062,0.064,0.14,0.062,0.062,-0.063,0,0,0,0,0,0,0,0,,,,,,,,,0.008,0.014,0.008,0.014,0,0,0,0,0,0,0,0,,,,,,,,,,,,,,,,,,,,,,,,,,,,,,,,,,,,,,,,,,,,,,,,,,,,,,,,,,,,,,,,,,,,,,,,,,,,,,,,,,,,,,0
761,,,,,,,,,,,,,,,,,,,,,,,,,,,,,,,,,,,,,,,,,,,,,,,,,,,,,,,,,,,,,,,,,,,,,,,,,,,,,,,,,,0.023,-0.01,-0.123,-0.291,-0.164,-0.231,-0.01,-0.072,-0.014,0.116,0.168,0.168,0.089,-0.108,,,,,,,,,,-0.088,0.272,-0.052,-0.065,0.002,0,-0.087,0.338,-0.032,-0.213,-0.021,,,,,,-0.044,-0.028,-0.088,-0.197,0,0,0.088,-0.022,0.093,0.062,0.013,0.015,0.104,0.016,0.208,0.001,0.168,0.075,0.004,0.001,,,,,,,,,,,,,,,,,,,,,,,,,,,,,,,,,,,,,,,,,,,,,,,,,,,,,,,,,,,,,,,,,,,,,,,,,,,,,,,,,,,,,,,,,,,,,,,,,,,,,,,,,,,,,,,,,,,,,,,,,,,,,,,,,,,,,,,,,,,,,,,,,,,,,,,,,,,,,,,,,,,,,,,,,,,,,,,,,,,,,,,,,,,,,,,,,,,,,,,,,,,,,,,,,,,,,,,,,,,,,,,,,,,,,,,,,,,,,,,,,,,,,,,,,,,,,,,,,,,,,,,,,,,,,,,,,,,,,,,,,,,,,,,,,,,,,,,,,,,,,,,,,,,,,,,,,,,,,,,,,,,,,,,,,,,,,,,,,,,,,,,,,,,,,,,,,,,,,,,,,,,,,,,,,,,,,,,,,,,,,,,,,,,,,,,,,,,,,,,,,,,,,,,,,,,,,,,,,,,,,,,,,,,,,,,,,,,,,,,,,,,,,,,,,,,,,,,,,,,,,,,,,,,,,,,,,,,,,,,,,,,,,,,,,,,,,,,,,,,,,,,,,,,,,,,,,,,,,,,,,,,,,,,,,,,,,,,,,,,,,,,,,,,,,,,,,,,,,,,,,,,,,,,,,,,,,,,,,,,,,,,,-0.103,0.278,-0.119,-0.18,-0.065,-0.05,0.157,0.096,0.01,-0.009,-0.032,-0.044,-0.096,-0.2,0.183,0.218,-0.18,0.096,0.09,0.151,-0.247,0.105,-0.119,0.157,-0.044,0.218,-0.032,0.183,-0.702,-0.702,0.278,-0.05,0.027,-0.066,0.084,-0.049,-0.103,-0.065,-0.009,-0.2,0.01,-0.096,-0.24,0.52,-0.24,0.52,0.01,0.011,0.051,0,0,0,0,0.022,0.022,-0.003,-0.003,-0.083,0.059,-0.006,-0.003,-0.041,-0.083,-0.019,-0.006,-0.028,-0.041,,,,,,,,,,,,,,,,,,,,,,,,,,,,,,,,,0,0,0,0,-0.356,-0.174,0.064,0.034,0.012,0.016,0.072,0.013,0.035,0.013,0.005,0.016,0.052,0.023,0.013,0.009,0.013,-0.03,-0.001,0,0.028,0,,0.062,0.064,0.14,0.062,0.062,-0.063,0,0,0,0,0,0,0,0,,,,,,,,,0.008,0.014,0.008,0.014,0,0,0,0,0,0,0,0,,,,,,,,,,,,,,,,,,,,,,,,,,,,,,,,,,,,,,,,,,,,,,,,,,,,,,,,,,,,,,,,,,,,,,,,,,,,,,,,,,,,,,0
763,,,,,,,,,,,,,,,,,,,,,,,,,,,,,,,,,,,,,,,,,,,,,,,,,,,,,,,,,,,,,,,,,,,,,,,,,,,,,,,,,,-0.069,-0.082,-0.065,-0.17,-0.109,-0.077,0.002,0.022,-0.074,-0.184,0.114,0.114,-0.015,-0.18,,,,,,,,,,0.012,-0.22,-0.052,0.352,0.002,0,0.013,-0.239,0.041,,,0.124,-0.234,,,,-0.044,-0.073,0.136,-0.197,0,0,0.035,-0.06,-0.013,0.097,-0.007,-0.015,0.053,0.016,0.12,-0.039,0.145,0.058,-0.01,-0.005,,,,,,,,,,,,,,,,,,,,,,,,,,,,,,,,,,,,,,,,,,,,,,,,,,,,,,,,,,,,,,,,,,,,,,,,,,,,,,,,,,,,,,,,,,,,,,,,,,,,,,,,,,,,,,,,,,,,,,,,,,,,,,,,,,,,,,,,,,,,,,,,,,,,,,,,,,,,,,,,,,,,,,,,,,,,,,,,,,,,,,,,,,,,,,,,,,,,,,,,,,,,,,,,,,,,,,,,,,,,,,,,,,,,,,,,,,,,,,,,,,,,,,,,,,,,,,,,,,,,,,,,,,,,,,,,,,,,,,,,,,,,,,,,,,,,,,,,,,,,,,,,,,,,,,,,,,,,,,,,,,,,,,,,,,,,,,,,,,,,,,,,,,,,,,,,,,,,,,,,,,,,,,,,,,,,,,,,,,,,,,,,,,,,,,,,,,,,,,,,,,,,,,,,,,,,,,,,,,,,,,,,,,,,,,,,,,,,,,,,,,,,,,,,,,,,,,,,,,,,,,,,,,,,,,,,,,,,,,,,,,,,,,,,,,,,,,,,,,,,,,,,,,,,,,,,,,,,,,,,,,,,,,,,,,,,,,,,,,,,,,,,,,,,,,,,,,,,,,,,,,,,,,,,,,,,,,,,,,,,,,,,-0.236,-0.047,-0.182,0.197,0.007,0.039,0.365,0.298,-0.171,-0.161,-0.224,-0.132,-0.026,-0.144,0.217,0.218,0.197,0.298,0.053,0.361,-0.022,0.307,-0.182,0.365,-0.132,0.218,-0.224,0.217,-0.769,-0.769,-0.047,0.039,-0.162,0.009,-0.027,0.04,-0.236,0.007,-0.161,-0.144,-0.171,-0.026,-0.24,0.52,-0.24,0.52,-0.009,-0.005,-0.031,0,0,0,0,-0.005,-0.005,0,0.002,0.133,-0.072,0,0,-0.101,0.133,0.002,0,-0.051,-0.101,,,,,,,,,,,,,,,,,,,,,,,,,,,,,,,,,0,0,0,0.001,-0.131,-0.174,0.1,0.063,0.011,-0.009,0.055,0.013,0.025,0.013,0.038,0.015,0.035,0.033,0.013,0.015,0.013,0.018,,,,,,-0.347,-0.293,0.229,-0.347,-0.347,0.067,0,0,0,0,0,0,0,0,,,,,,,,,0.108,-0.057,0.108,-0.057,0,0,0,0,0,0,0,0,,,,,,,,,,,,,,,,,,,,,,,,,,,,,,,,,,,,,,,,,,,,,,,,,,,,,,,,,,,,,,,,,,,,,,,,,,,,,,,,,,,,,,0
764,,,,,,,,,,,,,,,,,,,,,,,,,,,,,,,,,,,,,,,,,,,,,,,,,,,,,,,,,,,,,,,,,,,,,,,,,,,,,,,,,,,,,,,,,,,,,,,,,,,,,,,,,,,,,,,,,,,,,,,,,,,,,,,,,,,,,,,,,,,,,,,,,,,,,,,,,,,,,,,,,,,,,,,,,,,,,,,,,,,,,,,,,,,,,,,,,,,,,,,,,,,,,,,,,,,,,,,,,,,,,,,,,,,,,,,,,,,,,,,,,,,,,,,,,,,,,,,,,,,,,,,,,,,,,,,,,,,,,,,,,,,,,,,,,,,,,,,,,,,,,,,,,,,,,,,,,,,,,,,,,,,,,-0.013,0.033,0.13,0.01,-0.069,-0.007,0.005,0.023,0.087,-0.06,-0.076,-0.038,0.134,-0.104,-0.007,-0.001,-0.002,-0.008,-0.008,0.003,0.004,0.017,-0.302,-0.002,0.001,-0.192,0.003,0.093,-0.025,,,,,,,,,,,,,,,,-0.303,0,0.006,0.007,0.004,-0.05,0.002,-0.009,-0.045,,,,,,,,,,-0.031,-0.091,0.087,0.134,0.023,0,-0.007,-0.004,-0.099,-0.033,0.042,,,,,,,,,,,,,,,,,,,,,,,,,,,,,,,,,,,,,,,,,,,,,,,,,,,,,,,,,,,,,,,,,,,,,,,,,,,,,,,,,,,,,,,,,,,,,,,,,,,,,,,,,,,,,,,,,,,,,,,,,,,,,,,,,,,,,,,,,,,,,,,,,,,,,,,,,,,,,,,,,,,,,,,,,,,,,,,,,,,,,,,,,,,,,,,,,,,,,,,,,,,,,,,,,,,,,,,,,,,,,,,,,,,,,,,,,,,,,,,,,,,,,,,,,,,,,,,,,,,,,,,,,,,,,,,,,,,,,,,,,,,,,0.329,0.039,-0.353,-0.075,-0.031,0.102,0.076,0.058,-0.035,0.113,-0.252,0.039,-0.037,-0.034,,,,,,,,,,,,,,,,,,,,,,,,,,,,,-0.28,-0.19,-0.147,0.131,0.004,0.007,0.069,0.064,0.027,0.033,-0.041,-0.034,-0.132,0.137,-0.05,0.218,0.131,0.064,0.073,0.061,-0.062,0.073,-0.147,0.069,-0.034,0.218,-0.041,-0.05,0.057,0.057,-0.19,0.007,-0.023,0.004,-0.076,0.007,-0.28,0.004,0.033,0.137,0.027,-0.132,-0.04,0.52,-0.04,0.52,0.005,0.007,0.043,0,0,0,0,0.002,0.002,-0.005,-0.002,-0.002,-0.125,-0.006,-0.005,0.119,-0.002,-0.01,-0.006,0.279,0.119,-0.005,-0.011,0.141,0.073,-0.006,0.135,0,0,0.062,0.144,0,0,0.015,0.064,-0.002,0.062,-0.002,0.062,0,0,-0.011,0.313,-0.012,0.313,-0.011,0.284,0,0,0.242,0.003,0,0,0,0,0,0,0.108,-0.102,-0.277,-0.14,0.014,0.016,-0.056,0.013,-0.027,0.013,-0.032,0.014,0.058,0.032,0.013,0.015,0.013,-0.062,,,,,,-0.256,-0.24,0.049,-0.256,-0.256,-0.128,0,0,0,0,0,0,0,0,0,0.083,-0.193,0.211,0,0,0,0,,,,,,,,,0,0,0,0,,,,,,,,,,,,,,,,,,,,,,,,,,,,,,,,,,,,,,,,,,,,,,,,,,,,,,,,,,,,,,,,,,,,,,,,,,,,,,,,,,,,,,0
766,,,,,,,,,,,,,,,,,,,,,,,,,,,,,,,,,,,,,,,,,,,,,,,,,,,,,,,,,,,,,,,,,,,,,,,,,,,,,,,,,,,,,,,,,,,,,,,,,,,,,,,,,,,,,,,,,,,,,,,,,,,,,,,,,,,,,,,,,,,,,,,,,,,,,,,,,,,,,,,,,,,,,,,,,,,,,,,,,,,,,,,,,,,,,,,,,,,,,,,,,,,,,,,,,,,,,,,,,,,,,,,,,,,,,,,,,,,,,,,,,,,,,,,,,,,,,,,,,,,,,,,,,,,,,,,,,,,,,,,,,,,,,,,,,,,,,,,,,,,,,,,,,,,,,,,,,,,,,,,,,,,,,-0.052,-0.008,0.006,-0.021,-0.036,0.001,-0.007,-0.03,-0.098,0.071,0.083,0.116,-0.106,0.012,-0.062,0.002,0.004,-0.008,0.041,0.005,0.004,-0.007,-0.006,0.003,0.006,0.045,0.004,0.013,-0.014,,,,,,,,,,,,,,,,,,,,,,,,,0,0.023,0.087,0.047,-0.271,0.193,-0.05,-0.058,0.036,0.033,0.011,-0.098,-0.106,-0.03,0,0.132,0.172,-0.131,0.032,-0.058,,,,,,,,,,,,,,,,,,,,,,,,,,,,,,,,,,,,,,,,,,,,,,,,,,,,,,,,,,,,,,,,,,,,,,,,,,,,,,,,,,,,,,,,,,,,,,,,,,,,,,,,,,,,,,,,,,,,,,,,,,,,,,,,,,,,,,,,,,,,,,,,,,,,,,,,,,,,,,,,,,,,,,,,,,,,,,,,,,,,,,,,,,,,,,,,,,,,,,,,,,,,,,,,,,,,,,,,,,,,,,,,,,,,,,,,,,,,,,,,,,,,,,,,,,,,,,,,,,,,,,,,,,,,,,,,,,,,,,,,,,,,,,,,,,,,,,,,,,,0.089,0.006,0.058,-0.079,-0.03,0.164,0.113,-0.039,-0.035,0.061,0.012,-0.084,-0.009,-0.038,,,,,,,,,,,,,,,-0.28,-0.082,-0.037,0.131,0.099,0.091,-0.069,-0.007,0.079,0.058,0.038,-0.072,-0.179,-0.257,-0.05,0.218,0.131,-0.007,-0.186,-0.047,0.259,-0.031,-0.037,-0.069,-0.072,0.218,0.038,-0.05,0.057,0.057,-0.082,0.091,-0.023,0.1,-0.039,0.091,-0.28,0.099,0.058,-0.257,0.079,-0.179,-0.04,0.52,-0.04,0.52,-0.004,-0.005,-0.004,0,0,0,0,-0.005,-0.005,0.004,0,-0.083,0.007,0.009,0.004,-0.061,-0.083,-0.013,0.009,-0.019,-0.061,0.004,-0.092,-0.005,-0.108,0.009,-0.045,0,0,-0.026,-0.012,0,0,-0.006,0.013,-0.002,0.018,-0.003,0.018,0,0,-0.013,-0.042,-0.014,-0.042,-0.013,-0.014,0,0,-0.251,-0.001,0,0,0,0,0,0,0.072,-0.034,0.073,0.028,0.012,0.027,-0.079,0.013,-0.035,0.013,-0.025,0.013,0.066,0.141,0.013,0.063,0.013,0.025,,,,,,-0.074,-0.077,0.011,-0.074,-0.074,-0.112,0,0,0,0,0,0,0,0,,,,,,,,,-0.092,-0.047,-0.092,-0.047,0,0,0,0,0,0,0,0,,,,,,,,,,,,,,,,,,,,,,,,,,,,,,,,,,,,,,,,,,,,,,,,,,,,,,,,,,,,,,,,,,,,,,,,,,,,,,,,,,,,,,0
767,0.03,0.019,-0.215,-0.179,0.031,-0.157,-0.015,-0.072,-0.046,-0.153,0.017,0.017,0.052,-0.205,,,,,,,,,,0.009,-0.189,-0.051,0.26,0.002,0,0.019,-0.219,0.001,-0.113,-0.006,,,-0.336,0.402,-0.096,,,,-0.157,0,0.001,,,,,,,,,,,,,,,,,,,,,,,,,0.084,0.123,0.01,0.156,0.088,0.088,0.107,0.054,0.201,0.073,0.093,0.03,,,,,,,,,,,,,,,,,,,,,,,,,,,,,,,,,,,,,,,,,,,,,,,,,,,,,,,,,,,,,,,,,,,,,,,,,,,,,,,,,,,,,,,,,,,,,,,,,,,,,,,,,,,,,,,,,,,,,,,,,,,,,,,,,,,,,,,,,,,,,,,,,,,,,,,,,,,,,,,,,,,,,,,,,,,,,,,,,,,,,,,,,,,,,,,,,,,,,,,,,,,,,,,,,,,,,,,,,,,,,,,,,,,,,,,,,,,,,,,,,,,,,,,,,,,,,,,,,,,,,,,,,,,,,,,,,,,,,,,,,,,,,,,,,,,,,,,,,,,,,,,,,,,,,,,,,,,,,,,,,,,,,,,,,,,,,,,,,,,,,,,,,,,,,,,,,,,,,,,,,,,,,,,,,,,,,,,,,,,,,,,,,,,,,,,,,,,,,,,,,,,,,,,,,,,,,,,,,,,,,,,,,,,,,,,,,,,,,,,,,,,,,,,,,,,,,,,,,,,,,,,,,,,,,,,,,,,,,,,,,,,,,,,,,,,,,,,,,,,,,,,,,,,,,,,,,,,,,,,,,,,,,,,,,,,,,,,,,,,,,,,,,,,,,,,,,,,,,,,,,,,,,,,,,,,,,,,,,,,,,,,,,,,,,,,,,,,,,,,,,,,,,,,,,,,,,,,,,,,,,,,,,,,,,,,,,,,,,,,,,,,0.233,0.119,0.232,-0.054,-0.042,-0.047,-0.113,-0.053,0.205,0.181,0.026,-0.008,-0.014,-0.088,-0.15,-0.115,-0.054,-0.053,-0.297,-0.091,0.416,-0.076,0.232,-0.113,-0.008,-0.115,0.026,-0.15,0.037,0.037,0.119,-0.047,0.123,-0.043,0.03,-0.047,0.233,-0.042,0.181,-0.088,0.205,-0.014,0.303,0.52,0.303,0.52,0.039,0.027,0.102,0,0,0,0,0.012,0.012,-0.002,0.002,-0.029,-0.283,0.001,-0.002,0.119,-0.029,0.024,0.001,0.242,0.119,,,,,,,,,,,,,,,,,,,,,,,,,,,,,,,,,0,0,0,0,0.128,-0.034,-0.17,-0.152,0.017,0.022,-0.105,0.013,-0.047,0.013,0.038,0.014,0.027,0.016,0.013,0.007,0.013,-0.049,,,,,,0.244,0.226,-0.03,0.244,0.244,-0.014,0,0,0,0,0,0,0,0,,,,,,,,,0.008,-0.007,0.008,-0.007,0,0,0,0,0,0,0,0,,,,,,,,,,,,,,,,,,,,,,,,,,,,,,,,,,,,,,,,,,,,,,,,,,,,,,,,,,,,,,,,,,,,,,,,,,,,,,,,,,,,,,0
771,-0.153,-0.049,-0.015,0.003,0.205,0.07,0.03,0.048,-0.046,-0.019,-0.022,-0.022,-0.084,-0.073,-0.013,-0.062,0.008,-0.168,0.007,0,-0.09,0.546,-0.061,,,,,,,,,,-0.056,-0.013,,,-0.336,0.567,0.05,,,,-0.157,0,0.001,,,,,,,,,,,,,,,,,,,,,,,,,0.214,-0.09,0.02,0.233,-0.012,0.016,0.094,0.008,0.355,0.106,-0.066,0.111,,,,,,,,,,,,,,,,,,,,,,,,,,,,,,,,,,,,,,,,,,,,,,,,,,,,,,,,,,,,,,,,,,,,,,,,,,,,,,,,,,,,,,,,,,,,,,,,,,,,,,,,,,,,,,,,,,,,,,,,,,,,,,,,,,,,,,,,,,,,,,,,,,,,,,,,,,,,,,,,,,,,,,,,,,,,,,,,,,,,,,,,,,,,,,,,,,,,,,,,,,,,,,,,,,,,,,,,,,,,,,,,,,,,,,,,,,,,,,,,,,,,,,,,,,,,,,,,,,,,,,,,,,,,,,,,,,,,,,,,,,,,,,,,,,,,,,,,,,,,,,,,,,,,,,,,,,,,,,,,,,,,,,,,,,,,,,,,,,,,,,,,,,,,,,,,,,,,,,,,,,,,,,,,,,,,,,,,,,,,,,,,,,,,,,,,,,,,,,,,,,,,,,,,,,,,,,,,,,,,,,,,,,,,,,,,,,,,,,,,,,,,,,,,,,,,,,,,,,,,,,,,,,,,,,,,,,,,,,,,,,,,,,,,,,,,,,,,,,,,,,,,,,,,,,,,,,,,,,,,,,,,,,,,,,,,,,,,,,,,,,,,,,,,,,,,,,,,,,,,,,,,,,,,,,,,,,,,,,,,,,,,,,,,,,,,,,,,,,,,,,,,,,,,,,,,,,,,,,,,,,,,,,,,,,,,,,,,,,,,,,,0.056,-0.026,-0.216,-0.163,-0.095,-0.087,0,-0.118,-0.218,-0.206,-0.054,-0.008,0.045,-0.144,0.15,-0.115,-0.163,-0.118,0.033,-0.009,-0.237,-0.109,-0.216,0,-0.008,-0.115,-0.054,0.15,0.037,0.037,-0.026,-0.087,0.073,-0.097,-0.02,-0.087,0.056,-0.095,-0.206,-0.144,-0.218,0.045,-0.097,0.52,-0.097,0.52,0.039,0.027,0.094,0,0,0,0,-0.001,-0.001,-0.001,0.001,-0.029,-0.046,-0.003,-0.001,-0.101,-0.029,-0.007,-0.003,-0.038,-0.101,,,,,,,,,,,,,,,,,,,,,,,,,,,,,,,,,0,0,0.001,0,0.07,-0.183,0.085,0.015,0.013,0.016,-0.009,0.013,-0.003,0.013,-0.002,0.011,-0.016,0.022,0.013,0.009,0.013,0.012,,,,,,-0.165,-0.131,-0.062,-0.165,-0.165,0.043,0,0,0,0,0,0,0,0,0,0.079,-0.082,0.202,0,0,0,0,,,,,,,,,0,0,0,0,,,,,,,,,,,,,,,,,,,,,,,,,,,,,,,,,,,,,,,,,,,,,,,,,,,,,,,,,,,,,,,,,,,,,,,,,,,,,,,,,,,,,,0
772,0.075,0.131,-0.033,-0.016,-0.143,0.07,-0.015,-0.112,0.148,0.222,-0.232,-0.232,-0.035,-0.032,,,,,,,,,,0.009,-0.18,0.049,-0.271,0.004,0,0.019,-0.264,-0.043,,,0.204,-0.049,,,,-0.164,0.194,-0.024,0.343,0,0.001,,,,,,,,,,,,,0.052,-0.011,0.019,-0.004,-0.001,0,-0.011,-0.031,0.112,-0.001,0,-0.004,,,,,,,,,,,,,,,,,,,,,,,,,,,,,,,,,,,,,,,,,,,,,,,,,,,,,,,,,,,,,,,,,,,,,,,,,,,,,,,,,,,,,,,,,,,,,,,,,,,,,,,,,,,,,,,,,,,,,,,,,,,,,,,,,,,,,,,,,,,,,,,,,,,,,,,,,,,,,,,,,,,,,,,,,,,,,,,,,,,,,,,,,,,,,,,,,,,,,,,,,,,,,,,,,,,,,,,,,,,,,,,,,,,,,,,,,,,,,,,,,,,,,,,,,,,,,,,,,,,,,,,,,,,,,,,,,,,,,,,,,,,,,,,,,,,,,,,,,,,,,,,,,,,,,,,,,,,,,,,,,,,,,,,,,,,,,,,,,,,,,,,,,,,,,,,,,,,,,,,,,,,,,,,,,,,,,,,,,,,,,,,,,,,,,,,,,,,,,,,,,,,,,,,,,,,,,,,,,,,,,,,,,,,,,,,,,,,,,,,,,,,,,,,,,,,,,,,,,,,,,,,,,,,,,,,,,,,,,,,,,,,,,,,,,,,,,,,,,,,,,,,,,,,,,,,,,,,,,,,,,,,,,,,,,,,,,,,,,,,,,,,,,,,,,,,,,,,,,,,,,,,,,,,,,,,,,,,,,,,,,,,,,,,,,,,,,,,,,,,,,,,,,,,,,,,,,,,,,,,,,,,,,,,,,,,,,,,,,,,,,,,,,,,,,,,,,,,-0.084,-0.139,-0.017,-0.174,0.06,0.068,0.013,0.051,-0.168,-0.157,-0.016,0.028,0.207,0.013,-0.017,-0.115,-0.174,0.051,-0.37,0.011,0.271,0.054,-0.017,0.013,0.028,-0.115,-0.016,-0.017,0.082,0.082,-0.139,0.068,0.033,0.061,-0.059,0.069,-0.084,0.06,-0.157,0.013,-0.168,0.207,0.017,-0.48,0.017,-0.48,-0.028,-0.017,-0.039,0,0,0,0,-0.007,-0.007,-0.005,-0.002,-0.056,0.086,-0.006,-0.005,-0.021,-0.056,-0.011,-0.006,0.022,-0.021,-0.005,-0.065,-0.128,-0.048,-0.006,-0.005,0,0,0.023,-0.043,0,0,0.005,-0.018,-0.002,-0.062,-0.002,-0.062,0,0,-0.012,0.019,-0.013,0.019,-0.011,0.027,0,0,0.119,0.01,0,0,0,0,0,0,-0.089,0.276,0.094,0.073,0.01,-0.038,0.022,0.013,0.011,0.013,0.031,0.015,0.035,0.013,0.013,0.007,0.013,-0.03,,,,,,0.017,0.002,-0.173,0.017,0.017,0.067,0,0,0,0,0,0,0,0,0,0.036,0.03,0.092,0,0,0,0,,,,,,,,,0,0,0,0,,,,,,,,,,,,,,,,,,,,,,,,,,,,,,,,,,,,,,,,,,,,,,,,,,,,,,,,,,,,,,,,,,,,,,,,,,,,,,,,,,,,,,0
775,0.056,0.048,-0.033,0.003,0.031,-0.021,-0.015,-0.072,0.03,-0.03,0.053,0.053,-0.089,-0.197,,,,,,,,,,0.009,-0.202,-0.051,0.189,0.004,0,0.019,-0.265,-0.045,,,0.126,-0.128,,,,0.336,-0.481,0.052,-0.157,0,0.001,-0.051,-0.053,0.013,0.075,0,-0.015,-0.039,-0.014,-0.074,-0.02,0,-0.002,,,,,,,,,,,,,,,,,,,,,,,,,,,,,,,,,,,,,,,,,,,,,,,,,,,,,,,,,,,,,,,,,,,,,,,,,,,,,,,,,,,,,,,,,,,,,,,,,,,,,,,,,,,,,,,,,,,,,,,,,,,,,,,,,,,,,,,,,,,,,,,,,,,,,,,,,,,,,,,,,,,,,,,,,,,,,,,,,,,,,,,,,,,,,,,,,,,,,,,,,,,,,,,,,,,,,,,,,,,,,,,,,,,,,,,,,,,,,,,,,,,,,,,,,,,,,,,,,,,,,,,,,,,,,,,,,,,,,,,,,,,,,,,,,,,,,,,,,,,,,,,,,,,,,,,,,,,,,,,,,,,,,,,,,,,,,,,,,,,,,,,,,,,,,,,,,,,,,,,,,,,,,,,,,,,,,,,,,,,,,,,,,,,,,,,,,,,,,,,,,,,,,,,,,,,,,,,,,,,,,,,,,,,,,,,,,,,,,,,,,,,,,,,,,,,,,,,,,,,,,,,,,,,,,,,,,,,,,,,,,,,,,,,,,,,,,,,,,,,,,,,,,,,,,,,,,,,,,,,,,,,,,,,,,,,,,,,,,,,,,,,,,,,,,,,,,,,,,,,,,,,,,,,,,,,,,,,,,,,,,,,,,,,,,,,,,,,,,,,,,,,,,,,,,,,,,,,,,,,,,,,,,,,,,,,,,,,,,,,,,,,,,,,,,,,,,,,,,,,,,,,,,,,0.03,-0.154,-0.231,0.04,-0.062,-0.05,-0.189,-0.163,-0.068,-0.06,-0.152,-0.102,0.033,-0.2,0.283,-0.115,0.04,-0.163,-0.241,-0.2,-0.117,-0.154,-0.231,-0.189,-0.102,-0.115,-0.152,0.283,-0.702,-0.702,-0.154,-0.05,-0.086,-0.063,-0.064,-0.049,0.03,-0.062,-0.06,-0.2,-0.068,0.033,-0.24,0.52,-0.24,0.52,0.167,0.125,0.031,-0.001,0,0,0,-0.002,-0.002,-0.002,-0.002,0.025,-0.099,-0.004,-0.002,0.199,0.025,-0.01,-0.004,-0.111,0.199,,,,,,,,,,,,,,,,,,,,,,,,,,,,,,,,,0,0,0,0,-0.488,-0.184,0.095,0.124,0.01,-0.038,0.001,0.013,0.001,0.013,0.038,0.01,-0.03,0.054,0.013,0.023,0.013,-0.024,-0.001,0,-0.042,0,,-0.165,-0.16,0.008,-0.165,-0.165,0.083,0,0,0,0,0,0,0,0,,,,,,,,,0.108,-0.187,0.108,-0.187,0,0,0,0,0,0,0,0,,,,,,,,,,,,,,,,,,,,,,,,,,,,,,,,,,,,,,,,,,,,,,,,,,,,,,,,,,,,,,,,,,,,,,,,,,,,,,,,,,,,,,0
776,-0.14,-0.146,0.312,0.312,-0.1,0.025,0.052,0.248,-0.199,-0.163,-0.249,-0.249,0.052,0.012,-0.113,0.529,-0.092,0.133,0.003,0,-0.09,0.275,0.061,,,,,,,,,,,,0.169,-0.149,,,,-0.164,0.348,-0.019,0.343,0,0.001,,,,,,,,,,,,,,,,,,,,,,,,,-0.004,-0.117,-0.016,-0.159,-0.012,-0.062,-0.04,-0.097,0.025,-0.012,-0.095,-0.067,,,,,,,,,,,,,,,,,,,,,,,,,,,,,,,,,,,,,,,,,,,,,,,,,,,,,,,,,,,,,,,,,,,,,,,,,,,,,,,,,,,,,,,,,,,,,,,,,,,,,,,,,,,,,,,,,,,,,,,,,,,,,,,,,,,,,,,,,,,,,,,,,,,,,,,,,,,,,,,,,,,,,,,,,,,,,,,,,,,,,,,,,,,,,,,,,,,,,,,,,,,,,,,,,,,,,,,,,,,,,,,,,,,,,,,,,,,,,,,,,,,,,,,,,,,,,,,,,,,,,,,,,,,,,,,,,,,,,,,,,,,,,,,,,,,,,,,,,,,,,,,,,,,,,,,,,,,,,,,,,,,,,,,,,,,,,,,,,,,,,,,,,,,,,,,,,,,,,,,,,,,,,,,,,,,,,,,,,,,,,,,,,,,,,,,,,,,,,,,,,,,,,,,,,,,,,,,,,,,,,,,,,,,,,,,,,,,,,,,,,,,,,,,,,,,,,,,,,,,,,,,,,,,,,,,,,,,,,,,,,,,,,,,,,,,,,,,,,,,,,,,,,,,,,,,,,,,,,,,,,,,,,,,,,,,,,,,,,,,,,,,,,,,,,,,,,,,,,,,,,,,,,,,,,,,,,,,,,,,,,,,,,,,,,,,,,,,,,,,,,,,,,,,,,,,,,,,,,,,,,,,,,,,,,,,,,,,,,,,,,,,-0.084,0.185,0.011,-0.146,-0.052,-0.039,0.038,0.051,-0.09,-0.106,-0.09,-0.081,0.242,-0.156,-0.05,-0.115,-0.146,0.051,-0.158,0.03,-0.227,0.06,0.011,0.038,-0.081,-0.115,-0.09,-0.05,0.104,0.104,0.185,-0.039,0.033,-0.054,0.053,-0.039,-0.084,-0.052,-0.106,-0.156,-0.09,0.242,0.017,-0.48,0.017,-0.48,-0.019,-0.02,-0.082,0,0,0,0,-0.005,-0.005,0.001,0.001,-0.002,0.033,0.004,0.001,-0.061,-0.002,-0.002,0.004,-0.047,-0.061,0.001,-0.011,0.019,0.043,0.004,-0.045,0,0,0.016,-0.028,0,0,-0.002,-0.03,-0.009,-0.038,-0.01,-0.038,0,0,-0.004,-0.038,-0.005,-0.038,-0.002,-0.042,0,0,0.198,0.014,0,0,0,0,0,0,0.126,0.091,-0.113,-0.071,0.011,-0.007,0.017,0.013,0.007,0.013,-0.025,0.017,0.061,-0.031,0.013,-0.015,0.013,-0.036,,,,,,-0.029,-0.037,-0.071,-0.029,-0.029,-0.136,0,0,0,0,0,0,0,0,,,,,,,,,0.108,-0.081,0.108,-0.081,0,0,0,0,0,0,0,0,,,,,,,,,,,,,,,,,,,,,,,,,,,,,,,,,,,,,,,,,,,,,,,,,,,,,,,,,,,,,,,,,,,,,,,,,,,,,,,,,,,,,,0
777,,,,,,,,,,,,,,,,,,,,,,,,,,,,,,,,,,,,,,,,,,,,,,,,,,,,,,,,,,,,,,,,,,,,,,,,,,,,,,,,,,,,,,,,,,,,,,,,,,,,,,,,,,,,,,,,,,,,,,,,,,,,,,,,,,,,,,,,,,,,,,,,,,,,,,,,,,,,,,,,,,,,,,,,,,,,,,,,,,,,,,,,,,,,,,,,,,,,,,,,,,,,,,,,,,,,,,,,,,,,,,,,,,,,,,,,,,,,,,,,,,,,,,,,,,,,,,,,,,,,,,,,,,,,,,,,,,,,,,,,,,,,,,,,,,,,,,,,,,,,,,,,,,,,,,,,,,,,,,,,,,,,,-0.013,0.011,-0.046,0.011,-0.129,-0.01,0.005,-0.036,0.222,-0.234,-0.232,-0.269,0.23,0.001,,,,,,,,,,,,,,,,-0.127,0.27,-0.021,0.043,-0.09,-0.26,-0.289,0.045,0.349,-0.015,-0.017,0.155,-0.003,-0.032,0.038,,,,,,,,,,0.355,0,0.153,-0.014,0.193,-0.223,-0.021,-0.048,0.016,-0.196,-0.138,0.222,0.23,-0.036,0,-0.273,-0.23,0.195,-0.193,-0.029,,,,,,,,,,,,,,,,,,,,,,,,,,,,,,,,,,,,,,,,,,,,,,,,,,,,,,,,,,,,,,,,,,,,,,,,,,,,,,,,,,,,,,,,,,,,,,,,,,,,,,,,,,,,,,,,,,,,,,,,,,,,,,,,,,,,,,,,,,,,,,,,,,,,,,,,,,,,,,,,,,,,,,,,,,,,,,,,,,,,,,,,,,,,,,,,,,,,,,,,,,,,,,,,,,,,,,,,,,,,,,,,,,,,,,,,,,,,,,,,,,,,,,,,,,,,,,,,,,,,,,,,,,,,,,,,,,,,,,,,,,,,,0.205,0.001,-0.075,0.125,-0.031,0.117,-0.258,-0.029,-0.035,0.03,-0.054,0.01,-0.043,-0.034,,,,,,,,,,,,,,,,,,,,,,,,,,,,,-0.216,0.077,-0.039,-0.097,-0.034,-0.023,0.006,0.012,-0.116,-0.081,-0.026,-0.019,0.148,-0.156,-0.05,-0.115,-0.097,0.012,0.137,-0.002,-0.198,0.021,-0.039,0.006,-0.019,-0.115,-0.026,-0.05,0.063,0.063,0.077,-0.023,-0.005,-0.035,0.015,-0.023,-0.216,-0.034,-0.081,-0.156,-0.116,0.148,0.017,-0.48,0.017,-0.48,-0.019,-0.017,-0.055,0,0,0,0,0.007,0.007,0.001,-0.002,0.052,-0.02,0.004,0.001,-0.141,0.052,-0.001,0.004,-0.042,-0.141,0.001,0.043,-0.008,0.013,0.004,-0.125,0,0,-0.012,-0.031,0,0,-0.002,-0.05,-0.009,-0.031,-0.009,-0.031,0,0,-0.004,-0.047,-0.005,-0.047,-0.002,-0.037,0,0,0.016,-0.009,0,0,0,0,0,0,0.063,0.013,0.108,0.07,0.012,-0.021,0.016,0.013,0.009,0.013,0.018,0.008,-0.055,0,0.013,0.001,0.013,0.018,,,,,,-0.029,-0.039,-0.014,-0.029,-0.029,-0.014,0,0,0,0,0,0,0,0,0,-0.035,-0.082,-0.088,0,0,0,0,,,,,,,,,0,0,0,0,,,,,,,,,,,,,,,,,,,,,,,,,,,,,,,,,,,,,,,,,,,,,,,,,,,,,,,,,,,,,,,,,,,,,,,,,,,,,,,,,,,,,,0
779,,,,,,,,,,,,,,,,,,,,,,,,,,,,,,,,,,,,,,,,,,,,,,,,,,,,,,,,,,,,,,,,,,,,,,,,,,,,,,,,,,,,,,,,,,,,,,,,,,,,,,,,,,,,,,,,,,,,,,,,,,,,,,,,,,,,,,,,,,,,,,,,,,,,,,,,,,,,,,,,,,,,,,,,,,,,,,,,,,,,,,,,,,,,,,,,,,,,,,,,,,,,,,,,,,,,,,,,,,,,,,,,,,,,,,,,,,,,,,,,,,,,,,,,,,,,,,,,,,,,,,,,,,,,,,,,,,,,,,,,,,,,,,,,,,,,,,,,,,,,,,,,,,,,,,,,,,,,,,,,,,,,,,,,,,,,,,,,,,,,,,,,,,,,,,,,,,,,,,,,,,,,,,,,,,,,,,,,,,,,,,,,,,,,,,,,,,,,,,-0.011,-0.177,0.104,-0.04,0,-0.002,0.029,0.027,-0.083,-0.09,-0.093,0.004,-0.065,0.001,0,0.023,-0.003,-0.083,0.007,-0.003,0.002,0.016,-0.024,0.001,-0.015,0.013,,,,,,,,,,,,,,,0.158,-0.05,-0.012,0.075,-0.035,0.001,-0.156,0.066,,,,,,,,,0.111,0.215,-0.09,0.088,0.124,-0.036,0.076,-0.257,-0.219,0.153,0.216,0.019,,,,,,,,,,,,,,,,,,,,,,,,,,,,,,,,,,,,,,,,,,,,,,,,,,,,,,,,,,,,,,,,,,,,,,,,,,,,,,,,,,,,,,,,,,,,,,,,,,,,,,,,,,,,,,,,,,,,,,,,,,,,,,,,,,,,,,,,,,,,,,,,,,,,,,,,,,,,,,,,,,,,,,,,,,,,,,,,,,,,,,,,,,,,,,,,,,,,,,,,,,,,,,,,,,,,,,,,,,,,,,,,,,,,,,,,,,,,,,,,,,,,,,,,,,,,,,,,,,,-0.28,-0.19,-0.147,0.023,-0.036,-0.085,-0.1,-0.046,0.079,0.058,-0.336,-0.412,-0.049,0.193,0.083,-0.115,0.023,-0.046,-0.251,-0.085,0.195,-0.063,-0.147,-0.1,-0.412,-0.115,-0.336,0.083,0.057,0.057,-0.19,-0.085,-0.364,0.007,-0.076,-0.084,-0.28,-0.036,0.058,0.193,0.079,-0.049,-0.04,0.52,-0.04,0.52,,,,0,0,0,0,0.006,0.006,-0.002,0.002,-0.11,-0.178,-0.001,-0.002,-0.061,-0.11,0.038,-0.001,-0.102,-0.061,-0.002,-0.119,-0.148,-0.139,-0.001,-0.045,0,0,-0.029,-0.085,0,0,0.001,-0.066,0.005,-0.047,0.005,-0.047,0,0,0.029,-0.117,0.028,-0.117,0.038,-0.097,0,0,-0.026,0,0,0,0,0,0,0,-0.199,-0.151,0.069,0.042,0.014,-0.012,-0.054,0.013,-0.021,0.013,0.031,0.013,-0.019,0.036,0.013,0.017,0.013,0.031,,,,,,-0.165,-0.147,0.054,-0.165,-0.165,0.205,0,0,0,0,0,0,0,0,,,,,,,,,0.008,-0.022,0.008,-0.022,0,0,0,0,0,0,0,0,,,,,,,,,,,,,,,,,,,,,,,,,,,,,,,,,,,,,,,,,,,,,,,,,,,,,,,,,,,,,,,,,,,,,,,,,,,,,,,,,,,,,,0
780,0.036,-0.019,-0.197,-0.179,0.031,-0.021,-0.015,-0.072,0.056,0.142,0.052,0.052,-0.079,-0.014,-0.013,-0.054,0.008,-0.253,-0.001,0,0.01,-0.207,-0.016,,,,,,,,,,-0.003,-0.003,,,0.164,-0.285,0.101,,,,-0.157,0,0.001,,,,,,,,,,,,,,,,,,,,,,,,,-0.054,-0.067,0.001,0.097,-0.312,-0.26,0.015,-0.176,0.142,0.087,-0.254,0.014,,,,,,,,,,,,,,,,,,,,,,,,,,,,,,,,,,,,,,,,,,,,,,,,,,,,,,,,,,,,,,,,,,,,,,,,,,,,,,,,,,,,,,,,,,,,,,,,,,,,,,,,,,,,,,,,,,,,,,,,,,,,,,,,,,,,,,,,,,,,,,,,,,,,,,,,,,,,,,,,,,,,,,,,,,,,,,,,,,,,,,,,,,,,,,,,,,,,,,,,,,,,,,,,,,,,,,,,,,,,,,,,,,,,,,,,,,,,,,,,,,,,,,,,,,,,,,,,,,,,,,,,,,,,,,,,,,,,,,,,,,,,,,,,,,,,,,,,,,,,,,,,,,,,,,,,,,,,,,,,,,,,,,,,,,,,,,,,,,,,,,,,,,,,,,,,,,,,,,,,,,,,,,,,,,,,,,,,,,,,,,,,,,,,,,,,,,,,,,,,,,,,,,,,,,,,,,,,,,,,,,,,,,,,,,,,,,,,,,,,,,,,,,,,,,,,,,,,,,,,,,,,,,,,,,,,,,,,,,,,,,,,,,,,,,,,,,,,,,,,,,,,,,,,,,,,,,,,,,,,,,,,,,,,,,,,,,,,,,,,,,,,,,,,,,,,,,,,,,,,,,,,,,,,,,,,,,,,,,,,,,,,,,,,,,,,,,,,,,,,,,,,,,,,,,,,,,,,,,,,,,,,,,,,,,,,,,,,,,,,,,,0.163,-0.154,-0.231,-0.071,-0.042,-0.031,-0.05,-0.033,0.01,0.041,-0.132,-0.121,-0.096,0.08,0.217,0.218,-0.071,-0.033,0.024,-0.06,-0.182,-0.024,-0.231,-0.05,-0.121,0.218,-0.132,0.217,-0.702,-0.702,-0.154,-0.031,0.103,-0.043,-0.064,-0.031,0.163,-0.042,0.041,0.08,0.01,-0.096,-0.24,0.52,-0.24,0.52,0.015,0.019,0.082,0,0,0,0,0.001,0.001,0.002,0,-0.002,0.112,-0.006,0.002,-0.001,-0.002,-0.019,-0.006,-0.042,-0.001,,,,,,,,,,,,,,,,,,,,,,,,,,,,,,,,,0,0,0,0,-0.288,-0.181,0.094,0.184,0.011,-0.001,0.029,0.013,0.015,0.013,0.025,0.014,0.041,0.014,0.013,0.007,0.013,-0.036,0,0,-0.042,0,,0.062,0.04,-0.219,0.062,0.062,-0.03,0,0,0,0,0,0,0,0,0,-0.004,0.03,-0.009,0,0,0,0,,,,,,,,,0,0,0,0,,,,,,,,,,,,,,,,,,,,,,,,,,,,,,,,,,,,,,,,,,,,,,,,,,,,,,,,,,,,,,,,,,,,,,,,,,,,,,,,,,,,,,0
783,,,,,,,,,,,,,,,,,,,,,,,,,,,,,,,,,,,,,,,,,,,,,,,,,,,,,,,,,,,,,,,,,,,,,,,,,,,,,,,,,,-0.038,-0.046,-0.057,-0.17,-0.109,-0.154,-0.002,-0.041,-0.019,0.066,-0.265,-0.265,-0.055,-0.034,-0.067,0.01,-0.034,-0.193,0.005,0,-0.069,-0.036,-0.021,,,,,,,,,,0.251,0.005,,,-0.01,-0.03,-0.014,,,,-0.197,0,0,,,,,,,,,,,,,,,0.023,-0.043,-0.019,-0.076,-0.028,-0.037,-0.044,0.008,0.19,-0.05,0.158,-0.017,-0.02,0.001,,,,,,,,,,,,,,,,,,,,,,,,,,,,,,,,,,,,,,,,,,,,,,,,,,,,,,,,,,,,,,,,,,,,,,,,,,,,,,,,,,,,,,,,,,,,,,,,,,,,,,,,,,,,,,,,,,,,,,,,,,,,,,,,,,,,,,,,,,,,,,,,,,,,,,,,,,,,,,,,,,,,,,,,,,,,,,,,,,,,,,,,,,,,,,,,,,,,,,,,,,,,,,,,,,,,,,,,,,,,,,,,,,,,,,,,,,,,,,,,,,,,,,,,,,,,,,,,,,,,,,,,,,,,,,,,,,,,,,,,,,,,,,,,,,,,,,,,,,,,,,,,,,,,,,,,,,,,,,,,,,,,,,,,,,,,,,,,,,,,,,,,,,,,,,,,,,,,,,,,,,,,,,,,,,,,,,,,,,,,,,,,,,,,,,,,,,,,,,,,,,,,,,,,,,,,,,,,,,,,,,,,,,,,,,,,,,,,,,,,,,,,,,,,,,,,,,,,,,,,,,,,,,,,,,,,,,,,,,,,,,,,,,,,,,,,,,,,,,,,,,,,,,,,,,,,,,,,,,,,,,,,,,,,,,,,,,,,,,,,,,,,,,,,,,,,,,,,,,,,,,,,,,,,,,0.03,-0.047,-0.007,0.038,-0.095,-0.082,0.258,0.168,-0.042,-0.034,-0.213,-0.218,-0.108,-0.257,0.25,0.218,0.038,0.168,0.156,0.253,-0.117,0.177,-0.007,0.258,-0.218,0.218,-0.213,0.25,-0.752,-0.752,-0.047,-0.082,0.065,-0.097,-0.027,-0.082,0.03,-0.095,-0.034,-0.257,-0.042,-0.108,-0.24,0.52,-0.24,0.52,,,,0,0,0,0,0.003,0.003,-0.004,-0.001,-0.029,-0.072,0.007,-0.004,-0.161,-0.029,0.002,0.007,-0.166,-0.161,,,,,,,,,,,,,,,,,,,,,,,,,,,,,,,,,0,0,0,0,-0.117,-0.171,0.111,0.09,0.01,-0.012,0.021,0.013,0.009,0.013,0.025,0.01,-0.081,0.05,0.013,0.017,0.013,0.144,,,,,,0.062,0.051,0.158,0.062,0.062,0.01,0,0,0,0,0,0,0,0,,,,,,,,,0.108,-0.071,0.108,-0.071,0,0,0,0,0,0,0,0,,,,,,,,,,,,,,,,,,,,,,,,,,,,,,,,,,,,,,,,,,,,,,,,,,,,,,,,,,,,,,,,,,,,,,,,,,,,,,,,,,,,,,0
784,,,,,,,,,,,,,,,,,,,,,,,,,,,,,,,,,,,,,,,,,,,,,,,,,,,,,,,,,,,,,,,,,,,,,,,,,,,,,,,,,,,,,,,,,,,,,,,,,,,,,,,,,,,,,,,,,,,,,,,,,,,,,,,,,,,,,,,,,,,,,,,,,,,,,,,,,,,,,,,,,,,,,,,,,,,,,,,,,,,,,,,,,,,,,,,,,,,,,,,,,,,,,,,,,,,,,,,,,,,,,,,,,,,,,,,,,,,,,,,,,,,,,,,,,,,,,,,,,,,,,,,,,,,,,,,,,,,,,,,,,,,,,,,,,,,,,,,,,,,,,,,,,,,,,,,,,,,,,,,,,,,,,,,,,,,,,,,,,,,,,,,,,,,,,,,,,,,,,,,,,,,,,,,,,,,,,,,,,,,,,,,,,,,,,,,,,,,,,,,,,,,,,,,,,,,,,,,,,,,,,,,,,,,,,,,,,,,,,,,,,,,,,,,,,,,,,,,,,,,,,,,,,,,,,,,,,,,,,,,,,,,,,,,,,,,,,,,,,,,,,,,,,,,,,,,,,,,,,,,,,,,,,,,,,,,,,,,,,,,,,,-0.218,-0.103,0.009,0.009,0.019,-0.058,0.018,0.227,0.029,-0.076,-0.006,0.008,-0.037,0.14,-0.047,-0.004,,,,,,,,,,,,,,,-0.132,-0.038,-0.036,0.054,-0.012,-0.247,-0.154,0.065,0.145,0.057,-0.234,0.007,-0.048,-0.098,,,,,,,,,-0.002,-0.143,-0.039,0.119,-0.149,0.163,0.088,0.005,0.077,0.085,0.008,-0.004,-0.006,-0.253,-0.228,0.187,0.076,0.13,,,,,,,,,,,,,,,,,,,,,,,,,,,,,,,,,,,,,,,,,,,,,,,,,,,,,,,,,,,,,,,,,,,,,,,-0.062,0.146,0,-0.125,-0.031,0.089,-0.143,-0.38,-0.035,-0.07,0.005,0.017,-0.179,-0.034,,,,,,,,,,,,,,,,,,,,,,,,,,,,,0.182,-0.03,0.296,0.012,-0.029,-0.018,0.183,0.213,-0.09,-0.081,0.094,0.096,0.101,-0.212,-0.083,-0.115,0.012,0.213,0.005,0.182,-0.133,0.222,0.296,0.183,0.096,-0.115,0.094,-0.083,0.063,0.063,-0.03,-0.018,-0.081,-0.03,-0.022,-0.018,0.182,-0.029,-0.081,-0.212,-0.09,0.101,0.017,-0.48,0.017,-0.48,-0.014,-0.017,-0.063,0,0,0,0,-0.005,-0.005,0.009,-0.003,0.025,0.086,-0.007,0.009,0.079,0.025,-0.013,-0.007,-0.097,0.079,0.009,0.016,0.141,0.013,-0.007,0.095,0,0,-0.036,-0.046,0,0,-0.006,0.029,0.008,-0.003,0.008,-0.003,0,0,-0.014,-0.126,-0.015,-0.126,-0.013,-0.092,0,0,-0.069,0.003,0,0,0,0,0,0,0.173,0.272,0.104,0.057,0.016,0.05,-0.054,0.013,-0.025,0.013,-0.059,0.01,-0.089,-0.031,0.013,-0.013,0.013,0.118,,,,,,0.017,-0.001,-0.126,0.017,0.017,-0.079,0,0,0,0,0,0,0,0,,,,,,,,,0.008,-0.046,0.008,-0.046,0,0,0,0,0,0,0,0,,,,,,,,,,,,,,,,,,,,,,,,,,,,,,,,,,,,,,,,,,,,,,,,,,,,,,,,,,,,,,,,,,,,,,,,,,,,,,,,,,,,,,0
785,,,,,,,,,,,,,,,,,,,,,,,,,,,,,,,,,,,,,,,,,,,,,,,,,,,,,,,,,,,,,,,,,,,,,,,,,,,,,,,,,,,,,,,,,,,,,,,,,,,,,,,,,,,,,,,,,,,,,,,,,,,,,,,,,,,,,,,,,,,,,,,,,,,,,,,,,,,,,,,,,,,,,,,,,,,,,,,,,,,,,,,,,,,,,,,,,,,,,,,,,,,,,,,,,,,,,,,,,,,,,,,,,,,,,,,,,,,,,,,,,,,,,,,,,,,,,,,,,,,,,,,,,,,,,,,,,,,,,,,,,,,,,,,,,,,,,,,,,,,,,,,,,,,,,,,,,,,,,,,,,,,,,,,,,,,,,,,,,,,,,,,,,,,,,,,,,,,,,,,,,,,,,,,,,,,,,,,,,,,,,,,,,,,,,,,,,,,,,,,,,,,,,,,,,,,,,,,,,,,,,,,,,,,,,,,,,,,,,,,,,,,,,,,,,,,,,,,,,,,,,,,,,,,,,,,,,,,,,,,,,,,,,,,,,,,,,,,,,,,,,,,,,,,,,,,,,,,,,,,,,,,,,,,,,,,,,,,,,,,,,,-0.218,-0.103,0.009,0.009,0.019,-0.058,0.018,0.227,0.029,-0.076,-0.006,0.008,-0.037,0.14,-0.047,-0.004,,,,,,,,,,,,,,,-0.132,-0.038,-0.036,0.054,-0.012,-0.247,-0.154,0.065,0.145,0.057,-0.234,0.007,-0.048,-0.098,,,,,,,,,-0.002,-0.143,-0.039,0.119,-0.149,0.163,0.088,0.005,0.077,0.085,0.008,-0.004,-0.006,-0.253,-0.228,0.187,0.076,0.13,,,,,,,,,,,,,,,,,,,,,,,,,,,,,,,,,,,,,,,,,,,,,,,,,,,,,,,,,,,,,,,,,,,,,,,-0.062,0.146,0,-0.125,-0.031,0.089,-0.143,-0.38,-0.035,-0.07,0.005,0.017,-0.179,-0.034,,,,,,,,,,,,,,,,,,,,,,,,,,,,,0.182,-0.03,0.296,0.012,-0.029,-0.018,0.183,0.213,-0.09,-0.081,0.094,0.096,0.101,-0.212,-0.083,-0.115,0.012,0.213,0.005,0.182,-0.133,0.222,0.296,0.183,0.096,-0.115,0.094,-0.083,0.063,0.063,-0.03,-0.018,-0.081,-0.03,-0.022,-0.018,0.182,-0.029,-0.081,-0.212,-0.09,0.101,0.017,-0.48,0.017,-0.48,-0.014,-0.017,-0.063,0,0,0,0,-0.005,-0.005,0.009,-0.003,0.025,0.086,-0.007,0.009,0.079,0.025,-0.013,-0.007,-0.097,0.079,0.009,0.016,0.141,0.013,-0.007,0.095,0,0,-0.036,-0.046,0,0,-0.006,0.029,0.008,-0.003,0.008,-0.003,0,0,-0.014,-0.126,-0.015,-0.126,-0.013,-0.092,0,0,-0.069,0.003,0,0,0,0,0,0,0.173,0.272,0.104,0.057,0.016,0.05,-0.054,0.013,-0.025,0.013,-0.059,0.01,-0.089,-0.031,0.013,-0.013,0.013,0.118,,,,,,0.017,-0.001,-0.126,0.017,0.017,-0.079,0,0,0,0,0,0,0,0,,,,,,,,,0.008,-0.046,0.008,-0.046,0,0,0,0,0,0,0,0,,,,,,,,,,,,,,,,,,,,,,,,,,,,,,,,,,,,,,,,,,,,,,,,,,,,,,,,,,,,,,,,,,,,,,,,,,,,,,,,,,,,,,0
789,,,,,,,,,,,,,,,,,,,,,,,,,,,,,,,,,,,,,,,,,,,,,,,,,,,,,,,,,,,,,,,,,,,,,,,,,,,,,,,,,,-0.099,-0.147,0.067,0.157,-0.109,-0.077,0.014,0.147,-0.178,-0.124,-0.318,-0.318,0.013,-0.144,-0.067,0.43,-0.034,0.123,-0.001,0,-0.069,0.299,-0.022,,,,,,,,,,,,-0.075,-0.02,,,,-0.044,0.06,-0.102,-0.197,0,0,0.058,-0.032,-0.053,0.123,0.013,0.012,0.079,0.053,0.13,0.001,0.075,0.055,0.005,0,,,,,,,,,,,,,,,,,,,,,,,,,,,,,,,,,,,,,,,,,,,,,,,,,,,,,,,,,,,,,,,,,,,,,,,,,,,,,,,,,,,,,,,,,,,,,,,,,,,,,,,,,,,,,,,,,,,,,,,,,,,,,,,,,,,,,,,,,,,,,,,,,,,,,,,,,,,,,,,,,,,,,,,,,,,,,,,,,,,,,,,,,,,,,,,,,,,,,,,,,,,,,,,,,,,,,,,,,,,,,,,,,,,,,,,,,,,,,,,,,,,,,,,,,,,,,,,,,,,,,,,,,,,,,,,,,,,,,,,,,,,,,,,,,,,,,,,,,,,,,,,,,,,,,,,,,,,,,,,,,,,,,,,,,,,,,,,,,,,,,,,,,,,,,,,,,,,,,,,,,,,,,,,,,,,,,,,,,,,,,,,,,,,,,,,,,,,,,,,,,,,,,,,,,,,,,,,,,,,,,,,,,,,,,,,,,,,,,,,,,,,,,,,,,,,,,,,,,,,,,,,,,,,,,,,,,,,,,,,,,,,,,,,,,,,,,,,,,,,,,,,,,,,,,,,,,,,,,,,,,,,,,,,,,,,,,,,,,,,,,,,,,,,,,,,,,,,,,,,,,,,,,,,,,,,,,,,,,,,,,,,,0.068,-0.016,-0.044,0.002,-0.067,-0.055,-0.126,-0.196,0.225,0.226,0.022,-0.05,-0.085,0.024,0.05,-0.115,0.002,-0.196,0.134,-0.136,-0.139,-0.187,-0.044,-0.126,-0.05,-0.115,0.022,0.05,-0.029,-0.029,-0.016,-0.055,0.076,-0.069,-0.017,-0.055,0.068,-0.067,0.226,0.024,0.225,-0.085,-0.326,0.52,-0.326,0.52,0.048,0.034,0.114,0,0,0,0,0.001,0.001,0,0.002,0.079,0.086,-0.001,0,-0.001,0.079,0.001,-0.001,-0.111,-0.001,,,,,,,,,,,,,,,,,,,,,,,,,,,,,,,,,0,0,0,0,-0.269,-0.173,0.091,0.004,0.01,-0.024,0.025,0.013,0.011,0.013,0.005,0.016,0.035,-0.006,0.013,-0.001,0.013,0.025,,,,,,-0.029,-0.031,0.095,-0.029,-0.029,-0.03,0,0,0,0,0,0,0,0,0,-0.018,-0.193,-0.046,0,0,0,0,,,,,,,,,0,0,0,0,,,,,,,,,,,,,,,,,,,,,,,,,,,,,,,,,,,,,,,,,,,,,,,,,,,,,,,,,,,,,,,,,,,,,,,,,,,,,,,,,,,,,,0
792,,,,,,,,,,,,,,,,,,,,,,,,,,,,,,,,,,,,,,,,,,,,,,,,,,,,,,,,,,,,,,,,,,,,,,,,,,,,,,,,,,,,,,,,,,,,,,,,,,,,,,,,,,,,,,,,,,,,,,,,,,,,,,,,,,,,,,,,,,,,,,,,,,,,,,,,,,,,,,,,,,,,,,,,,,,,,,,,,,,,,,,,,,,,,,,,,,,,,,,,,,,,,,,,,,,,,,,,,,,,,,,,,,,,,,,,,,,,,,,,,,,,,,,,,,,,,,,,,,,,,,,,,,,,,,,,,,,,,,,,,,,,,,,,,,,,,,,,,,,,,,,,,,,,,,,,,,,,,,,,,,,,,-0.013,0.039,0.098,0.005,-0.092,-0.006,0.005,-0.127,0.012,-0.06,-0.064,-0.038,-0.001,0.031,0.068,-0.002,-0.007,-0.008,0.025,-0.012,-0.01,-0.053,-0.327,-0.005,-0.015,-0.112,-0.012,-0.142,-0.035,,,,,,,,,,,,,,,,-0.331,0,0.035,-0.093,-0.001,0.005,0,0.189,0,,,,,,,,,,-0.07,-0.087,0.012,-0.001,-0.127,0,0.086,0.052,-0.194,-0.072,0.003,,,,,,,,,,,,,,,,,,,,,,,,,,,,,,,,,,,,,,,,,,,,,,,,,,,,,,,,,,,,,,,,,,,,,,,,,,,,,,,,,,,,,,,,,,,,,,,,,,,,,,,,,,,,,,,,,,,,,,,,,,,,,,,,,,,,,,,,,,,,,,,,,,,,,,,,,,,,,,,,,,,,,,,,,,,,,,,,,,,,,,,,,,,,,,,,,,,,,,,,,,,,,,,,,,,,,,,,,,,,,,,,,,,,,,,,,,,,,,,,,,,,,,,,,,,,,,,,,,,,,,,,,,,,,,,,,,,,,,,,,,,,,-0.047,0.189,0.024,0.125,-0.031,0.093,-0.035,-0.072,-0.035,0.033,0.08,0.174,0.156,-0.034,,,,,,,,,,,,,,,,,,,,,,,,,,,,,0.182,-0.03,-0.151,0.012,0.104,0.082,-0.088,-0.085,-0.064,-0.031,-0.006,0.039,0.113,-0.156,-0.05,0.218,0.012,-0.085,0.071,-0.098,-0.133,-0.076,-0.151,-0.088,0.039,0.218,-0.006,-0.05,0.063,0.063,-0.03,0.082,0.109,0.105,-0.022,0.082,0.182,0.104,-0.031,-0.156,-0.064,0.113,0.017,-0.48,0.017,-0.48,-0.023,-0.017,-0.047,-0.001,0,0,0,0,0,0.009,0,-0.137,-0.151,-0.007,0.009,0.019,-0.137,-0.014,-0.007,0.013,0.019,0.008,-0.146,0.018,-0.048,-0.007,0.035,0,0,-0.055,0.042,0,0,-0.006,0.112,-0.003,0.105,-0.003,0.105,0,0,-0.014,0.024,-0.015,0.023,-0.014,0.018,0,0,-0.13,0,0,0,0,0,0,0,0.059,0.128,0.077,0.066,0.018,0.053,-0.046,0.013,-0.019,0.013,-0.052,0.016,0.049,-0.047,0.013,-0.021,0.013,0.025,,,,,,-0.074,-0.054,0.206,-0.074,-0.074,-0.169,0,0,0,0,0,0,0,0,0,0.026,0.03,0.066,0,0,0,0,,,,,,,,,0,0,0,0,,,,,,,,,,,,,,,,,,,,,,,,,,,,,,,,,,,,,,,,,,,,,,,,,,,,,,,,,,,,,,,,,,,,,,,,,,,,,,,,,,,,,,0
796,-0.127,-0.131,-0.197,-0.197,-0.013,-0.021,0.015,0.048,0.066,0.051,0.192,0.192,-0.097,-0.038,0.087,-0.162,0.108,-0.197,0.004,0,0.01,0.482,-0.003,,,,,,,,,,,,0.033,-0.059,0.164,-0.246,0.105,,,,-0.157,0,0.001,,,,,,,,,,,,,,,,,,,,,,,,,-0.038,-0.036,0.001,-0.146,-0.012,-0.039,-0.035,0.001,0.172,-0.021,-0.046,-0.006,,,,,,,,,,,,,,,,,,,,,,,,,,,,,,,,,,,,,,,,,,,,,,,,,,,,,,,,,,,,,,,,,,,,,,,,,,,,,,,,,,,,,,,,,,,,,,,,,,,,,,,,,,,,,,,,,,,,,,,,,,,,,,,,,,,,,,,,,,,,,,,,,,,,,,,,,,,,,,,,,,,,,,,,,,,,,,,,,,,,,,,,,,,,,,,,,,,,,,,,,,,,,,,,,,,,,,,,,,,,,,,,,,,,,,,,,,,,,,,,,,,,,,,,,,,,,,,,,,,,,,,,,,,,,,,,,,,,,,,,,,,,,,,,,,,,,,,,,,,,,,,,,,,,,,,,,,,,,,,,,,,,,,,,,,,,,,,,,,,,,,,,,,,,,,,,,,,,,,,,,,,,,,,,,,,,,,,,,,,,,,,,,,,,,,,,,,,,,,,,,,,,,,,,,,,,,,,,,,,,,,,,,,,,,,,,,,,,,,,,,,,,,,,,,,,,,,,,,,,,,,,,,,,,,,,,,,,,,,,,,,,,,,,,,,,,,,,,,,,,,,,,,,,,,,,,,,,,,,,,,,,,,,,,,,,,,,,,,,,,,,,,,,,,,,,,,,,,,,,,,,,,,,,,,,,,,,,,,,,,,,,,,,,,,,,,,,,,,,,,,,,,,,,,,,,,,,,,,,,,,,,,,,,,,,,,,,,,,,,,,,,0.107,0.016,-0.171,-0.228,0.025,0.031,-0.088,-0.072,-0.13,-0.096,0.054,0.115,-0.143,0.08,-0.05,0.218,-0.228,-0.072,0.059,-0.098,0.05,-0.07,-0.171,-0.088,0.115,0.218,0.054,-0.05,0.082,0.082,0.016,0.031,0.087,0.025,-0.006,0.031,0.107,0.025,-0.096,0.08,-0.13,-0.143,0.189,0.52,0.189,0.52,0.001,0.003,-0.008,0,0,0,0,-0.013,-0.013,-0.005,-0.002,-0.029,0.059,0.002,-0.005,0.099,-0.029,-0.011,0.002,-0.001,0.099,-0.005,-0.038,0.146,0.043,0.002,0.115,0,0,-0.035,-0.075,0,0,0.005,-0.05,0.009,-0.05,0.009,-0.05,0,0,-0.012,-0.033,-0.013,-0.034,-0.011,0.004,0,0,-0.003,0.014,0,0,0,0,0,0,-0.252,-0.141,0.128,0.197,0.013,0.044,0.019,0.013,0.005,0.013,-0.025,0.012,0.027,0.073,0.013,0.029,0.013,-0.036,,,,,,-0.119,-0.1,0.142,-0.119,-0.119,0.157,0,0,0,0,0,0,0,0,,,,,,,,,0.008,0.142,0.008,0.142,0,0,0,0,0,0,0,0,,,,,,,,,,,,,,,,,,,,,,,,,,,,,,,,,,,,,,,,,,,,,,,,,,,,,,,,,,,,,,,,,,,,,,,,,,,,,,,,,,,,,,0
797,-0.18,-0.161,-0.015,-0.052,0.074,0.116,0.03,0.128,0.025,-0.003,-0.075,-0.075,0.019,-0.163,-0.013,-0.168,-0.092,0.346,-0.004,0,0.01,-0.25,0.058,,,,,,,,,,,,0.177,-0.061,-0.336,0.655,-0.114,,,,0.343,0,0.001,-0.06,-0.01,0.008,-0.122,0.001,0.012,0.023,0.033,-0.22,0.002,0,-0.003,,,,,,,,,,,,,,,,,,,,,,,,,,,,,,,,,,,,,,,,,,,,,,,,,,,,,,,,,,,,,,,,,,,,,,,,,,,,,,,,,,,,,,,,,,,,,,,,,,,,,,,,,,,,,,,,,,,,,,,,,,,,,,,,,,,,,,,,,,,,,,,,,,,,,,,,,,,,,,,,,,,,,,,,,,,,,,,,,,,,,,,,,,,,,,,,,,,,,,,,,,,,,,,,,,,,,,,,,,,,,,,,,,,,,,,,,,,,,,,,,,,,,,,,,,,,,,,,,,,,,,,,,,,,,,,,,,,,,,,,,,,,,,,,,,,,,,,,,,,,,,,,,,,,,,,,,,,,,,,,,,,,,,,,,,,,,,,,,,,,,,,,,,,,,,,,,,,,,,,,,,,,,,,,,,,,,,,,,,,,,,,,,,,,,,,,,,,,,,,,,,,,,,,,,,,,,,,,,,,,,,,,,,,,,,,,,,,,,,,,,,,,,,,,,,,,,,,,,,,,,,,,,,,,,,,,,,,,,,,,,,,,,,,,,,,,,,,,,,,,,,,,,,,,,,,,,,,,,,,,,,,,,,,,,,,,,,,,,,,,,,,,,,,,,,,,,,,,,,,,,,,,,,,,,,,,,,,,,,,,,,,,,,,,,,,,,,,,,,,,,,,,,,,,,,,,,,,,,,,,,,,,,,,,,,,,,,,,,,,,,,,,,,,,,,,,,,,,,,,,,,,,,,,0.182,-0.03,-0.238,0.042,0.298,0.214,-0.006,-0.007,-0.038,-0.005,0.063,0.066,0.137,0.013,-0.083,-0.115,0.042,-0.007,0.02,-0.015,-0.115,0.002,-0.238,-0.006,0.066,-0.115,0.063,-0.083,0.082,0.082,-0.03,0.214,0.109,0.302,-0.022,0.214,0.182,0.298,-0.005,0.013,-0.038,0.137,0.017,-0.48,0.017,-0.48,-0.014,-0.017,-0.067,-0.001,0,0,0,-0.004,-0.004,-0.005,0,0.052,0.059,0.002,-0.005,0.119,0.052,-0.011,0.002,0.105,0.119,-0.005,0.043,0.087,0.134,0.002,0.135,0,0,0.033,0.068,0,0,-0.005,0.009,-0.002,0.046,-0.002,0.046,0,0,-0.012,0.124,-0.013,0.124,-0.011,0.11,0,0,0.119,-0.001,0,0,0,0,0,0,0.12,-0.029,0.056,0.075,0.016,-0.001,0.028,0.013,0.009,0.013,0.011,0.015,0.041,0.022,0.013,0.011,0.013,-0.007,,,,,,-0.029,-0.014,0.088,-0.029,-0.029,-0.014,0,0,0,0,0,0,0,0,,,,,,,,,0.108,0.038,0.108,0.038,0,0,0,0,0,0,0,0,,,,,,,,,,,,,,,,,,,,,,,,,,,,,,,,,,,,,,,,,,,,,,,,,,,,,,,,,,,,,,,,,,,,,,,,,,,,,,,,,,,,,,0
800,,,,,,,,,,,,,,,,,,,,,,,,,,,,,,,,,,,,,,,,,,,,,,,,,,,,,,,,,,,,,,,,,,,,,,,,,,,,,,,,,,-0.069,-0.097,0.14,0.312,-0.053,-0.077,0.018,0.147,0.016,-0.019,-0.223,-0.223,-0.073,-0.004,0.033,0.253,0.066,-0.084,-0.004,0,0.043,0.287,0.076,,,,,,,,,,0,0.015,,,-0.01,0.069,-0.057,,,,-0.197,0,0,,,,,,,,,,,,,,,0.037,-0.125,-0.001,0.007,0.011,0.005,0.047,0.008,0.366,-0.067,0.143,0.045,-0.001,0,,,,,,,,,,,,,,,,,,,,,,,,,,,,,,,,,,,,,,,,,,,,,,,,,,,,,,,,,,,,,,,,,,,,,,,,,,,,,,,,,,,,,,,,,,,,,,,,,,,,,,,,,,,,,,,,,,,,,,,,,,,,,,,,,,,,,,,,,,,,,,,,,,,,,,,,,,,,,,,,,,,,,,,,,,,,,,,,,,,,,,,,,,,,,,,,,,,,,,,,,,,,,,,,,,,,,,,,,,,,,,,,,,,,,,,,,,,,,,,,,,,,,,,,,,,,,,,,,,,,,,,,,,,,,,,,,,,,,,,,,,,,,,,,,,,,,,,,,,,,,,,,,,,,,,,,,,,,,,,,,,,,,,,,,,,,,,,,,,,,,,,,,,,,,,,,,,,,,,,,,,,,,,,,,,,,,,,,,,,,,,,,,,,,,,,,,,,,,,,,,,,,,,,,,,,,,,,,,,,,,,,,,,,,,,,,,,,,,,,,,,,,,,,,,,,,,,,,,,,,,,,,,,,,,,,,,,,,,,,,,,,,,,,,,,,,,,,,,,,,,,,,,,,,,,,,,,,,,,,,,,,,,,,,,,,,,,,,,,,,,,,,,,,,,,,,,,,,,,,,,,,,,,,,,,-0.084,-0.139,0.011,0.07,-0.014,-0.018,-0.012,0.032,-0.012,-0.056,-0.011,-0.043,0.16,0.013,-0.05,-0.115,0.07,0.032,-0.223,-0.009,0.287,0.028,0.011,-0.012,-0.043,-0.115,-0.011,-0.05,0.104,0.104,-0.139,-0.018,0.033,-0.015,-0.059,-0.018,-0.084,-0.014,-0.056,0.013,-0.012,0.16,0.017,-0.48,0.017,-0.48,-0.019,-0.017,-0.067,0,0,0,0,-0.002,-0.002,-0.003,0.001,-0.056,-0.309,-0.004,-0.003,0.019,-0.056,0.028,-0.004,-0.125,0.019,-0.003,-0.065,0.024,-0.078,-0.004,0.035,0,0,-0.013,-0.098,0,0,0.008,-0.073,-0.009,-0.078,-0.01,-0.078,0,0,-0.004,-0.126,-0.005,-0.126,0.028,-0.12,0,0,0.198,0.006,0,0,0,0,0,0,0.075,0.114,0.104,0.197,0.013,0.002,0.027,0.013,0.013,0.013,0.005,0.018,0.125,-0.006,0.013,-0.003,0.013,-0.007,,,,,,-0.119,-0.112,-0.176,-0.119,-0.119,-0.014,0,0,0,0,0,0,0,0,0,-0.056,0.03,-0.142,0,0,0,0,,,,,,,,,0,0,0,0,,,,,,,,,,,,,,,,,,,,,,,,,,,,,,,,,,,,,,,,,,,,,,,,,,,,,,,,,,,,,,,,,,,,,,,,,,,,,,,,,,,,,,0
801,,,,,,,,,,,,,,,,,,,,,,,,,,,,,,,,,,,,,,,,,,,,,,,,,,,,,,,,,,,,,,,,,,,,,,,,,,,,,,,,,,-0.069,-0.097,0.14,0.312,-0.053,-0.077,0.018,0.147,0.016,-0.019,-0.223,-0.223,-0.073,-0.004,0.033,0.253,0.066,-0.084,-0.004,0,0.043,0.287,0.076,,,,,,,,,,0,0.015,,,-0.01,0.069,-0.057,,,,-0.197,0,0,,,,,,,,,,,,,,,0.037,-0.125,-0.001,0.007,0.011,0.005,0.047,0.008,0.366,-0.067,0.143,0.045,-0.001,0,,,,,,,,,,,,,,,,,,,,,,,,,,,,,,,,,,,,,,,,,,,,,,,,,,,,,,,,,,,,,,,,,,,,,,,,,,,,,,,,,,,,,,,,,,,,,,,,,,,,,,,,,,,,,,,,,,,,,,,,,,,,,,,,,,,,,,,,,,,,,,,,,,,,,,,,,,,,,,,,,,,,,,,,,,,,,,,,,,,,,,,,,,,,,,,,,,,,,,,,,,,,,,,,,,,,,,,,,,,,,,,,,,,,,,,,,,,,,,,,,,,,,,,,,,,,,,,,,,,,,,,,,,,,,,,,,,,,,,,,,,,,,,,,,,,,,,,,,,,,,,,,,,,,,,,,,,,,,,,,,,,,,,,,,,,,,,,,,,,,,,,,,,,,,,,,,,,,,,,,,,,,,,,,,,,,,,,,,,,,,,,,,,,,,,,,,,,,,,,,,,,,,,,,,,,,,,,,,,,,,,,,,,,,,,,,,,,,,,,,,,,,,,,,,,,,,,,,,,,,,,,,,,,,,,,,,,,,,,,,,,,,,,,,,,,,,,,,,,,,,,,,,,,,,,,,,,,,,,,,,,,,,,,,,,,,,,,,,,,,,,,,,,,,,,,,,,,,,,,,,,,,,,,,,,-0.084,-0.139,0.011,0.07,-0.014,-0.018,-0.012,0.032,-0.012,-0.056,-0.011,-0.043,0.16,0.013,-0.05,-0.115,0.07,0.032,-0.223,-0.009,0.287,0.028,0.011,-0.012,-0.043,-0.115,-0.011,-0.05,0.104,0.104,-0.139,-0.018,0.033,-0.015,-0.059,-0.018,-0.084,-0.014,-0.056,0.013,-0.012,0.16,0.017,-0.48,0.017,-0.48,-0.019,-0.017,-0.067,0,0,0,0,-0.002,-0.002,-0.003,0.001,-0.056,-0.309,-0.004,-0.003,0.019,-0.056,0.028,-0.004,-0.125,0.019,-0.003,-0.065,0.024,-0.078,-0.004,0.035,0,0,-0.013,-0.098,0,0,0.008,-0.073,-0.009,-0.078,-0.01,-0.078,0,0,-0.004,-0.126,-0.005,-0.126,0.028,-0.12,0,0,0.198,0.006,0,0,0,0,0,0,0.075,0.114,0.104,0.197,0.013,0.002,0.027,0.013,0.013,0.013,0.005,0.018,0.125,-0.006,0.013,-0.003,0.013,-0.007,,,,,,-0.119,-0.112,-0.176,-0.119,-0.119,-0.014,0,0,0,0,0,0,0,0,0,-0.056,0.03,-0.142,0,0,0,0,,,,,,,,,0,0,0,0,0.002,0.025,-0.062,,,,,,,,,,,,,,,,,,,,,,,,,,,,,,,,,,,,,,,,,,,,,,,,,,,,,,,,,,,,,,,,,,,,,,,,,,,,,,,,,,,0
803,-0.036,0.019,-0.015,-0.016,0.074,0.206,0.008,-0.032,0.087,-0.083,-0.288,-0.288,0.019,-0.085,-0.013,-0.138,-0.092,0.513,-0.005,0,0.01,-0.23,0.068,,,,,,,,,,,,0.125,-0.13,0.164,-0.297,-0.068,,,,0.343,0,0.001,,,,,,,,,,,,,-0.014,-0.125,0.021,0.025,0.018,0.009,0.171,0.018,-0.143,0.023,0,0,,,,,,,,,,,,,,,,,,,,,,,,,,,,,,,,,,,,,,,,,,,,,,,,,,,,,,,,,,,,,,,,,,,,,,,,,,,,,,,,,,,,,,,,,,,,,,,,,,,,,,,,,,,,,,,,,,,,,,,,,,,,,,,,,,,,,,,,,,,,,,,,,,,,,,,,,,,,,,,,,,,,,,,,,,,,,,,,,,,,,,,,,,,,,,,,,,,,,,,,,,,,,,,,,,,,,,,,,,,,,,,,,,,,,,,,,,,,,,,,,,,,,,,,,,,,,,,,,,,,,,,,,,,,,,,,,,,,,,,,,,,,,,,,,,,,,,,,,,,,,,,,,,,,,,,,,,,,,,,,,,,,,,,,,,,,,,,,,,,,,,,,,,,,,,,,,,,,,,,,,,,,,,,,,,,,,,,,,,,,,,,,,,,,,,,,,,,,,,,,,,,,,,,,,,,,,,,,,,,,,,,,,,,,,,,,,,,,,,,,,,,,,,,,,,,,,,,,,,,,,,,,,,,,,,,,,,,,,,,,,,,,,,,,,,,,,,,,,,,,,,,,,,,,,,,,,,,,,,,,,,,,,,,,,,,,,,,,,,,,,,,,,,,,,,,,,,,,,,,,,,,,,,,,,,,,,,,,,,,,,,,,,,,,,,,,,,,,,,,,,,,,,,,,,,,,,,,,,,,,,,,,,,,,,,,,,,,,,,,,,,,,,,,,,,,,,,,,,,,,,,,,,,,,,,,,,,,,,,,,,,,,,,,,,,,,,,,,,,,,,,,,,,,,,,,,,,,,,,,,,,,,,,,,,,,,,,,,,,,,,,,,,,,,,,,,,,,,,,,,,,,,,,,,,,,,,,,,,,,,,,,,,,,,,,,,,,,,,,,,,,,,,,,,,,,,,,,,,,0,0,0,0,-0.14,-0.192,-0.152,-0.137,0,0,0,0,0,0,0,0,0.1,0.024,0.01,0.006,0.121,-0.011,-0.023,-0.009,-0.001,-0.092,,,,,,,,,0.001,0,0,0,0.083,-0.12,0.114,0.017,0.069,0,0,0,0,0.071,-0.007,0.094,-0.125,-0.239,0.064,0.094,0,0,0,0,0.147,0.01,-0.005,0,0,0,-0.001,-0.029,0,0,0,0,-0.249,,,,,,,,0,0,0,0,0
808,,,,,,,,,,,,,,,,,,,,,,,,,,,,,,,,,,,,,,,,,,,,,,,,,,,,,,,,,,,,,,,,,,,,,,,,,,,,,,,,,,0.09,0.09,0.074,0.157,0.058,0,-0.006,-0.041,0.095,0.156,-0.068,-0.068,-0.067,0.19,-0.067,0.113,-0.034,-0.045,-0.002,0,-0.069,0.045,-0.012,,,,,,,,,,,,-0.297,-0.364,-0.01,0.055,-0.027,,,,-0.197,0,0,,,,,,,,,,,,,,,0.022,0.157,0.011,0,-0.048,-0.052,-0.065,-0.048,-0.216,-0.035,0.003,-0.035,-0.022,0,,,,,,,,,,,,,,,,,,,,,,,,,,,,,,,,,,,,,,,,,,,,,,,,,,,,,,,,,,,,,,,,,,,,,,,,,,,,,,,,,,,,,,,,,,,,,,,,,,,,,,,,,,,,,,,,,,,,,,,,,,,,,,,,,,,,,,,,,,,,,,,,,,,,,,,,,,,,,,,,,,,,,,,,,,,,,,,,,,,,,,,,,,,,,,,,,,,,,,,,,,,,,,,,,,,,,,,,,,,,,,,,,,,,,,,,,,,,,,,,,,,,,,,,,,,,,,,,,,,,,,,,,,,,,,,,,,,,,,,,,,,,,,,,,,,,,,,,,,,,,,,,,,,,,,,,,,,,,,,,,,,,,,,,,,,,,,,,,,,,,,,,,,,,,,,,,,,,,,,,,,,,,,,,,,,,,,,,,,,,,,,,,,,,,,,,,,,,,,,,,,,,,,,,,,,,,,,,,,,,,,,,,,,,,,,,,,,,,,,,,,,,,,,,,,,,,,,,,,,,,,,,,,,,,,,,,,,,,,,,,,,,,,,,,,,,,,,,,,,,,,,,,,,,,,,,,,,,,,,,,,,,,,,,,,,,,,,,,,,,,,,,,,,,,,,,,,,,,,,,,,,,,,,,,,-0.02,0.129,-0.059,-0.118,-0.059,-0.047,-0.006,-0.046,0.13,0.108,-0.006,-0.038,0.127,-0.032,-0.05,-0.115,-0.118,-0.046,0.125,-0.015,-0.211,-0.037,-0.059,-0.006,-0.038,-0.115,-0.006,-0.05,0.082,0.082,0.129,-0.047,-0.139,-0.061,0.033,-0.047,-0.02,-0.059,0.108,-0.032,0.13,0.127,0.074,0.52,0.074,0.52,0.01,0.007,0.02,0,0,0,0,0.009,0.009,-0.003,-0.002,-0.029,-0.072,0.004,-0.003,0.279,-0.029,-0.001,0.004,0.109,0.279,,,,,,,,,,,,,,,,,,,,,,,,,,,,,,,,,0,0,0,0,0.155,0.07,-0.09,-0.142,0.011,-0.026,-0.02,0.013,-0.009,0.013,0.044,0.015,0.044,0.009,0.013,0.005,0.013,-0.007,,,,,,0.062,0.048,0.113,0.062,0.062,-0.193,0,0,0,0,0,0,0,0,0,0.061,-0.082,0.154,0,0,0,0,,,,,,,,,0,0,0,0,,,,,,,,,,,,,,,,,,,,,,,,,,,,,,,,,,,,,,,,,,,,,,,,,,,,,,,,,,,,,,,,,,,,,,,,,,,,,,,,,,,,,,0
810,,,,,,,,,,,,,,,,,,,,,,,,,,,,,,,,,,,,,,,,,,,,,,,,,,,,,,,,,,,,,,,,,,,,,,,,,,,,,,,,,,,,,,,,,,,,,,,,,,,,,,,,,,,,,,,,,,,,,,,,,,,,,,,,,,,,,,,,,,,,,,,,,,,,,,,,,,,,,,,,,,,,,,,,,,,,,,,,,,,,,,,,,,,,,,,,,,,,,,,,,,,,,,,,,,,,,,,,,,,,,,,,,,,,,,,,,,,,,,,,,,,,,,,,,,,,,,,,,,,,,,,,,,,,,,,,,,,,,,,,,,,,,,,,,,,,,,,,,,,,,,,,,,,,,,,,,,,,,,,,,,,,,,,,,,,,,,,,,,,,,,,,,,,,,,,,,,,,,,,,,,,,,,,,,,,,,,,,,,,,,,,,,,,,,,,,,,,,,,-0.063,-0.165,0.104,-0.094,0,-0.002,0.028,-0.023,-0.033,-0.017,-0.042,-0.003,,,,,,,,,,,,,,,0.025,-0.002,0.002,0.01,-0.005,-0.036,0.099,-0.008,-0.074,0.007,0.096,0,0.106,-0.027,-0.08,-0.102,-0.023,0.04,-0.08,0.002,-0.068,0.06,,,,,,,,,0.1,0.086,-0.213,-0.076,-0.077,-0.21,-0.033,-0.097,-0.115,-0.284,0.084,0.04,,,,,,,,,,,,,,,,,,,,,,,,,,,,,,,,,,,,,,,,,,,,,,,,,,,,,,,,,,,,,,,,,,,,,,,,,,,,,,,,,,,,,,,,,,,,,,,,,,,,,,,,,,,,,,,,,,,,,,,,,,,,,,,,,,,,,,,,,,,,,,,,,,,,,,,,,,,,,,,,,,,,,,,,,,,,,,,,,,,,,,,,,,,,,,,,,,,,,,,,,,,,,,,,,,,,,,,,,0.015,-0.026,0.073,-0.105,-0.031,0.053,0.078,-0.167,-0.035,0.134,0.079,0.067,0.131,-0.034,,,,,,,,,,,,,,,,,,,,,,,,,,,,,0.095,0.114,-0.104,0.056,-0.034,-0.042,0.095,0.129,0.1,0.104,-0.214,-0.162,0.057,-0.088,0.017,-0.115,0.056,0.129,-0.231,0.087,-0.107,0.138,-0.104,0.095,-0.162,-0.115,-0.214,0.017,0.037,0.037,0.114,-0.042,0.084,-0.035,0.028,-0.041,0.095,-0.034,0.104,-0.088,0.1,0.057,0.417,0.52,0.417,0.52,0.024,0.011,-0.004,0,0,0,0,0,0,0,0,0.025,0.033,0.002,0,0.019,0.025,-0.011,0.002,0.036,0.019,,,,,,,,,,,,,,,,,,,,,,,,,,,,,,,,,0,0,0,0,-0.019,-0.161,0.124,0.145,0.012,0.03,0.019,0.013,0.009,0.013,-0.009,0.01,-0.041,-0.019,0.013,-0.007,0.013,0.031,,,,,,-0.21,-0.189,-0.183,-0.21,-0.21,-0.079,0,0,0,0,0,0,0,0,0,0.015,-0.082,0.039,0,0,0,0,,,,,,,,,0,0,0,0,,,,,,,,,,,,,,,,,,,,,,,,,,,,,,,,,,,,,,,,,,,,,,,,,,,,,,,,,,,,,,,,,,,,,,,,,,,,,,,,,,,,,,0
811,0.049,0.086,0.33,0.312,-0.056,-0.066,0.008,0.048,-0.046,-0.035,0.128,0.128,-0.076,-0.106,-0.013,-0.103,-0.092,0.51,0.002,0,0.01,-0.184,0.061,,,,,,,,,,0.014,-0.009,,,0.164,-0.266,-0.121,,,,0.343,0,0.001,,,,,,,,,,,,,0.024,-0.075,-0.003,-0.006,-0.001,0.004,0.009,-0.006,0.072,0,0,-0.001,,,,,,,,,,,,,,,,,,,,,,,,,,,,,,,,,,,,,,,,,,,,,,,,,,,,,,,,,,,,,,,,,,,,,,,,,,,,,,,,,,,,,,,,,,,,,,,,,,,,,,,,,,,,,,,,,,,,,,,,,,,,,,,,,,,,,,,,,,,,,,,,,,,,,,,,,,,,,,,,,,,,,,,,,,,,,,,,,,,,,,,,,,,,,,,,,,,,,,,,,,,,,,,,,,,,,,,,,,,,,,,,,,,,,,,,,,,,,,,,,,,,,,,,,,,,,,,,,,,,,,,,,,,,,,,,,,,,,,,,,,,,,,,,,,,,,,,,,,,,,,,,,,,,,,,,,,,,,,,,,,,,,,,,,,,,,,,,,,,,,,,,,,,,,,,,,,,,,,,,,,,,,,,,,,,,,,,,,,,,,,,,,,,,,,,,,,,,,,,,,,,,,,,,,,,,,,,,,,,,,,,,,,,,,,,,,,,,,,,,,,,,,,,,,,,,,,,,,,,,,,,,,,,,,,,,,,,,,,,,,,,,,,,,,,,,,,,,,,,,,,,,,,,,,,,,,,,,,,,,,,,,,,,,,,,,,,,,,,,,,,,,,,,,,,,,,,,,,,,,,,,,,,,,,,,,,,,,,,,,,,,,,,,,,,,,,,,,,,,,,,,,,,,,,,,,,,,,,,,,,,,,,,,,,,,,,,,,,,,,,,,,,,,,,,,,,,,,,,,,,,,,,,,,,,,,,,,,,,,,,,,,,,,,,,,,,,,,,,,,,,,,,,,,,,,,,,,,,,,,,,,,,,,,,,,,,,,,,,,,,,,,,,,,,,,,,,,,,,,,,,,,,,,,,,,,,,,,,,,,,,,,,,,,,,,,,,,,,,,,,,,,,,,,,,,,,,,,,,0,0,0,0,-0.211,-0.052,-0.065,-0.021,0,0,0,0,0,0,0.001,0,0.013,-0.136,-0.1,-0.111,0.023,0.007,-0.118,-0.033,-0.006,0.117,0,0,0.002,0,-0.036,0.013,-0.024,0.017,,,,,,,,,-0.26,0,0,0,0,0.058,0,0.049,0.169,0.321,0.196,0.049,0,0,0,0,0.48,0.11,0.022,0,0,0,,,,,,,,0.069,-0.029,0,0,0,0,-0.25,0,0,0,0,0
813,-0.042,-0.019,0.294,0.294,-0.056,-0.248,0.022,0.128,0.143,0.029,0.157,0.157,0.021,0.045,,,,,,,,,,0.009,-0.018,0.049,-0.34,0.007,0,0.019,0.079,0.025,-0.003,-0.012,,,0.164,-0.317,-0.119,,,,0.343,0,0.001,,,,,,,,,,,,,0.061,-0.027,0.069,-0.003,0.018,0.025,0.01,-0.017,0.074,-0.001,0,0,,,,,,,,,,,,,,,,,,,,,,,,,,,,,,,,,,,,,,,,,,,,,,,,,,,,,,,,,,,,,,,,,,,,,,,,,,,,,,,,,,,,,,,,,,,,,,,,,,,,,,,,,,,,,,,,,,,,,,,,,,,,,,,,,,,,,,,,,,,,,,,,,,,,,,,,,,,,,,,,,,,,,,,,,,,,,,,,,,,,,,,,,,,,,,,,,,,,,,,,,,,,,,,,,,,,,,,,,,,,,,,,,,,,,,,,,,,,,,,,,,,,,,,,,,,,,,,,,,,,,,,,,,,,,,,,,,,,,,,,,,,,,,,,,,,,,,,,,,,,,,,,,,,,,,,,,,,,,,,,,,,,,,,,,,,,,,,,,,,,,,,,,,,,,,,,,,,,,,,,,,,,,,,,,,,,,,,,,,,,,,,,,,,,,,,,,,,,,,,,,,,,,,,,,,,,,,,,,,,,,,,,,,,,,,,,,,,,,,,,,,,,,,,,,,,,,,,,,,,,,,,,,,,,,,,,,,,,,,,,,,,,,,,,,,,,,,,,,,,,,,,,,,,,,,,,,,,,,,,,,,,,,,,,,,,,,,,,,,,,,,,,,,,,,,,,,,,,,,,,,,,,,,,,,,,,,,,,,,,,,,,,,,,,,,,,,,,,,,,,,,,,,,,,,,,,,,,,,,,,,,,,,,,,,,,,,,,,,,,,,,,,,,,,,,,,,,,0.049,-0.139,-0.21,0.07,-0.088,-0.074,0.032,-0.001,-0.168,-0.182,0.068,0.07,0.207,0.013,-0.05,0.218,0.07,-0.001,0.037,0.023,-0.099,0.008,-0.21,0.032,0.07,0.218,0.068,-0.05,0.104,0.104,-0.139,-0.074,-0.119,-0.09,-0.059,-0.074,0.049,-0.088,-0.182,0.013,-0.168,0.207,0.017,-0.48,0.017,-0.48,-0.009,-0.009,-0.035,-0.001,0,0,0,-0.002,-0.002,0.001,0.001,0.052,-0.204,0.004,0.001,-0.121,0.052,-0.002,0.004,0.095,-0.121,0.001,0.043,-0.086,-0.108,0.004,-0.105,0,0,0.113,0.032,0,0,-0.002,-0.081,-0.009,-0.087,-0.01,-0.087,0,0,-0.004,0.111,-0.005,0.111,-0.002,0.101,0,0,0.198,-0.008,0,0,0,0,0,0,0.104,0.361,-0.019,-0.023,0.014,0.03,0.085,0.013,0.039,0.013,-0.045,0.012,0.038,0.028,0.013,0.013,0.013,-0.056,,,,,,-0.119,-0.09,0.054,-0.119,-0.119,-0.055,0,0,0,0,0,0,0,0,,,,,,,,,0.108,0.241,0.108,0.241,0,0,0,0,0,0,0,0,,,,,,,,,,,,,,,,,,,,,,,,,,,,,,,,,,,,,,,,,,,,,,,,,,,,,,,,,,,,,,,,,,,,,,,,,,,,,,,,,,,,,,0
818,-0.186,-0.25,-0.197,-0.216,0.161,0.025,0.022,0.168,-0.204,-0.174,0.09,0.09,-0.035,-0.043,,,,,,,,,,0.009,-0.169,-0.051,0.32,0.002,0,0.019,-0.238,0.012,0.027,0.035,,,,,,-0.164,0.137,0.061,-0.157,0,0.001,-0.01,0.118,-0.014,0.103,0,-0.006,0.039,-0.006,0.048,0.029,0,0.008,,,,,,,,,,,,,,,,,,,,,,,,,,,,,,,,,,,,,,,,,,,,,,,,,,,,,,,,,,,,,,,,,,,,,,,,,,,,,,,,,,,,,,,,,,,,,,,,,,,,,,,,,,,,,,,,,,,,,,,,,,,,,,,,,,,,,,,,,,,,,,,,,,,,,,,,,,,,,,,,,,,,,,,,,,,,,,,,,,,,,,,,,,,,,,,,,,,,,,,,,,,,,,,,,,,,,,,,,,,,,,,,,,,,,,,,,,,,,,,,,,,,,,,,,,,,,,,,,,,,,,,,,,,,,,,,,,,,,,,,,,,,,,,,,,,,,,,,,,,,,,,,,,,,,,,,,,,,,,,,,,,,,,,,,,,,,,,,,,,,,,,,,,,,,,,,,,,,,,,,,,,,,,,,,,,,,,,,,,,,,,,,,,,,,,,,,,,,,,,,,,,,,,,,,,,,,,,,,,,,,,,,,,,,,,,,,,,,,,,,,,,,,,,,,,,,,,,,,,,,,,,,,,,,,,,,,,,,,,,,,,,,,,,,,,,,,,,,,,,,,,,,,,,,,,,,,,,,,,,,,,,,,,,,,,,,,,,,,,,,,,,,,,,,,,,,,,,,,,,,,,,,,,,,,,,,,,,,,,,,,,,,,,,,,,,,,,,,,,,,,,,,,,,,,,,,,,,,,,,,,,,,,,,,,,,,,,,,,,,,,,,,,,,,,,,,,,,,,,,,,,,,,,,-0.236,0.061,0.22,-0.071,-0.042,-0.036,0.069,0.07,0.01,0.016,-0.132,-0.16,-0.026,0.193,0.217,-0.115,-0.071,0.07,-0.042,0.061,-0.182,0.08,0.22,0.069,-0.16,-0.115,-0.132,0.217,-0.702,-0.702,0.061,-0.036,-0.011,-0.043,0.01,-0.036,-0.236,-0.042,0.016,0.193,0.01,-0.026,-0.24,0.52,-0.24,0.52,0.02,0.019,0.082,-0.001,0,0,0,-0.009,-0.009,-0.003,-0.003,-0.11,0.033,-0.006,-0.003,0.039,-0.11,-0.019,-0.006,-0.171,0.039,,,,,,,,,,,,,,,,,,,,,,,,,,,,,,,,,0,0,0,0,-0.396,-0.185,0.084,0.152,0.012,0.01,0.025,0.013,0.005,0.013,0.011,0.018,0.106,0.002,0.013,-0.001,0.013,-0.03,0.002,0,0.028,0.001,,-0.029,-0.028,0.008,-0.029,-0.029,0.059,0,0,0,0,0,0,0,0,,,,,,,,,0.108,-0.112,0.108,-0.112,0,0,0,0,0,0,0,0,,,,,,,,,,,,,,,,,,,,,,,,,,,,,,,,,,,,,,,,,,,,,,,,,,,,,,,,,,,,,,,,,,,,,,,,,,,,,,,,,,,,,,0
821,0.056,0.048,0.003,-0.052,0.074,0.116,-0.015,-0.072,0,0.035,-0.249,-0.249,0.106,0.014,-0.013,0.07,0.008,-0.249,0.003,0,0.01,-0.004,0.067,,,,,,,,,,,,-0.184,-0.13,-0.336,0.381,0.132,,,,-0.157,0,0.001,-0.051,-0.028,0.055,0,-0.002,-0.043,-0.037,-0.018,-0.172,-0.008,0,-0.003,,,,,,,,,,,,,,,,,,,,,,,,,,,,,,,,,,,,,,,,,,,,,,,,,,,,,,,,,,,,,,,,,,,,,,,,,,,,,,,,,,,,,,,,,,,,,,,,,,,,,,,,,,,,,,,,,,,,,,,,,,,,,,,,,,,,,,,,,,,,,,,,,,,,,,,,,,,,,,,,,,,,,,,,,,,,,,,,,,,,,,,,,,,,,,,,,,,,,,,,,,,,,,,,,,,,,,,,,,,,,,,,,,,,,,,,,,,,,,,,,,,,,,,,,,,,,,,,,,,,,,,,,,,,,,,,,,,,,,,,,,,,,,,,,,,,,,,,,,,,,,,,,,,,,,,,,,,,,,,,,,,,,,,,,,,,,,,,,,,,,,,,,,,,,,,,,,,,,,,,,,,,,,,,,,,,,,,,,,,,,,,,,,,,,,,,,,,,,,,,,,,,,,,,,,,,,,,,,,,,,,,,,,,,,,,,,,,,,,,,,,,,,,,,,,,,,,,,,,,,,,,,,,,,,,,,,,,,,,,,,,,,,,,,,,,,,,,,,,,,,,,,,,,,,,,,,,,,,,,,,,,,,,,,,,,,,,,,,,,,,,,,,,,,,,,,,,,,,,,,,,,,,,,,,,,,,,,,,,,,,,,,,,,,,,,,,,,,,,,,,,,,,,,,,,,,,,,,,,,,,,,,,-0.277,-0.153,0.237,0.089,-0.031,0.053,-0.092,0.254,-0.035,0.049,0.199,0.053,0.023,-0.034,,,,,,,,,,,,,,,,,,,,,,,,,,,,,-0.147,-0.19,0.403,-0.193,0.209,0.217,0.006,0.116,0.157,0.134,0.097,0.042,-0.181,0.125,-0.083,0.218,-0.193,0.116,-0.381,0.074,0.516,0.047,0.403,0.006,0.042,0.218,0.097,-0.083,0.057,0.057,-0.19,0.217,0.015,0.211,0.183,0.193,-0.147,0.209,0.134,0.125,0.157,-0.181,-0.04,-0.48,-0.04,-0.48,-0.023,-0.013,-0.024,0,0,0,0,0.008,0.008,0.004,0,-0.029,0.164,0.009,0.004,0.319,-0.029,0.017,0.009,-0.015,0.319,0.004,-0.038,0.15,0.376,0.009,0.335,0,0,0.052,-0.049,0,0,-0.006,-0.038,-0.002,-0.025,-0.003,-0.025,0,0,-0.013,-0.033,-0.014,-0.034,0.017,-0.009,0,0,-0.19,-0.001,0,0,0,0,0,0,0.139,-0.034,0.078,-0.034,0.013,0.059,0.045,0.013,0.021,0.013,-0.032,0.012,0.049,0.101,0.013,0.047,0.013,-0.024,,,,,,0.017,0.027,0.22,0.017,0.017,-0.12,0,0,0,0,0,0,0,0,0,-0.02,0.03,-0.051,0,0,0,0,,,,,,,,,0,0,0,0,,,,,,,,,,,,,,,,,,,,,,,,,,,,,,,,,,,,,,,,,,,,,,,,,,,,,,,,,,,,,,,,,,,,,,,,,,,,,,,,,,,,,,0
823,-0.075,-0.138,-0.215,-0.179,-0.013,0.161,0.008,0.088,-0.138,-0.126,-0.12,-0.12,0.19,-0.16,-0.013,-0.108,-0.092,0.388,0.002,0,0.01,-0.222,-0.002,,,,,,,,,,,,-0.176,0.135,,,,-0.164,0.331,-0.027,-0.157,0,0.001,,,,,,,,,,,,,0.03,0.002,0.034,-0.007,0.018,0.014,-0.008,-0.034,0.084,-0.001,0,0,,,,,,,,,,,,,,,,,,,,,,,,,,,,,,,,,,,,,,,,,,,,,,,,,,,,,,,,,,,,,,,,,,,,,,,,,,,,,,,,,,,,,,,,,,,,,,,,,,,,,,,,,,,,,,,,,,,,,,,,,,,,,,,,,,,,,,,,,,,,,,,,,,,,,,,,,,,,,,,,,,,,,,,,,,,,,,,,,,,,,,,,,,,,,,,,,,,,,,,,,,,,,,,,,,,,,,,,,,,,,,,,,,,,,,,,,,,,,,,,,,,,,,,,,,,,,,,,,,,,,,,,,,,,,,,,,,,,,,,,,,,,,,,,,,,,,,,,,,,,,,,,,,,,,,,,,,,,,,,,,,,,,,,,,,,,,,,,,,,,,,,,,,,,,,,,,,,,,,,,,,,,,,,,,,,,,,,,,,,,,,,,,,,,,,,,,,,,,,,,,,,,,,,,,,,,,,,,,,,,,,,,,,,,,,,,,,,,,,,,,,,,,,,,,,,,,,,,,,,,,,,,,,,,,,,,,,,,,,,,,,,,,,,,,,,,,,,,,,,,,,,,,,,,,,,,,,,,,,,,,,,,,,,,,,,,,,,,,,,,,,,,,,,,,,,,,,,,,,,,,,,,,,,,,,,,,,,,,,,,,,,,,,,,,,,,,,,,,,,,,,,,,,,,,,,,,,,,,,,,,,,,,,,,,,,,,,,,,,,,,,,,,,,,,,,,,,,0.049,-0.03,0.296,-0.097,0.093,0.085,0.082,-0.04,-0.116,-0.106,-0.106,-0.172,0.078,0.069,-0.05,-0.115,-0.097,-0.04,0.335,0.074,-0.198,-0.031,0.296,0.082,-0.172,-0.115,-0.106,-0.05,0.063,0.063,-0.03,0.085,0.071,0.094,-0.022,0.085,0.049,0.093,-0.106,0.069,-0.116,0.078,0.017,-0.48,0.017,-0.48,0.029,0.015,0.078,-0.001,0,0,0,0.002,0.002,-0.005,-0.002,-0.002,0.033,0.002,-0.005,-0.141,-0.002,0.019,0.002,0.013,-0.141,-0.005,-0.011,-0.229,-0.139,0.002,-0.125,0,0,0.033,-0.051,0,0,0.005,-0.093,-0.002,-0.072,-0.002,-0.072,0,0,0.013,-0.029,0.012,-0.029,0.019,0.018,0,0,0.119,0,0,0,0,0,0,0,0.126,0.12,0.081,-0.033,0.009,-0.012,0.075,0.013,0.035,0.013,0.044,0.011,-0.016,0.024,0.013,0.011,0.013,-0.007,,,,,,-0.119,-0.126,0.047,-0.119,-0.119,0.018,0,0,0,0,0,0,0,0,,,,,,,,,0.108,-0.196,0.108,-0.196,0,0,0,0,0,0,0,0,,,,,,,,,,,,,,,,,,,,,,,,,,,,,,,,,,,,,,,,,,,,,,,,,,,,,,,,,,,,,,,,,,,,,,,,,,,,,,,,,,,,,,0
824,,,,,,,,,,,,,,,,,,,,,,,,,,,,,,,,,,,,,,,,,,,,,,,,,,,,,,,,,,,,,,,,,,,,,,,,,,,,,,,,,,,,,,,,,,,,,,,,,,,,,,,,,,,,,,,,,,,,,,,,,,,,,,,,,,,,,,,,,,,,,,,,,,,,,,,,,,,,,,,,,,,,,,,,,0.01,-0.088,-0.024,-0.104,0.017,0.18,0.097,-0.047,0.359,0,0.065,0,0.684,0.664,0.684,0.684,0.033,0.146,0.132,-0.071,0.105,0.123,0.157,-0.07,-0.021,,,,,,,,,,,,,,,,0.011,-0.041,0.016,0.017,0.151,-0.133,-0.106,-0.122,-0.318,0.034,0.018,0.011,-0.248,-0.042,-0.079,-0.316,-0.056,-0.073,-0.035,-0.009,0.103,0.049,0.044,0.028,,,,,,,,,,0.174,0.174,-0.074,-0.07,0.132,0.17,0.181,-0.359,0.179,0.045,,,,,,,,,,,,,,,,,,,,,,,,,,,,,,,,,,,,,,,,,,,,,,,,,,,,,,,,,,,,,,,,,,,,,,,,,,,,,,,,,,,,,,,,,,,,,,,,,,,,,,,,,,,,,,,,,,,,,,,,,,,,,,,,,,,,,,,,,,,,,,,,,,,,,,,,,,,,,,,,,,,,,,,,,,,,,,,,,,,,,,,,,,,,,,,,,,,,,,,,,,,,,,,,,,,,,,,,,,,,,,,,,,,,,,,,,,,,,,,,,,,,,,,,,,,,,,,,,,,,,,,,,,,,,,,,,,,,,,,,,,,,,,,,,,,,,,,,,,,,,,,,,,,,,,,,,,,,,,,,,,,,,,,,,,,,,,,,,,,,,,,,,,,,,,,,,,,,,,,,,,,,,,,,,,,,,,,,,,,,,,,,,,,,,,,,,,,,,,,,,,,,,,,,,,,,,,,,,,,,,,,,,,,,,,,,,,,,,,,,,,,,,0.067,0.109,-0.118,0.193,-0.03,0.079,0.002,0.099,-0.035,0.029,-0.053,0.095,0.06,-0.038,,,,,,,,,,,,,,,0.049,-0.139,0.184,0.34,0.053,0.055,-0.1,-0.04,0.014,-0.005,0.034,0.077,0.078,-0.043,-0.05,-0.115,0.34,-0.04,-0.06,-0.079,0.388,-0.063,0.184,-0.1,0.077,-0.115,0.034,-0.05,0.063,0.063,-0.139,0.055,0.071,0.053,-0.059,0.055,0.049,0.053,-0.005,-0.043,0.014,0.078,0.017,-0.48,0.017,-0.48,-0.023,-0.017,-0.043,0,0,0,0,0.002,0.002,0.004,-0.003,0.16,-0.178,-0.007,0.004,-0.061,0.16,-0.013,-0.007,-0.024,-0.061,0.004,0.151,-0.275,-0.108,-0.006,-0.045,0,0,-0.055,-0.018,0,0,-0.006,0.041,0.008,0.043,0.008,0.043,0,0,0.012,-0.025,0.011,-0.025,-0.013,-0.019,0,0,-0.007,0.004,0,0,0,0,0,0,-0.051,-0.085,0.099,0.253,0.012,-0.032,-0.029,0.013,-0.013,0.013,-0.009,0.003,-0.157,0.049,0.013,0.017,0.013,0.218,,,,,,0.108,0.106,0.079,0.108,0.108,0.067,0,0,0,0,0,0,0,0,,,,,,,,,-0.092,0.158,-0.092,0.158,0,0,0,0,0,0,0,0,,,,,,,,,,,,,,,,,,,,,,,,,,,,,,,,,,,,,,,,,,,,,,,,,,,,,,,,,,,,,,,,,,,,,,,,,,,,,,,,,,,,,,0
825,-0.068,-0.041,0.33,0.312,0.031,0.161,0.03,0.128,-0.056,-0.04,0.208,0.208,0.167,-0.133,,,,,,,,,,0.009,0.007,0.049,-0.268,0.003,0,0.019,-0.002,-0.027,-0.035,0,,,,,,-0.164,0.358,-0.016,0.343,0,0.001,,,,,,,,,,,,,-0.003,-0.07,-0.02,0.004,-0.02,-0.013,-0.013,-0.009,-0.035,-0.002,0,0.001,,,,,,,,,,,,,,,,,,,,,,,,,,,,,,,,,,,,,,,,,,,,,,,,,,,,,,,,,,,,,,,,,,,,,,,,,,,,,,,,,,,,,,,,,,,,,,,,,,,,,,,,,,,,,,,,,,,,,,,,,,,,,,,,,,,,,,,,,,,,,,,,,,,,,,,,,,,,,,,,,,,,,,,,,,,,,,,,,,,,,,,,,,,,,,,,,,,,,,,,,,,,,,,,,,,,,,,,,,,,,,,,,,,,,,,,,,,,,,,,,,,,,,,,,,,,,,,,,,,,,,,,,,,,,,,,,,,,,,,,,,,,,,,,,,,,,,,,,,,,,,,,,,,,,,,,,,,,,,,,,,,,,,,,,,,,,,,,,,,,,,,,,,,,,,,,,,,,,,,,,,,,,,,,,,,,,,,,,,,,,,,,,,,,,,,,,,,,,,,,,,,,,,,,,,,,,,,,,,,,,,,,,,,,,,,,,,,,,,,,,,,,,,,,,,,,,,,,,,,,,,,,,,,,,,,,,,,,,,,,,,,,,,,,,,,,,,,,,,,,,,,,,,,,,,,,,,,,,,,,,,,,,,,,,,,,,,,,,,,,,,,,,,,,,,,,,,,,,,,,,,,,,,,,,,,,,,,,,,,,,,,,,,,,,,,,,,,,,,,,,,,,,,,,,,,,,,,,,,,,,,,,,,,,,,,,,,,,,,,,,,,,,,,,,,,,,,,-0.216,0.077,0.184,0.012,-0.06,-0.047,-0.1,-0.085,-0.064,-0.081,0.114,0.077,0.078,-0.156,-0.083,-0.115,0.012,-0.085,0.005,-0.111,-0.133,-0.076,0.184,-0.1,0.077,-0.115,0.114,-0.083,0.063,0.063,0.077,-0.047,-0.005,-0.061,0.015,-0.047,-0.216,-0.06,-0.081,-0.156,-0.064,0.078,0.017,-0.48,0.017,-0.48,-0.023,-0.017,-0.055,0,0,0,0,0,0,-0.003,-0.002,-0.002,-0.02,0.004,-0.003,0.039,-0.002,-0.001,0.004,-0.083,0.039,-0.003,-0.011,0.083,0.164,0.004,0.055,0,0,0.017,-0.08,0,0,-0.002,-0.05,-0.009,-0.078,-0.009,-0.078,0,0,-0.004,-0.064,-0.005,-0.064,-0.002,-0.078,0,0,-0.045,0.062,0,0,0,0,0,0,0.179,0.325,-0.094,-0.171,0.016,-0.007,-0.014,0.013,-0.007,0.013,0.051,0.007,-0.047,0.062,0.013,0.029,0.013,0.038,,,,,0.018,0.017,0.016,0.024,0.017,0.017,-0.161,0,0,0,0,0,0,0,0,0,-0.04,0.03,-0.103,0,0,0,0,,,,,,,,,0,0,0,0,,,,,,,,,,,,,,,,,,,,,,,,,,,,,,,,,,,,,,,,,,,,,,,,,,,,,,,,,,,,,,,,,,,,,,,,,,,,,,,,,,,,,,0
826,-0.088,-0.011,0.312,0.312,-0.056,-0.203,0.037,0.128,0.107,0.083,0.279,0.279,-0.053,0.269,-0.013,-0.047,0.008,-0.136,-0.004,0,0.01,-0.249,-0.08,,,,,,,,,,,,0.184,0.064,,,,0.336,-0.501,-0.024,0.343,0,0.001,-0.066,-0.006,-0.028,0.034,-0.001,-0.02,0.13,-0.004,0.196,0.113,0,0.005,,,,,,,,,,,,,,,,,,,,,,,,,,,,,,,,,,,,,,,,,,,,,,,,,,,,,,,,,,,,,,,,,,,,,,,,,,,,,,,,,,,,,,,,,,,,,,,,,,,,,,,,,,,,,,,,,,,,,,,,,,,,,,,,,,,,,,,,,,,,,,,,,,,,,,,,,,,,,,,,,,,,,,,,,,,,,,,,,,,,,,,,,,,,,,,,,,,,,,,,,,,,,,,,,,,,,,,,,,,,,,,,,,,,,,,,,,,,,,,,,,,,,,,,,,,,,,,,,,,,,,,,,,,,,,,,,,,,,,,,,,,,,,,,,,,,,,,,,,,,,,,,,,,,,,,,,,,,,,,,,,,,,,,,,,,,,,,,,,,,,,,,,,,,,,,,,,,,,,,,,,,,,,,,,,,,,,,,,,,,,,,,,,,,,,,,,,,,,,,,,,,,,,,,,,,,,,,,,,,,,,,,,,,,,,,,,,,,,,,,,,,,,,,,,,,,,,,,,,,,,,,,,,,,,,,,,,,,,,,,,,,,,,,,,,,,,,,,,,,,,,,,,,,,,,,,,,,,,,,,,,,,,,,,,,,,,,,,,,,,,,,,,,,,,,,,,,,,,,,,,,,,,,,,,,,,,,,,,,,,,,,,,,,,,,,,,,,,,,,,,,,,,,,,,,,,,,,,,,,,,,,,,,,,,,,,,,,,,,,,,,,,,,,,,,,,,,,,,,,,,,,,,,,-0.084,-0.03,-0.21,-0.146,-0.027,-0.029,0.006,-0.02,-0.116,-0.132,0.048,-0.024,0.148,-0.212,-0.05,-0.115,-0.146,-0.02,0.037,-0.002,-0.227,-0.011,-0.21,0.006,-0.024,-0.115,0.048,-0.05,0.104,0.104,-0.03,-0.029,0.033,-0.028,-0.022,-0.028,-0.084,-0.027,-0.132,-0.212,-0.116,0.148,0.017,-0.48,0.017,-0.48,-0.023,-0.02,-0.082,0,0,0,0,0.002,0.002,0.003,-0.001,0.215,0.033,0.006,0.003,0.059,0.215,0.038,0.006,-0.005,0.059,0.002,0.205,0.14,-0.018,0.007,0.075,0,0,0,-0.106,0,0,0.001,-0.093,-0.006,-0.118,-0.006,-0.118,0,0,0.004,-0.029,0.003,-0.029,0.037,0,0,0,0.095,0.007,0,0,0,0,0,0,0.185,0.259,0.1,0.154,0.012,0.03,0.007,0.013,0.005,0.013,-0.015,0.009,-0.036,-0.014,0.013,-0.005,0.013,0.05,,,,,,-0.119,-0.113,0.061,-0.119,-0.119,0.026,0,0,0,0,0,0,0,0,,,,,,,,,0.108,0.139,0.108,0.139,0,0,0,0,0,0,0,0,,,,,,,,,,,,,,,,,,,,,,,,,,,,,,,,,,,,,,,,,,,,,,,,,,,,,,,,,,,,,,,,,,,,,,,,,,,,,,,,,,,,,,0
827,0.049,0.056,-0.215,-0.161,-0.056,0.07,-0.015,-0.112,0.046,-0.003,-0.125,-0.125,0.047,-0.029,,,,,,,,,,0.009,0.458,0.049,0.3,-0.005,0,0.019,0.539,-0.083,0.016,-0.009,,,,,,-0.164,0.379,-0.022,0.343,0,0.001,,,,,,,,,,,,,,,,,,,,,,,,,-0.104,-0.009,0.006,-0.11,-0.212,-0.228,-0.054,-0.143,0.155,0.005,-0.204,0.063,,,,,,,,,,,,,,,,,,,,,,,,,,,,,,,,,,,,,,,,,,,,,,,,,,,,,,,,,,,,,,,,,,,,,,,,,,,,,,,,,,,,,,,,,,,,,,,,,,,,,,,,,,,,,,,,,,,,,,,,,,,,,,,,,,,,,,,,,,,,,,,,,,,,,,,,,,,,,,,,,,,,,,,,,,,,,,,,,,,,,,,,,,,,,,,,,,,,,,,,,,,,,,,,,,,,,,,,,,,,,,,,,,,,,,,,,,,,,,,,,,,,,,,,,,,,,,,,,,,,,,,,,,,,,,,,,,,,,,,,,,,,,,,,,,,,,,,,,,,,,,,,,,,,,,,,,,,,,,,,,,,,,,,,,,,,,,,,,,,,,,,,,,,,,,,,,,,,,,,,,,,,,,,,,,,,,,,,,,,,,,,,,,,,,,,,,,,,,,,,,,,,,,,,,,,,,,,,,,,,,,,,,,,,,,,,,,,,,,,,,,,,,,,,,,,,,,,,,,,,,,,,,,,,,,,,,,,,,,,,,,,,,,,,,,,,,,,,,,,,,,,,,,,,,,,,,,,,,,,,,,,,,,,,,,,,,,,,,,,,,,,,,,,,,,,,,,,,,,,,,,,,,,,,,,,,,,,,,,,,,,,,,,,,,,,,,,,,,,,,,,,,,,,,,,,,,,,,,,,,,,,,,,,,,,,,,,,,,,,,,,,0.182,-0.03,0.296,-0.207,0.147,0.149,-0.038,0.038,-0.012,0.02,0.294,0.288,0.137,0.294,-0.117,-0.115,-0.207,0.038,-0.39,-0.002,0.453,0.002,0.296,-0.038,0.288,-0.115,0.294,-0.117,0.063,0.063,-0.03,0.149,0.109,0.149,-0.022,0.149,0.182,0.147,0.02,0.294,-0.012,0.137,0.017,-0.48,0.017,-0.48,-0.028,-0.02,-0.059,0,0,0,0,0.005,0.005,-0.005,0,-0.056,0.112,0.009,-0.005,0.019,-0.056,-0.011,0.009,0.118,0.019,-0.005,-0.065,0.064,0.043,0.01,0.035,0,0,0.023,0.034,0,0,-0.005,0.056,-0.002,0.046,-0.002,0.046,0,0,-0.012,0.111,-0.013,0.111,-0.011,0.124,0,0,0.057,0.003,0,0,0,0,0,0,-0.093,-0.139,-0.109,-0.009,0.013,0.002,-0.008,0.013,-0.003,0.013,-0.009,0.012,-0.024,-0.006,0.013,-0.001,0.013,-0.014,,,,,,0.062,0.056,-0.187,0.062,0.062,0.173,0,0,0,0,0,0,0,0,0,0.024,0.03,0.062,0,0,0,0,,,,,,,,,0,0,0,0,,,,,,,,,,,,,,,,,,,,,,,,,,,,,,,,,,,,,,,,,,,,,,,,,,,,,,,,,,,,,,,,,,,,,,,,,,,,,,,,,,,,,,0
831,0.01,0.026,-0.015,-0.034,0.161,0.07,0,-0.032,-0.041,-0.083,0.185,0.185,-0.012,-0.134,-0.013,0.175,0.008,0.403,0.002,0,0.01,-0.19,-0.053,,,,,,,,,,-0.06,-0.009,,,,,,0.336,-0.242,0.092,-0.157,0,0.001,,,,,,,,,,,,,-0.018,0.007,-0.012,-0.002,-0.02,-0.023,-0.029,0.039,-0.113,-0.002,0,0,,,,,,,,,,,,,,,,,,,,,,,,,,,,,,,,,,,,,,,,,,,,,,,,,,,,,,,,,,,,,,,,,,,,,,,,,,,,,,,,,,,,,,,,,,,,,,,,,,,,,,,,,,,,,,,,,,,,,,,,,,,,,,,,,,,,,,,,,,,,,,,,,,,,,,,,,,,,,,,,,,,,,,,,,,,,,,,,,,,,,,,,,,,,,,,,,,,,,,,,,,,,,,,,,,,,,,,,,,,,,,,,,,,,,,,,,,,,,,,,,,,,,,,,,,,,,,,,,,,,,,,,,,,,,,,,,,,,,,,,,,,,,,,,,,,,,,,,,,,,,,,,,,,,,,,,,,,,,,,,,,,,,,,,,,,,,,,,,,,,,,,,,,,,,,,,,,,,,,,,,,,,,,,,,,,,,,,,,,,,,,,,,,,,,,,,,,,,,,,,,,,,,,,,,,,,,,,,,,,,,,,,,,,,,,,,,,,,,,,,,,,,,,,,,,,,,,,,,,,,,,,,,,,,,,,,,,,,,,,,,,,,,,,,,,,,,,,,,,,,,,,,,,,,,,,,,,,,,,,,,,,,,,,,,,,,,,,,,,,,,,,,,,,,,,,,,,,,,,,,,,,,,,,,,,,,,,,,,,,,,,,,,,,,,,,,,,,,,,,,,,,,,,,,,,,,,,,,,,,,,,,,,,,,,,,,,,,,,,,,,,,,,,,,,,,,,,,0.056,-0.134,-0.104,0.165,-0.085,-0.047,0.151,0.194,-0.192,-0.206,0.066,0.146,0.033,-0.144,0.117,-0.115,0.165,0.194,-0.166,0.151,0.22,0.196,-0.104,0.151,0.146,-0.115,0.066,0.117,0.037,0.037,-0.134,-0.047,-0.723,-0.082,0.537,-0.052,0.056,-0.085,-0.206,-0.144,-0.192,0.033,-0.097,0.52,-0.097,0.52,0.043,0.027,0.098,-0.001,0,0,0,-0.001,-0.001,0.002,0,0.052,-0.151,0.003,0.002,-0.081,0.052,-0.016,0.003,-0.056,-0.081,,,,,,,,,,,,,,,,,,,,,,,,,,,,,,,,,0,0,0,0,0.053,-0.177,0.044,0.088,0.011,0.002,0.015,0.013,0.007,0.013,0.038,0.005,-0.089,0.03,0.013,0.015,0.013,0.063,,,,,,-0.029,-0.018,0.047,-0.029,-0.029,0.035,0,0,0,0,0,0,0,0,0,0.067,0.03,0.171,0,0,0,0,,,,,,,,,0,0,0,0,,,,,,,,,,,,,,,,,,,,,,,,,,,,,,,,,,,,,,,,,,,,,,,,,,,,,,,,,,,,,,,,,,,,,,,,,,,,,,,,,,,,,,0
832,,,,,,,,,,,,,,,,,,,,,,,,,,,,,,,,,,,,,,,,,,,,,,,,,,,,,,,,,,,,,,,,,,,,,,,,,,,,,,,,,,,,,,,,,,,,,,,,,,,,,,,,,,,,,,,,,,,,,,,,,,,,,,,,,,,,,,,,,,,,,,,,,,,,,,,,,,,,,,,,,,,,,,,,,,,,,,,,,,,,,,,,,,,,,,,,,,,,,,,,,,,,,,,,,,,,,,,,,,,,,,,,,,,,,,,,,,,,,,,,,,,,,,,,,,,,,,,,,,,,,,,,,,,,,,,,,,,,,,,,,,,,,,,,,,,,,,,,,,,,,,,,,,,,,,,,,,,,,,,,,,,,,,,,,,,,,,,,,,,,,,,,,,,,,,,,,,,,,,,,,,,,,,,,,,,,,,,,,,,,,,,,,,,,,,,,,,,,,,,,,,,,,,,,,,,,,,,,,,,,,,,,,,,,,,,,,,,,,,,,,,,,,,,,,,,,,,,,,,,,,,,,,,,,,,,,,,,,,,,,,,,,,,,,,,,,,,,,,,,,,,,,,,,,,,,,,,,,,,,,,,,,,,,,,,,,,,,,,,,,,,0.182,-0.103,0.009,0.009,-0.149,0.006,0.005,-0.173,0.014,0.11,-0.04,0.149,-0.191,-0.336,-0.189,0.114,0.078,0.036,0.023,-0.023,0.078,0.426,-0.051,-0.01,-0.052,-0.025,0.051,-0.373,-0.177,0.441,,,,,,,,,,,,,,,-0.057,-0.315,-0.009,0.225,-0.041,0.026,-0.006,0.098,,,,,,,,,-0.028,-0.051,0.149,0.114,-0.04,0.426,0.435,-0.17,-0.03,0.166,,,,,,,,,,,,,,,,,,,,,,,,,,,,,,,,,,,,,,,,,,,,,,,,,,,,,,,,,,,,,,,,,,,,,,,-0.071,0.089,0.05,-0.179,-0.031,0.06,0.018,-0.34,-0.035,-0.075,0.124,0.239,-0.07,-0.034,,,,,,,,,,,,,,,,,,,,,,,,,,,,,-0.216,-0.03,-0.151,0.012,0.047,0.066,-0.038,0.019,-0.064,-0.132,0.174,0.154,0.125,0.069,-0.083,0.218,0.012,0.019,-0.258,-0.021,0.193,0.002,-0.151,-0.038,0.154,0.218,0.174,-0.083,0.063,0.063,-0.03,0.066,-0.005,0.048,-0.022,0.066,-0.216,0.047,-0.132,0.069,-0.064,0.125,0.017,-0.48,0.017,-0.48,0.015,0.011,0.059,0,0,0,0,-0.003,-0.003,0.004,0,-0.164,0.138,-0.007,0.004,-0.161,-0.164,-0.013,-0.007,-0.047,-0.161,0.004,-0.173,-0.01,0.043,-0.007,-0.145,0,0,-0.045,-0.116,0,0,-0.006,-0.105,-0.002,-0.087,-0.003,-0.087,0,0,-0.014,-0.047,-0.015,-0.047,-0.013,-0.042,0,0,-0.069,0.001,0,0,0,0,0,0,0.165,0.175,-0.011,-0.076,0.012,-0.004,0.049,0.013,0.021,0.013,-0.002,0.011,-0.03,0.023,0.013,0.011,0.013,0.05,,,,,,0.062,0.049,0.022,0.062,0.062,-0.022,0,0,0,0,0,0,0,0,,,,,,,,,-0.092,-0.09,-0.092,-0.09,0,0,0,0,0,0,0,0,,,,,,,,,,,,,,,,,,,,,,,,,,,,,,,,,,,,,,,,,,,,,,,,,,,,,,,,,,,,,,,,,,,,,,,,,,,,,,,,,,,,,,0
834,-0.042,-0.078,0.003,-0.052,0.074,-0.066,0.008,0.088,-0.041,0.12,0.179,0.179,-0.004,-0.035,,,,,,,,,,0.009,-0.16,-0.051,0.122,0.001,0,0.019,-0.179,0.002,-0.066,-0.011,,,0.164,0.113,0.069,,,,-0.157,0,0.001,,,,,,,,,,,,,-0.011,0.274,-0.035,-0.01,-0.039,-0.04,-0.04,0.017,-0.141,-0.003,0,-0.001,,,,,,,,,,,,,,,,,,,,,,,,,,,,,,,,,,,,,,,,,,,,,,,,,,,,,,,,,,,,,,,,,,,,,,,,,,,,,,,,,,,,,,,,,,,,,,,,,,,,,,,,,,,,,,,,,,,,,,,,,,,,,,,,,,,,,,,,,,,,,,,,,,,,,,,,,,,,,,,,,,,,,,,,,,,,,,,,,,,,,,,,,,,,,,,,,,,,,,,,,,,,,,,,,,,,,,,,,,,,,,,,,,,,,,,,,,,,,,,,,,,,,,,,,,,,,,,,,,,,,,,,,,,,,,,,,,,,,,,,,,,,,,,,,,,,,,,,,,,,,,,,,,,,,,,,,,,,,,,,,,,,,,,,,,,,,,,,,,,,,,,,,,,,,,,,,,,,,,,,,,,,,,,,,,,,,,,,,,,,,,,,,,,,,,,,,,,,,,,,,,,,,,,,,,,,,,,,,,,,,,,,,,,,,,,,,,,,,,,,,,,,,,,,,,,,,,,,,,,,,,,,,,,,,,,,,,,,,,,,,,,,,,,,,,,,,,,,,,,,,,,,,,,,,,,,,,,,,,,,,,,,,,,,,,,,,,,,,,,,,,,,,,,,,,,,,,,,,,,,,,,,,,,,,,,,,,,,,,,,,,,,,,,,,,,,,,,,,,,,,,,,,,,,,,,,,,,,,,,,,,,,,,,,,,,,,,,,,,,,,,,,,,,,,,,,,,,-0.032,-0.097,0.12,-0.163,0.048,0.037,0.032,-0.02,0.05,0.03,-0.034,-0.008,0.092,0.361,0.117,-0.115,-0.163,-0.02,0.231,0.023,-0.237,-0.011,0.12,0.032,-0.008,-0.115,-0.034,0.117,0.037,0.037,-0.097,0.037,0.048,0.048,-0.044,0.037,-0.032,0.048,0.03,0.361,0.05,0.092,0.303,0.52,0.303,0.52,0.01,0.003,-0.004,0,0,0,0,-0.005,-0.005,0,-0.001,-0.083,-0.23,0,0,0.259,-0.083,0.003,0,0.247,0.259,,,,,,,,,,,,,,,,,,,,,,,,,,,,,,,,,0,0,0,0,0.141,0.216,0.113,0.144,0.01,-0.004,-0.003,0.013,-0.001,0.013,-0.002,0.017,0.117,0.005,0.013,0.003,0.013,-0.014,,,,,,-0.029,-0.041,-0.133,-0.029,-0.029,0.018,0,0,0,0,0,0,0,0,,,,,,,,,0.008,-0.137,0.008,-0.137,0,0,0,0,0,0,0,0,,,,,,,,,,,,,,,,,,,,,,,,,,,,,,,,,,,,,,,,,,,,,,,,,,,,,,,,,,,,,,,,,,,,,,,,,,,,,,,,,,,,,,0
835,,,,,,,,,,,,,,,,,,,,,,,,,,,,,,,,,,,,,,,,,,,,,,,,,,,,,,,,,,,,,,,,,,,,,,,,,,,,,,,,,,-0.105,-0.14,0.132,0.33,0.002,0,0.022,0.209,-0.227,-0.114,0.034,0.034,-0.122,-0.088,,,,,,,,,,0.012,0.505,0.048,0.224,0,0,0.013,0.258,-0.021,0.162,-0.012,,,-0.01,-0.11,0.014,,,,-0.197,0,0,-0.068,0.114,-0.09,-0.223,-0.065,-0.05,-0.195,0.127,-0.377,0.059,-0.141,-0.143,-0.01,0.011,,,,,,,,,,,,,,,,,,,,,,,,,,,,,,,,,,,,,,,,,,,,,,,,,,,,,,,,,,,,,,,,,,,,,,,,,,,,,,,,,,,,,,,,,,,,,,,,,,,,,,,,,,,,,,,,,,,,,,,,,,,,,,,,,,,,,,,,,,,,,,,,,,,,,,,,,,,,,,,,,,,,,,,,,,,,,,,,,,,,,,,,,,,,,,,,,,,,,,,,,,,,,,,,,,,,,,,,,,,,,,,,,,,,,,,,,,,,,,,,,,,,,,,,,,,,,,,,,,,,,,,,,,,,,,,,,,,,,,,,,,,,,,,,,,,,,,,,,,,,,,,,,,,,,,,,,,,,,,,,,,,,,,,,,,,,,,,,,,,,,,,,,,,,,,,,,,,,,,,,,,,,,,,,,,,,,,,,,,,,,,,,,,,,,,,,,,,,,,,,,,,,,,,,,,,,,,,,,,,,,,,,,,,,,,,,,,,,,,,,,,,,,,,,,,,,,,,,,,,,,,,,,,,,,,,,,,,,,,,,,,,,,,,,,,,,,,,,,,,,,,,,,,,,,,,,,,,,,,,,,,,,,,,,,,,,,,,,,,,,,,,,,,,,,,,,,,,,,,,,,,,,,,,,,,,,,,,,,,,,,,,,-0.147,-0.082,-0.201,-0.137,-0.167,-0.139,-0.05,-0.144,0.053,0.109,0.028,0.052,-0.085,-0.257,-0.017,0.218,-0.137,-0.144,0.042,-0.06,-0.222,-0.135,-0.201,-0.05,0.052,0.218,0.028,-0.017,0.101,0.101,-0.082,-0.139,-0.705,-0.17,0.258,-0.152,-0.147,-0.167,0.109,-0.257,0.053,-0.085,-0.04,0.52,-0.04,0.52,-0.004,0.003,0.02,0,0,0,0,-0.01,-0.01,-0.005,0,-0.083,-0.151,-0.006,-0.005,-0.061,-0.083,-0.011,-0.006,-0.106,-0.061,-0.005,-0.092,0.141,-0.199,-0.006,-0.045,0,0,0.014,-0.098,0,0,0.005,-0.14,0.009,-0.125,0.009,-0.125,0,0,0.013,-0.112,0.012,-0.112,-0.011,-0.101,0,0,-0.186,0.02,0,0,0,0,0,0,0.135,0.119,-0.134,0.079,0.009,-0.015,0.054,0.013,0.025,0.013,0.018,0.012,-0.002,0.007,0.013,0.003,0.013,-0.036,,,,,,-0.119,-0.11,-0.117,-0.119,-0.119,0.043,0,0,0,0,0,0,0,0,,,,,,,,,0.008,-0.057,0.008,-0.057,0,0,0,0,0,0,0,0,,,,,,,,,,,,,,,,,,,,,,,,,,,,,,,,,,,,,,,,,,,,,,,,,,,,,,,,,,,,,,,,,,,,,,,,,,,,,,,,,,,,,,0
842,,,,,,,,,,,,,,,,,,,,,,,,,,,,,,,,,,,,,,,,,,,,,,,,,,,,,,,,,,,,,,,,,,,,,,,,,,,,,,,,,,,,,,,,,,,,,,,,,,,,,,,,,,,,,,,,,,,,,,,,,,,,,,,,,,,,,,,,,,,,,,,,,,,,,,,,,,,,,,,,,,,,,,,,,,,,,,,,,,,,,,,,,,,,,,,,,,,,,,,,,,,,,,,,,,,,,,,,,,,,,,,,,,,,,,,,,,,,,,,,,,,,,,,,,,,,,,,,,,,,,,,,,,,,,,,,,,,,,,,,,,,,,,,,,,,,,,,,,,,,,,,,,,,,,,,,,,,,,,,,,,,,,-0.026,0.003,-0.096,-0.03,-0.001,-0.001,-0.005,-0.011,0.044,-0.06,-0.048,-0.038,0.075,-0.071,0.064,0.002,0.006,-0.008,0.117,0.004,0.003,-0.052,0.347,0.004,0.006,-0.079,0.003,0.09,-0.009,,,,,,,,,,,,,,,,,,,,,,,,,0.351,-0.031,-0.106,-0.034,0.2,0.092,-0.024,-0.081,-0.007,0.049,-0.01,0.044,0.075,-0.011,0,0.347,0.323,-0.193,0.047,-0.032,,,,,,,,,,,,,,,,,,,,,,,,,,,,,,,,,,,,,,,,,,,,,,,,,,,,,,,,,,,,,,,,,,,,,,,,,,,,,,,,,,,,,,,,,,,,,,,,,,,,,,,,,,,,,,,,,,,,,,,,,,,,,,,,,,,,,,,,,,,,,,,,,,,,,,,,,,,,,,,,,,,,,,,,,,,,,,,,,,,,,,,,,,,,,,,,,,,,,,,,,,,,,,,,,,,,,,,,,,,,,,,,,,,,,,,,,,,,,,,,,,,,,,,,,,,,,,,,,,,,,,,,,,,,,,,,,,,,,,,,,,,,,-0.057,0.07,-0.037,-0.09,-0.031,-0.192,0.11,-0.209,-0.035,0.072,-0.102,-0.204,-0.035,-0.034,,,,,,,,,,,,,,,,,,,,,,,,,,,,,-0.216,-0.03,-0.039,-0.207,0.201,0.179,0.05,0.038,-0.012,0.02,0.234,0.269,0.054,0.35,-0.117,-0.115,-0.207,0.038,0.137,0.042,-0.263,0.047,-0.039,0.05,0.269,-0.115,0.234,-0.117,0.063,0.063,-0.03,0.179,-0.005,0.204,-0.022,0.179,-0.216,0.201,0.02,0.35,-0.012,0.054,0.017,-0.48,0.017,-0.48,-0.019,-0.013,-0.02,0,0,0,0,0.004,0.004,0.009,-0.003,-0.002,0.007,0.001,0.009,0.039,-0.002,-0.012,0.001,0.063,0.039,0.009,-0.011,0.146,-0.048,0.002,0.055,0,0,0.013,0.141,0,0,0.004,0.115,0.008,0.155,0.009,0.155,0,0,-0.013,0.085,-0.014,0.085,-0.012,0.069,0,0,0.055,0.003,0,0,0,0,0,0,0.123,0.211,0,-0.067,0.016,0.03,-0.006,0.013,-0.003,0.013,-0.015,0.008,-0.095,-0.007,0.013,-0.001,0.013,0.092,,,,,,0.199,0.163,-0.021,0.199,0.199,-0.063,0,0,0,0,0,0,0,0,,,,,,,,,0.108,0.038,0.108,0.038,0,0,0,0,0,0,0,0,,,,,,,,,,,,,,,,,,,,,,,,,,,,,,,,,,,,,,,,,,,,,,,,,,,,,,,,,,,,,,,,,,,,,,,,,,,,,,,,,,,,,,0
843,-0.042,-0.049,-0.197,-0.179,0.031,0.07,0,-0.032,-0.077,-0.024,0.195,0.195,-0.007,0.051,,,,,,,,,,0.009,-0.128,0.049,-0.324,-0.001,0,0.019,-0.114,0.111,,,0.072,-0.185,,,,0.336,-0.503,-0.012,0.343,0,0.001,,,,,,,,,,,,,-0.001,-0.166,0.025,0.022,0.018,0.017,0.058,-0.006,0.104,0.007,0,0.001,,,,,,,,,,,,,,,,,,,,,,,,,,,,,,,,,,,,,,,,,,,,,,,,,,,,,,,,,,,,,,,,,,,,,,,,,,,,,,,,,,,,,,,,,,,,,,,,,,,,,,,,,,,,,,,,,,,,,,,,,,,,,,,,,,,,,,,,,,,,,,,,,,,,,,,,,,,,,,,,,,,,,,,,,,,,,,,,,,,,,,,,,,,,,,,,,,,,,,,,,,,,,,,,,,,,,,,,,,,,,,,,,,,,,,,,,,,,,,,,,,,,,,,,,,,,,,,,,,,,,,,,,,,,,,,,,,,,,,,,,,,,,,,,,,,,,,,,,,,,,,,,,,,,,,,,,,,,,,,,,,,,,,,,,,,,,,,,,,,,,,,,,,,,,,,,,,,,,,,,,,,,,,,,,,,,,,,,,,,,,,,,,,,,,,,,,,,,,,,,,,,,,,,,,,,,,,,,,,,,,,,,,,,,,,,,,,,,,,,,,,,,,,,,,,,,,,,,,,,,,,,,,,,,,,,,,,,,,,,,,,,,,,,,,,,,,,,,,,,,,,,,,,,,,,,,,,,,,,,,,,,,,,,,,,,,,,,,,,,,,,,,,,,,,,,,,,,,,,,,,,,,,,,,,,,,,,,,,,,,,,,,,,,,,,,,,,,,,,,,,,,,,,,,,,,,,,,,,,,,,,,,,,,,,,,,,,,,,,,,,,,,,,,,,,,,,,,0.182,-0.03,0.184,0.012,0.042,0.036,0.057,0.07,-0.194,-0.157,-0.026,-0.019,0.172,0.238,-0.017,-0.115,0.012,0.07,0.269,0.049,-0.133,0.08,0.184,0.057,-0.019,-0.115,-0.026,-0.017,0.063,0.063,-0.03,0.036,0.109,0.043,-0.022,0.036,0.182,0.042,-0.157,0.238,-0.194,0.172,0.017,-0.48,0.017,-0.48,-0.014,-0.013,-0.039,0,0,0,0,0.001,0.001,0,-0.003,0.106,-0.046,0.002,0,-0.001,0.106,0.019,0.002,-0.047,-0.001,0,0.097,0.041,-0.048,0.002,0.015,0,0,-0.045,-0.093,0,0,-0.005,-0.03,-0.002,-0.044,-0.002,-0.044,0,0,0.013,-0.09,0.012,-0.091,0.019,-0.042,0,0,-0.004,-0.003,0,0,0,0,0,0,0.09,-0.004,0.111,0.165,0.01,-0.015,0.029,0.013,0.013,0.013,-0.015,0.011,-0.024,0,0.013,0.001,0.013,0.063,,,,,,-0.074,-0.056,0.017,-0.074,-0.074,0.043,0,0,0,0,0,0,0,0,0,-0.052,0.03,-0.131,0,0,0,0,,,,,,,,,0,0,0,0,,,,,,,,,,,,,,,,,,,,,,,,,,,,,,,,,,,,,,,,,,,,,,,,,,,,,,,,,,,,,,,,,,,,,,,,,,,,,,,,,,,,,,0
844,-0.01,0.019,-0.161,-0.161,-0.143,-0.112,-0.007,-0.072,-0.097,-0.254,-0.331,-0.331,-0.045,0.074,,,,,,,,,,0.109,-0.229,0.049,-0.109,-0.001,0,0.119,-0.175,0.064,,,-0.199,-0.12,,,,-0.164,0.245,0.007,-0.157,0,0.001,,,,,,,,,,,,,,,,,,,,,,,,,0.145,-0.088,-0.006,-0.112,0.188,0.159,0.02,0.014,-0.063,0.004,0.053,0.008,,,,,,,,,,,,,,,,,,,,,,,,,,,,,,,,,,,,,,,,,,,,,,,,,,,,,,,,,,,,,,,,,,,,,,,,,,,,,,,,,,,,,,,,,,,,,,,,,,,,,,,,,,,,,,,,,,,,,,,,,,,,,,,,,,,,,,,,,,,,,,,,,,,,,,,,,,,,,,,,,,,,,,,,,,,,,,,,,,,,,,,,,,,,,,,,,,,,,,,,,,,,,,,,,,,,,,,,,,,,,,,,,,,,,,,,,,,,,,,,,,,,,,,,,,,,,,,,,,,,,,,,,,,,,,,,,,,,,,,,,,,,,,,,,,,,,,,,,,,,,,,,,,,,,,,,,,,,,,,,,,,,,,,,,,,,,,,,,,,,,,,,,,,,,,,,,,,,,,,,,,,,,,,,,,,,,,,,,,,,,,,,,,,,,,,,,,,,,,,,,,,,,,,,,,,,,,,,,,,,,,,,,,,,,,,,,,,,,,,,,,,,,,,,,,,,,,,,,,,,,,,,,,,,,,,,,,,,,,,,,,,,,,,,,,,,,,,,,,,,,,,,,,,,,,,,,,,,,,,,,,,,,,,,,,,,,,,,,,,,,,,,,,,,,,,,,,,,,,,,,,,,,,,,,,,,,,,,,,,,,,,,,,,,,,,,,,,,,,,,,,,,,,,,,,,,,,,,,,,,,,,,,,,,,,,,,,,,,,,,,,,0.315,0.077,-0.099,-0.038,-0.052,-0.039,0.006,0.025,-0.116,-0.106,-0.011,-0.043,0.137,-0.212,-0.017,0.218,-0.038,0.025,0.102,-0.002,-0.163,0.034,-0.099,0.006,-0.043,0.218,-0.011,-0.017,0.104,0.104,0.077,-0.039,0.146,-0.054,0.015,-0.039,0.315,-0.052,-0.106,-0.212,-0.116,0.137,0.017,-0.48,0.017,-0.48,-0.009,-0.009,-0.051,0,0,0,0,-0.013,-0.013,0.004,-0.003,0.025,0.164,0.001,0.004,-0.141,0.025,-0.013,0.001,-0.028,-0.141,0.004,0.016,-0.197,-0.048,0.001,-0.125,0,0,-0.035,-0.088,0,0,0.004,-0.058,-0.002,-0.084,-0.003,-0.084,0,0,0.012,-0.051,0.011,-0.051,-0.013,-0.023,0,0,-0.007,0.01,0,0,0,0,0,0,-0.248,-0.109,0.066,0.068,0.009,-0.046,0.028,0.013,0.013,0.013,0.121,0.015,0.063,-0.013,0.013,-0.005,0.013,-0.056,,,,,,-0.119,-0.087,0.224,-0.119,-0.119,-0.055,0,0,0,0,0,0,0,0,0,-0.045,0.03,-0.113,0,0,0,0,,,,,,,,,0,0,0,0,,,,,,,,,,,,,,,,,,,,,,,,,,,,,,,,,,,,,,,,,,,,,,,,,,,,,,,,,,,,,,,,,,,,,,,,,,,,,,,,,,,,,,0
845,,,,,,,,,,,,,,,,,,,,,,,,,,,,,,,,,,,,,,,,,,,,,,,,,,,,,,,,,,,,,,,,,,,,,,,,,,,,,,,,,,0.035,0.033,0.14,0.312,0.113,0.154,0.006,0.053,-0.069,-0.019,0.277,0.277,0.16,0.171,0.033,-0.26,-0.034,-0.013,0.008,0,0.043,-0.189,-0.004,,,,,,,,,,,,0.169,0.109,-0.01,0.076,0.168,,,,-0.197,0,0,,,,,,,,,,,,,,,-0.001,0.055,-0.005,-0.069,-0.048,-0.048,-0.043,0.341,-0.285,-0.046,-0.082,-0.016,-0.02,0.002,,,,,,,,,,,,,,,,,,,,,,,,,,,,,,,,,,,,,,,,,,,,,,,,,,,,,,,,,,,,,,,,,,,,,,,,,,,,,,,,,,,,,,,,,,,,,,,,,,,,,,,,,,,,,,,,,,,,,,,,,,,,,,,,,,,,,,,,,,,,,,,,,,,,,,,,,,,,,,,,,,,,,,,,,,,,,,,,,,,,,,,,,,,,,,,,,,,,,,,,,,,,,,,,,,,,,,,,,,,,,,,,,,,,,,,,,,,,,,,,,,,,,,,,,,,,,,,,,,,,,,,,,,,,,,,,,,,,,,,,,,,,,,,,,,,,,,,,,,,,,,,,,,,,,,,,,,,,,,,,,,,,,,,,,,,,,,,,,,,,,,,,,,,,,,,,,,,,,,,,,,,,,,,,,,,,,,,,,,,,,,,,,,,,,,,,,,,,,,,,,,,,,,,,,,,,,,,,,,,,,,,,,,,,,,,,,,,,,,,,,,,,,,,,,,,,,,,,,,,,,,,,,,,,,,,,,,,,,,,,,,,,,,,,,,,,,,,,,,,,,,,,,,,,,,,,,,,,,,,,,,,,,,,,,,,,,,,,,,,,,,,,,,,,,,,,,,,,,,,,,,,,,,,,,,0.182,-0.03,-0.039,0.012,-0.032,-0.021,-0.144,-0.085,-0.038,-0.031,0.054,0.096,0.113,0.294,-0.05,-0.115,0.012,-0.085,-0.258,-0.123,0.258,-0.109,-0.039,-0.144,0.096,-0.115,0.054,-0.05,0.063,0.063,-0.03,-0.021,0.109,-0.033,-0.022,-0.02,0.182,-0.032,-0.031,0.294,-0.038,0.113,0.017,-0.48,0.017,-0.48,-0.009,-0.005,0.016,0,0,0,0,0.002,0.002,-0.003,-0.002,0.16,-0.072,-0.004,-0.003,-0.041,0.16,-0.001,-0.004,0.095,-0.041,-0.003,0.151,0.001,-0.018,-0.003,-0.025,0,0,0.055,0.055,0,0,0.008,-0.034,0.002,-0.016,0.002,-0.016,0,0,-0.004,0.098,-0.005,0.098,-0.002,0.101,0,0,-0.045,0.02,0,0,0,0,0,0,0.116,0.051,0.106,0.071,0.01,-0.024,0.029,0.013,0.013,0.013,0.011,0.005,-0.117,0.045,0.013,0.021,0.013,0.086,,,,,,0.017,-0.008,-0.092,0.017,0.017,-0.047,0,0,0,0,0,0,0,0,,,,,,,,,0.008,0.154,0.008,0.154,0,0,0,0,0,0,0,0,,,,,,,,,,,,,,,,,,,,,,,,,,,,,,,,,,,,,,,,,,,,,,,,,,,,,,,,,,,,,,,,,,,,,,,,,,,,,,,,,,,,,,0
851,,,,,,,,,,,,,,,,,,,,,,,,,,,,,,,,,,,,,,,,,,,,,,,,,,,,,,,,,,,,,,,,,,,,,,,,,,,,,,,,,,0.053,0.033,-0.065,-0.119,0.169,0.231,-0.01,-0.041,0.164,0.171,0.178,0.178,0.08,0.057,0.033,0.319,0.066,-0.038,0.007,0,0.043,0.177,-0.004,,,,,,,,,,,,0.16,0.163,-0.01,0.079,0.021,,,,-0.197,0,0,,,,,,,,,,,,,,,,,,,,,,,,,,,,,0.071,-0.048,0.035,-0.04,0.215,0.276,0.035,-0.007,0.233,0.053,0.232,-0.02,0.247,0.124,,,,,,,,,,,,,,,,,,,,,,,,,,,,,,,,,,,,,,,,,,,,,,,,,,,,,,,,,,,,,,,,,,,,,,,,,,,,,,,,,,,,,,,,,,,,,,,,,,,,,,,,,,,,,,,,,,,,,,,,,,,,,,,,,,,,,,,,,,,,,,,,,,,,,,,,,,,,,,,,,,,,,,,,,,,,,,,,,,,,,,,,,,,,,,,,,,,,,,,,,,,,,,,,,,,,,,,,,,,,,,,,,,,,,,,,,,,,,,,,,,,,,,,,,,,,,,,,,,,,,,,,,,,,,,,,,,,,,,,,,,,,,,,,,,,,,,,,,,,,,,,,,,,,,,,,,,,,,,,,,,,,,,,,,,,,,,,,,,,,,,,,,,,,,,,,,,,,,,,,,,,,,,,,,,,,,,,,,,,,,,,,,,,,,,,,,,,,,,,,,,,,,,,,,,,,,,,,,,,,,,,,,,,,,,,,,,,,,,,,,,,,,,,,,,,,,,,,,,,,,,,,,,,,,,,,,,,,,,,,,,,,,,,,,,,,,,,,,,,,,,,,,,,,,,,,,,0.169,-0.095,0.277,0.107,-0.031,0.077,-0.277,-0.022,-0.035,-0.054,0.254,0.124,-0.137,0.907,,,,,,,,,,,,,,,,,,,,,,,,,,,,,0.315,-0.03,-0.039,0.012,-0.017,-0.012,0.032,0.025,0.04,0.045,0.034,0.02,0.066,0.238,-0.05,-0.115,0.012,0.025,0.137,0.023,-0.133,0.034,-0.039,0.032,0.02,-0.115,0.034,-0.05,0.063,0.063,-0.03,-0.012,0.146,-0.017,-0.022,-0.012,0.315,-0.017,0.045,0.238,0.04,0.066,0.017,-0.48,0.017,-0.48,-0.009,-0.009,-0.024,0,0,0,0,0.039,0.039,0.002,-0.001,-0.083,-0.02,0.005,0.002,-0.181,-0.083,0.002,0.005,-0.18,-0.181,0.002,-0.092,0.011,-0.018,0.006,-0.165,0,0,-0.021,-0.012,0,0,0.009,0.064,0.003,0.031,0.003,0.031,0,0,-0.001,-0.13,-0.002,-0.13,0.002,-0.175,0,0,0.024,0.006,0,0,0,0,0,0,0.155,0.164,0.069,-0.034,0.016,0.022,-0.009,0.013,-0.003,0.013,-0.015,0.016,0.029,0.019,0.013,0.009,0.013,-0.043,,,,,,0.199,0.155,-0.126,0.199,0.199,0.051,0,0,0,0,0,0,0,0,0,-0.05,0.03,-0.127,0,0,0,0,,,,,,,,,0,0,0,0,,,,,,,,,,,,,,,,,,,,,,,,,,,,,,,,,,,,,,,,,,,,,,,,,,,,,,,,,,,,,,,,,,,,,,,,,,,,,,,,,,,,,,0
852,0.056,-0.034,-0.197,-0.216,-0.056,0.116,-0.022,-0.032,-0.026,0.04,0.119,0.119,-0.033,-0.171,,,,,,,,,,0.009,-0.255,-0.051,0.54,0,0,-0.081,0.344,0.004,,,0.033,-0.03,,,,-0.164,-0.032,0.012,-0.157,0,0.001,0.174,-0.048,0.015,0.019,0.002,0.041,-0.003,0.008,0.144,-0.018,0,0.004,,,,,,,,,,,,,,,,,,,,,,,,,,,,,,,,,,,,,,,,,,,,,,,,,,,,,,,,,,,,,,,,,,,,,,,,,,,,,,,,,,,,,,,,,,,,,,,,,,,,,,,,,,,,,,,,,,,,,,,,,,,,,,,,,,,,,,,,,,,,,,,,,,,,,,,,,,,,,,,,,,,,,,,,,,,,,,,,,,,,,,,,,,,,,,,,,,,,,,,,,,,,,,,,,,,,,,,,,,,,,,,,,,,,,,,,,,,,,,,,,,,,,,,,,,,,,,,,,,,,,,,,,,,,,,,,,,,,,,,,,,,,,,,,,,,,,,,,,,,,,,,,,,,,,,,,,,,,,,,,,,,,,,,,,,,,,,,,,,,,,,,,,,,,,,,,,,,,,,,,,,,,,,,,,,,,,,,,,,,,,,,,,,,,,,,,,,,,,,,,,,,,,,,,,,,,,,,,,,,,,,,,,,,,,,,,,,,,,,,,,,,,,,,,,,,,,,,,,,,,,,,,,,,,,,,,,,,,,,,,,,,,,,,,,,,,,,,,,,,,,,,,,,,,,,,,,,,,,,,,,,,,,,,,,,,,,,,,,,,,,,,,,,,,,,,,,,,,,,,,,,,,,,,,,,,,,,,,,,,,,,,,,,,,,,,,,,,,,,,,,,,,,,,,,,,,,,,,,,,,,,,,,,,,,,,,,,,,,,,,,,,,,,,,,,,,,,,,,,,,,,,,,,,-0.147,0.026,-0.091,-0.137,-0.088,-0.09,0.019,-0.027,0.053,0.058,0.028,0.07,-0.167,-0.257,-0.017,-0.115,-0.137,-0.027,0.107,0.011,-0.222,-0.018,-0.091,0.019,0.07,-0.115,0.028,-0.017,0.101,0.101,0.026,-0.09,0.015,-0.089,-0.002,-0.09,-0.147,-0.088,0.058,-0.257,0.053,-0.167,-0.04,0.52,-0.04,0.52,0.02,0.011,0.027,0,0,0,0,-0.005,-0.005,0,-0.002,-0.083,0.033,0.002,0,0.139,-0.083,-0.011,0.002,-0.125,0.139,0,-0.092,0.146,0.104,0.002,0.155,0,0,0.004,-0.002,0,0,0.005,-0.007,-0.002,0,-0.002,0,0,0,-0.012,-0.099,-0.013,-0.099,-0.011,-0.12,0,0,-0.186,0.026,0,0,0,0,0,0,0.109,-0.011,-0.021,-0.141,0.01,-0.004,0.066,0.013,0.029,0.013,0.018,0.012,-0.002,-0.026,0.013,-0.011,0.013,-0.049,,,,,,-0.074,-0.047,0.156,-0.074,-0.074,-0.03,0,0,0,0,0,0,0,0,0,0.004,0.03,0.01,0,0,0,0,,,,,,,,,0,0,0,0,,,,,,,,,,,,,,,,,,,,,,,,,,,,,,,,,,,,,,,,,,,,,,,,,,,,,,,,,,,,,,,,,,,,,,,,,,,,,,,,,,,,,,0
855,0.01,-0.026,0.348,0.33,0.074,0.025,-0.015,-0.032,-0.005,0.077,0.163,0.163,-0.163,0.14,,,,,,,,,,-0.091,0.252,-0.051,0.336,0.007,0,-0.081,0.05,-0.036,,,-0.014,-0.066,0.164,-0.309,0.095,,,,-0.157,0,0.001,,,,,,,,,,,,,,,,,,,,,,,,,0.101,-0.037,0.039,-0.003,0.088,0.081,0.114,-0.051,0.306,0.088,0.063,0.225,,,,,,,,,,,,,,,,,,,,,,,,,,,,,,,,,,,,,,,,,,,,,,,,,,,,,,,,,,,,,,,,,,,,,,,,,,,,,,,,,,,,,,,,,,,,,,,,,,,,,,,,,,,,,,,,,,,,,,,,,,,,,,,,,,,,,,,,,,,,,,,,,,,,,,,,,,,,,,,,,,,,,,,,,,,,,,,,,,,,,,,,,,,,,,,,,,,,,,,,,,,,,,,,,,,,,,,,,,,,,,,,,,,,,,,,,,,,,,,,,,,,,,,,,,,,,,,,,,,,,,,,,,,,,,,,,,,,,,,,,,,,,,,,,,,,,,,,,,,,,,,,,,,,,,,,,,,,,,,,,,,,,,,,,,,,,,,,,,,,,,,,,,,,,,,,,,,,,,,,,,,,,,,,,,,,,,,,,,,,,,,,,,,,,,,,,,,,,,,,,,,,,,,,,,,,,,,,,,,,,,,,,,,,,,,,,,,,,,,,,,,,,,,,,,,,,,,,,,,,,,,,,,,,,,,,,,,,,,,,,,,,,,,,,,,,,,,,,,,,,,,,,,,,,,,,,,,,,,,,,,,,,,,,,,,,,,,,,,,,,,,,,,,,,,,,,,,,,,,,,,,,,,,,,,,,,,,,,,,,,,,,,,,,,,,,,,,,,,,,,0.109,-0.055,-0.002,-0.054,-0.031,0.239,-0.181,-0.099,-0.035,0.081,-0.006,-0.011,0.175,-0.034,,,,,,,,,,,,,,,,,,,,,,,,,,,,,0.359,0.113,-0.119,0.04,-0.036,-0.028,0.12,0.109,0.178,0.205,-0.152,-0.16,-0.014,-0.2,0.283,-0.115,0.04,0.109,0.09,0.112,-0.117,0.118,-0.119,0.12,-0.16,-0.115,-0.152,0.283,-0.702,-0.702,0.113,-0.028,0.159,-0.037,0.028,-0.028,0.359,-0.036,0.205,-0.2,0.178,-0.014,-0.183,0.52,-0.183,0.52,,,,0,0,0,0,-0.003,-0.003,0,0.002,0.025,0.322,-0.001,0,-0.041,0.025,0.031,-0.001,0.164,-0.041,,,,,,,,,,,,,,,,,,,,,,,,,,,,,,,,,0,0,0,0,-0.083,-0.151,0.087,-0.019,0.012,0.002,0.08,0.013,0.037,0.013,0.031,0.014,0.024,0.025,0.013,0.011,0.013,-0.024,,,,,,0.153,0.118,-0.078,0.153,0.153,0.026,0,0,0,0,0,0,0,0,,,,,,,,,0.108,-0.213,0.108,-0.213,-0.001,0,0,0,0,0,0,0,,,,,,,,,,,,,,,,,,,,,,,,,,,,,,,,,,,,,,,,,,,,,,,,,,,,,,,,,,,,,,,,,,,,,,,,,,,,,,,,,,,,,,0
859,,,,,,,,,,,,,,,,,,,,,,,,,,,,,,,,,,,,,,,,,,,,,,,,,,,,,,,,,,,,,,,,,,,,,,,,,,,,,,,,,,,,,,,,,,,,,,,,,,,,,,,,,,,,,,,,,,,,,,,,,,,,,,,,,,,,,,,,,,,,,,,,,,,,,,,,,,,,,,,,,,,,,,,,,,,,,,,,,,,,,,,,,,,,,,,,,,,,,,,,,,,,,,,,,,,,,,,,,,,,,,,,,,,,,,,,,,,,,,,,,,,,,,,,,,,,0.017,0.043,0.108,-0.043,0.194,0.046,0.032,0.005,0.06,-0.045,-0.025,0.008,0.091,-0.066,-0.039,0.105,-0.005,0.026,0.031,-0.333,-0.324,-0.05,-0.113,-0.003,-0.008,-0.094,-0.005,0.177,0.089,,,,,,,,,,,,,,,,,,,,,,,,,-0.111,-0.019,-0.003,-0.026,-0.012,-0.098,-0.001,-0.026,0.065,-0.058,0.046,0.074,0.091,0.1,0,0.115,0.147,-0.098,-0.059,-0.018,,,,,,,,,,,,,,,,,,,,,,,,,,,,,,,,,,,,,,,,,,,,,,,,,,,,,,,,,,,,,,,,,,,,,,,,,,,,,,,,,,,,,,,,,,,,,,,,,,,,,,,,,,,,,,,,,,,,,,,,,,,,,,,,,,,,,,,,,,,,,,,,,,,,,,,,,,,,,,,,,,,,,,,,,,,,,,,,,,,,,,,,,,,,,,,,,,,,,,,,,,,,,,,,,,,,,,,,,,,,,,,,,,,,,,,,,,,,,,,,,,,,,,,,,,,,,,,,,,,,,,,,,,,,,,,,,,,,,,,,,,,,,,,,,,,,,,,,,,,,,,,,,,,,,,,,,,,,,,,,,,,,,,,,,,,,,,,,,,,,,,,,,,,,,,,,,,,,,,-0.092,0.073,-0.104,-0.125,-0.031,-0.141,-0.149,-0.218,-0.035,0.027,-0.066,0.039,-0.063,-0.034,,,,,,,,,,,,,,,,,,,,,,,,,,,,,0.049,-0.139,0.184,-0.097,0.04,0.041,-0.119,-0.033,-0.168,-0.132,0.174,0.135,0.148,0.013,-0.083,-0.115,-0.097,-0.033,-0.324,-0.072,0.388,-0.083,0.184,-0.119,0.135,-0.115,0.174,-0.083,0.063,0.063,-0.139,0.041,0.071,0.04,-0.059,0.042,0.049,0.04,-0.132,0.013,-0.168,0.148,0.017,-0.48,0.017,-0.48,0.053,0.023,0.031,0,0,0,0,0.001,0.001,0.004,0.003,-0.002,0.059,-0.007,0.004,-0.121,-0.002,-0.012,-0.007,-0.116,-0.121,0.004,-0.011,0.054,-0.078,-0.006,-0.105,0,0,-0.103,-0.15,0,0,-0.006,-0.03,0.008,-0.069,0.009,-0.069,0,0,0.012,-0.147,0.011,-0.148,-0.012,-0.11,0,0,-0.006,0.01,0,0,0,0,0,0,0.115,0.096,-0.039,-0.091,0.013,0.013,0.03,0.013,0.015,0.013,-0.015,0.015,0.061,0.074,0.013,0.035,0.013,0.018,,,,,,-0.074,-0.086,-0.083,-0.074,-0.074,0.067,0,0,0,0,0,0,0,0,0,-0.052,0.03,-0.133,0,0,0,0,,,,,,,,,0,0,0,0,,,,,,,,,,,,,,,,,,,,,,,,,,,,,,,,,,,,,,,,,,,,,,,,,,,,,,,,,,,,,,,,,,,,,,,,,,,,,,,,,,,,,,0
860,-0.088,-0.093,0.312,0.312,-0.056,-0.248,0.037,0.168,0.01,0.152,-0.025,-0.025,0.016,0.23,-0.013,0.067,0.008,-0.248,-0.004,0,0.01,-0.003,0.061,,,,,,,,,,,,0.171,0.022,,,,-0.164,0.439,-0.018,0.343,0,0.001,,,,,,,,,,,,,,,,,,,,,,,,,0.003,0.1,0.002,-0.116,0.088,0.099,0.036,-0.078,0.042,0.024,0.034,0.041,,,,,,,,,,,,,,,,,,,,,,,,,,,,,,,,,,,,,,,,,,,,,,,,,,,,,,,,,,,,,,,,,,,,,,,,,,,,,,,,,,,,,,,,,,,,,,,,,,,,,,,,,,,,,,,,,,,,,,,,,,,,,,,,,,,,,,,,,,,,,,,,,,,,,,,,,,,,,,,,,,,,,,,,,,,,,,,,,,,,,,,,,,,,,,,,,,,,,,,,,,,,,,,,,,,,,,,,,,,,,,,,,,,,,,,,,,,,,,,,,,,,,,,,,,,,,,,,,,,,,,,,,,,,,,,,,,,,,,,,,,,,,,,,,,,,,,,,,,,,,,,,,,,,,,,,,,,,,,,,,,,,,,,,,,,,,,,,,,,,,,,,,,,,,,,,,,,,,,,,,,,,,,,,,,,,,,,,,,,,,,,,,,,,,,,,,,,,,,,,,,,,,,,,,,,,,,,,,,,,,,,,,,,,,,,,,,,,,,,,,,,,,,,,,,,,,,,,,,,,,,,,,,,,,,,,,,,,,,,,,,,,,,,,,,,,,,,,,,,,,,,,,,,,,,,,,,,,,,,,,,,,,,,,,,,,,,,,,,,,,,,,,,,,,,,,,,,,,,,,,,,,,,,,,,,,,,,,,,,,,,,,,,,,,,,,,,,,,,,,,,,,,,,,,,,,,,,,,,,,,,,,,,,,,,,,,,,,,,,,,,,0.182,0.077,0.342,0.07,-0.032,-0.018,-0.038,0.012,-0.116,-0.106,-0.07,-0.1,0.148,-0.156,-0.017,0.218,0.07,0.012,-0.223,-0.028,0.48,0.002,0.342,-0.038,-0.1,0.218,-0.07,-0.017,0.104,0.104,0.077,-0.018,-0.043,-0.033,0.015,-0.018,0.182,-0.032,-0.106,-0.156,-0.116,0.148,0.017,-0.48,0.017,-0.48,-0.033,-0.024,-0.086,0,0,0,0,-0.022,-0.022,0.001,0.001,0.052,-0.099,0.004,0.001,-0.061,0.052,-0.002,0.004,0.073,-0.061,0.001,0.043,-0.095,-0.078,0.004,-0.045,0,0,0.075,-0.049,0,0,-0.002,-0.133,0.001,-0.087,0.001,-0.087,0,0,-0.004,0.063,-0.005,0.063,-0.002,0.078,0,0,0.198,-0.008,0,0,0,0,0,0,0.089,0.119,-0.049,-0.064,0.012,0.022,0.084,0.013,0.039,0.013,-0.015,0.009,-0.036,0.035,0.013,0.017,0.013,-0.007,,,,,,-0.165,-0.126,0.263,-0.165,-0.165,0.108,0,0,0,0,0,0,0,0,0,-0.061,0.03,-0.156,0,0,0,0,,,,,,,,,0,0,0,0,,,,,,,,,,,,,,,,,,,,,,,,,,,,,,,,,,,,,,,,,,,,,,,,,,,,,,,,,,,,,,,,,,,,,,,,,,,,,,,,,,,,,,0
861,-0.023,-0.049,-0.015,-0.016,-0.1,-0.294,0.008,0.048,-0.189,-0.104,0.015,0.015,-0.104,0.005,,,,,,,,,,0.009,-0.203,-0.051,0.344,0.005,0,0.019,-0.249,0.001,,,0.059,-0.064,,,,-0.164,0.004,-0.029,-0.157,0,0.001,,,,,,,,,,,,,,,,,,,,,,,,,-0.114,-0.048,-0.001,-0.045,0.188,0.216,0.18,0.33,-0.091,0.111,0.192,0.03,,,,,,,,,,,,,,,,,,,,,,,,,,,,,,,,,,,,,,,,,,,,,,,,,,,,,,,,,,,,,,,,,,,,,,,,,,,,,,,,,,,,,,,,,,,,,,,,,,,,,,,,,,,,,,,,,,,,,,,,,,,,,,,,,,,,,,,,,,,,,,,,,,,,,,,,,,,,,,,,,,,,,,,,,,,,,,,,,,,,,,,,,,,,,,,,,,,,,,,,,,,,,,,,,,,,,,,,,,,,,,,,,,,,,,,,,,,,,,,,,,,,,,,,,,,,,,,,,,,,,,,,,,,,,,,,,,,,,,,,,,,,,,,,,,,,,,,,,,,,,,,,,,,,,,,,,,,,,,,,,,,,,,,,,,,,,,,,,,,,,,,,,,,,,,,,,,,,,,,,,,,,,,,,,,,,,,,,,,,,,,,,,,,,,,,,,,,,,,,,,,,,,,,,,,,,,,,,,,,,,,,,,,,,,,,,,,,,,,,,,,,,,,,,,,,,,,,,,,,,,,,,,,,,,,,,,,,,,,,,,,,,,,,,,,,,,,,,,,,,,,,,,,,,,,,,,,,,,,,,,,,,,,,,,,,,,,,,,,,,,,,,,,,,,,,,,,,,,,,,,,,,,,,,,,,,,,,,,,,,,,,,,,,,,,,,,,,,,,,,,,,,,,,,,,,,,,,,,,,,,,,,,,,,,,,,,,,,,,,,,,,-0.032,-0.206,0.12,0.165,-0.024,-0.028,0.025,0.051,-0.184,-0.147,-0.054,-0.046,0.045,-0.032,-0.05,-0.115,0.165,0.051,0.231,0.017,-0.042,0.06,0.12,0.025,-0.046,-0.115,-0.054,-0.05,0.037,0.037,-0.206,-0.028,0.048,-0.024,-0.082,-0.028,-0.032,-0.024,-0.147,-0.032,-0.184,0.045,0.303,0.52,0.303,0.52,0.048,0.027,0.067,0,0,0,0,-0.005,-0.005,0.001,0.001,-0.056,0.033,0.004,0.001,0.079,-0.056,0.029,0.004,0.022,0.079,,,,,,,,,,,,,,,,,,,,,,,,,,,,,,,,,0,0,0,0,0.153,0.222,-0.091,-0.151,0.017,0.03,-0.009,0.013,-0.005,0.013,0.064,0.012,-0.033,0.003,0.013,0.003,0.013,0.063,,,,,,0.017,0.012,-0.06,0.017,0.017,-0.112,0,0,0,0,0,0,0,0,,,,,,,,,0.008,-0.069,0.008,-0.069,0,0,0,0,0,0,0,0,,,,,,,,,,,,,,,,,,,,,,,,,,,,,,,,,,,,,,,,,,,,,,,,,,,,,,,,,,,,,,,,,,,,,,,,,,,,,,,,,,,,,,0
862,,,,,,,,,,,,,,,,,,,,,,,,,,,,,,,,,,,,,,,,,,,,,,,,,,,,,,,,,,,,,,,,,,,,,,,,,,,,,,,,,,-0.136,-0.154,0.074,0.157,0.002,0,0.022,0.147,-0.187,-0.159,-0.202,-0.201,0.212,0.126,,,,,,,,,,0.012,0.092,0.048,-0.139,-0.003,0,0.013,0.027,0.382,0,-0.033,,,-0.01,0.099,-0.034,,,,-0.197,0,0,,,,,,,,,,,,,,,,,,,,,,,,,,,,,-0.01,-0.235,0.003,0.006,0.306,0.253,-0.053,0.018,-0.027,0.047,0.014,-0.108,0.277,-0.146,,,,,,,,,,,,,,,,,,,,,,,,,,,,,,,,,,,,,,,,,,,,,,,,,,,,,,,,,,,,,,,,,,,,,,,,,,,,,,,,,,,,,,,,,,,,,,,,,,,,,,,,,,,,,,,,,,,,,,,,,,,,,,,,,,,,,,,,,,,,,,,,,,,,,,,,,,,,,,,,,,,,,,,,,,,,,,,,,,,,,,,,,,,,,,,,,,,,,,,,,,,,,,,,,,,,,,,,,,,,,,,,,,,,,,,,,,,,,,,,,,,,,,,,,,,,,,,,,,,,,,,,,,,,,,,,,,,,,,,,,,,,,,,,,,,,,,,,,,,,,,,,,,,,,,,,,,,,,,,,,,,,,,,,,,,,,,,,,,,,,,,,,,,,,,,,,,,,,,,,,,,,,,,,,,,,,,,,,,,,,,,,,,,,,,,,,,,,,,,,,,,,,,,,,,,,,,,,,,,,,,,,,,,,,,,,,,,,,,,,,,,,,,,,,,,,,,,,,,,,,,,,,,,,,,,,,,,,,,,,,,,,,,,,,,,,,,,,,,,,,,,,,,,,,,,,,,,,,,,,,,,,,,,,,,,,,,,,,,,,,,,,,,,,,,,,,,,,-0.084,-0.139,0.232,0.393,0.032,0.023,0,0.064,-0.064,-0.056,0.245,0.241,0.125,-0.099,-0.05,0.218,0.393,0.064,-0.028,0.023,0.416,0.041,0.232,0,0.241,0.218,0.245,-0.05,0.104,0.104,-0.139,0.023,0.033,0.032,-0.059,0.023,-0.084,0.032,-0.056,-0.099,-0.064,0.125,0.017,-0.48,0.017,-0.48,-0.019,-0.013,-0.043,-0.001,0,0,0,-0.009,-0.009,-0.002,0.002,0.079,0.112,0.006,-0.002,-0.141,0.079,0.038,0.006,-0.038,-0.141,-0.002,0.07,-0.153,-0.048,0.007,-0.125,0,0,-0.019,-0.093,0,0,0.001,-0.026,-0.006,-0.053,-0.006,-0.053,0,0,0.004,-0.069,0.003,-0.069,0.037,-0.032,0,0,0.095,0.011,0,0,0,0,0,0,-0.047,0.029,0.072,0.018,0.011,-0.015,0.066,0.013,0.031,0.013,-0.015,0.015,0.052,-0.016,0.013,-0.007,0.013,-0.056,,,,,,0.108,0.09,-0.101,0.108,0.108,0.108,0,0,0,0,0,0,0,0,0,0.05,0.03,0.127,0,0,0,0,,,,,,,,,0,0,0,0,,,,,,,,,,,,,,,,,,,,,,,,,,,,,,,,,,,,,,,,,,,,,,,,,,,,,,,,,,,,,,,,,,,,,,,,,,,,,,,,,,,,,,0
865,-0.01,0.004,0.33,0.294,0.031,0.161,0.022,0.128,0.041,-0.067,-0.15,-0.15,-0.056,-0.148,,,,,,,,,,0.009,-0.205,-0.051,0.381,-0.002,0,0.019,-0.244,0.103,,,0.041,-0.178,0.164,-0.277,-0.118,,,,0.343,0,0.001,,,,,,,,,,,,,0.007,-0.033,-0.006,-0.002,-0.001,-0.008,0.016,-0.019,-0.006,0.001,0,-0.002,,,,,,,,,,,,,,,,,,,,,,,,,,,,,,,,,,,,,,,,,,,,,,,,,,,,,,,,,,,,,,,,,,,,,,,,,,,,,,,,,,,,,,,,,,,,,,,,,,,,,,,,,,,,,,,,,,,,,,,,,,,,,,,,,,,,,,,,,,,,,,,,,,,,,,,,,,,,,,,,,,,,,,,,,,,,,,,,,,,,,,,,,,,,,,,,,,,,,,,,,,,,,,,,,,,,,,,,,,,,,,,,,,,,,,,,,,,,,,,,,,,,,,,,,,,,,,,,,,,,,,,,,,,,,,,,,,,,,,,,,,,,,,,,,,,,,,,,,,,,,,,,,,,,,,,,,,,,,,,,,,,,,,,,,,,,,,,,,,,,,,,,,,,,,,,,,,,,,,,,,,,,,,,,,,,,,,,,,,,,,,,,,,,,,,,,,,,,,,,,,,,,,,,,,,,,,,,,,,,,,,,,,,,,,,,,,,,,,,,,,,,,,,,,,,,,,,,,,,,,,,,,,,,,,,,,,,,,,,,,,,,,,,,,,,,,,,,,,,,,,,,,,,,,,,,,,,,,,,,,,,,,,,,,,,,,,,,,,,,,,,,,,,,,,,,,,,,,,,,,,,,,,,,,,,,,,,,,,,,,,,,,,,,,,,,,,,,,,,,,,,,,,,,,,,,,,,,,,,,,,,,,,,,,,,,,,,,,,,,,,,,,,,,,,,,,,,,-0.216,0.077,0.093,-0.066,0.124,0.136,-0.1,-0.079,-0.142,-0.157,0.102,0.16,0.195,0.125,-0.05,-0.115,-0.066,-0.079,0.215,-0.111,0.014,-0.083,0.093,-0.1,0.16,-0.115,0.102,-0.05,0.082,0.082,0.077,0.136,-0.005,0.126,0.015,0.136,-0.216,0.124,-0.157,0.125,-0.142,0.195,0.017,-0.48,0.017,-0.48,-0.023,-0.02,-0.075,0,0,0,0,0.004,0.004,-0.005,-0.003,0.025,0.007,-0.006,-0.005,-0.021,0.025,-0.011,-0.006,0.017,-0.021,-0.005,0.016,0.027,0.013,-0.006,-0.005,0,0,0.023,0.094,0,0,0.005,0.084,0.008,0.111,0.009,0.111,0,0,0.013,0.028,0.012,0.028,-0.011,0.023,0,0,0.057,-0.001,0,0,0,0,0,0,-0.005,-0.062,0.108,0.181,0.014,-0.001,0.017,0.013,0.009,0.013,-0.002,0.015,0.097,-0.011,0.013,-0.007,0.013,-0.001,,,,,,-0.074,-0.067,-0.035,-0.074,-0.074,-0.055,0,0,0,0,0,0,0,0,,,,,,,,,0.108,0.108,0.108,0.108,0,0,0,0,0,0,0,0,,,,,,,,,,,,,,,,,,,,,,,,,,,,,,,,,,,,,,,,,,,,,,,,,,,,,,,,,,,,,,,,,,,,,,,,,,,,,,,,,,,,,,0
867,0.01,0.011,0.294,0.312,0.031,0.116,0.022,0.088,0.107,0.04,0.012,0.012,0.008,-0.192,-0.013,-0.101,0.008,-0.179,0,0,-0.09,0.575,-0.074,,,,,,,,,,,,0.057,0.349,,,,0.336,-0.447,-0.018,-0.157,0,0.001,-0.076,-0.025,0.023,-0.054,0,-0.011,-0.077,0.008,-0.264,-0.048,0,0.001,,,,,,,,,,,,,,,,,,,,,,,,,,,,,,,,,,,,,,,,,,,,,,,,,,,,,,,,,,,,,,,,,,,,,,,,,,,,,,,,,,,,,,,,,,,,,,,,,,,,,,,,,,,,,,,,,,,,,,,,,,,,,,,,,,,,,,,,,,,,,,,,,,,,,,,,,,,,,,,,,,,,,,,,,,,,,,,,,,,,,,,,,,,,,,,,,,,,,,,,,,,,,,,,,,,,,,,,,,,,,,,,,,,,,,,,,,,,,,,,,,,,,,,,,,,,,,,,,,,,,,,,,,,,,,,,,,,,,,,,,,,,,,,,,,,,,,,,,,,,,,,,,,,,,,,,,,,,,,,,,,,,,,,,,,,,,,,,,,,,,,,,,,,,,,,,,,,,,,,,,,,,,,,,,,,,,,,,,,,,,,,,,,,,,,,,,,,,,,,,,,,,,,,,,,,,,,,,,,,,,,,,,,,,,,,,,,,,,,,,,,,,,,,,,,,,,,,,,,,,,,,,,,,,,,,,,,,,,,,,,,,,,,,,,,,,,,,,,,,,,,,,,,,,,,,,,,,,,,,,,,,,,,,,,,,,,,,,,,,,,,,,,,,,,,,,,,,,,,,,,,,,,,,,,,,,,,,,,,,,,,,,,,,,,,,,,,,,,,,,,,,,,,,,,,,,,,,,,,,,,,,,,,,,,,,,,,,,,,,,,,,,,,,,,,,,,,,,,,,,,,,,,,,0.049,-0.03,-0.017,0.258,0.03,0.009,-0.1,-0.053,-0.142,-0.132,0.082,0.103,0.137,0.294,-0.05,-0.115,0.258,-0.053,-0.11,-0.091,0.271,-0.063,-0.017,-0.1,0.103,-0.115,0.082,-0.05,0.082,0.082,-0.03,0.009,0.071,0.03,-0.022,0.009,0.049,0.03,-0.132,0.294,-0.142,0.137,0.017,-0.48,0.017,-0.48,-0.009,-0.005,-0.02,-0.001,0,0,0,-0.011,-0.011,0,0,0.106,-0.02,0.002,0,0.039,0.106,0.019,0.002,-0.015,0.039,0,0.097,0.05,0.013,0.002,0.055,0,0,-0.006,0.032,0,0,-0.005,-0.018,-0.002,0.018,-0.002,0.018,0,0,-0.012,0.019,-0.013,0.019,0.019,-0.009,0,0,0.057,-0.007,0,0,0,0,0,0,0.095,-0.002,-0.161,-0.116,0.012,-0.032,-0.056,0.013,-0.025,0.013,0.051,0.015,0.018,-0.048,0.013,-0.021,0.013,-0.014,,,,,,-0.029,-0.045,-0.051,-0.029,-0.029,0.148,0,0,0,0,0,0,0,0,0,0.013,0.03,0.034,0,0,0,0,,,,,,,,,0,0,0,0,,,,,,,,,,,,,,,,,,,,,,,,,,,,,,,,,,,,,,,,,,,,,,,,,,,,,,,,,,,,,,,,,,,,,,,,,,,,,,,,,,,,,,0
869,0.03,-0.026,0.276,0.294,-0.056,-0.203,0.015,0.128,0.183,0.077,0.269,0.269,-0.033,0.098,-0.013,0.018,0.008,-0.235,0.001,0,0.01,-0.079,0.061,,,,,,,,,,,,0.25,-0.067,0.164,0.262,0.187,,,,0.343,0,0.001,0.092,-0.081,-0.032,0.077,-0.001,-0.026,0.132,-0.004,0.191,0.108,0,0.002,,,,,,,,,,,,,,,,,,,,,,,,,,,,,,,,,,,,,,,,,,,,,,,,,,,,,,,,,,,,,,,,,,,,,,,,,,,,,,,,,,,,,,,,,,,,,,,,,,,,,,,,,,,,,,,,,,,,,,,,,,,,,,,,,,,,,,,,,,,,,,,,,,,,,,,,,,,,,,,,,,,,,,,,,,,,,,,,,,,,,,,,,,,,,,,,,,,,,,,,,,,,,,,,,,,,,,,,,,,,,,,,,,,,,,,,,,,,,,,,,,,,,,,,,,,,,,,,,,,,,,,,,,,,,,,,,,,,,,,,,,,,,,,,,,,,,,,,,,,,,,,,,,,,,,,,,,,,,,,,,,,,,,,,,,,,,,,,,,,,,,,,,,,,,,,,,,,,,,,,,,,,,,,,,,,,,,,,,,,,,,,,,,,,,,,,,,,,,,,,,,,,,,,,,,,,,,,,,,,,,,,,,,,,,,,,,,,,,,,,,,,,,,,,,,,,,,,,,,,,,,,,,,,,,,,,,,,,,,,,,,,,,,,,,,,,,,,,,,,,,,,,,,,,,,,,,,,,,,,,,,,,,,,,,,,,,,,,,,,,,,,,,,,,,,,,,,,,,,,,,,,,,,,,,,,,,,,,,,,,,,,,,,,,,,,,,,,,,,,,,,,,,,,,,,,,,,,,,,,,,,,,,,,,,,,,,,,,,,,,,,,,,,,,,,,,,,,,,,,,,,,,,,,0.448,0.185,-0.21,-0.038,0.083,0.085,-0.031,-0.033,-0.09,-0.081,0.087,0.052,0.148,0.013,-0.083,-0.115,-0.038,-0.033,0.037,-0.04,-0.163,-0.024,-0.21,-0.031,0.052,-0.115,0.087,-0.083,0.104,0.104,0.185,0.085,0.184,0.084,0.053,0.085,0.448,0.083,-0.081,0.013,-0.09,0.148,0.017,-0.48,0.017,-0.48,-0.019,-0.02,-0.067,0,0,0,0,-0.01,-0.01,-0.003,0.001,0.133,0.033,-0.004,-0.003,-0.021,0.133,0.028,-0.004,0.077,-0.021,-0.003,0.124,-0.264,-0.108,-0.004,-0.005,0,0,0.055,-0.09,0,0,0.008,-0.089,0.001,-0.112,0.001,-0.112,0,0,-0.004,0.054,-0.005,0.054,0.028,0.082,0,0,0.198,0.007,0,0,0,0,0,0,0.056,0.236,0.102,0.049,0.012,-0.015,0.063,0.013,0.029,0.013,0.005,0.008,-0.069,-0.04,0.013,-0.023,0.013,0.057,,,,,,0.017,0.002,0.031,0.017,0.017,0.108,0,0,0,0,0,0,0,0,,,,,,,,,0.108,0.156,0.108,0.156,0,0,0,0,0,0,0,0,,,,,,,,,,,,,,,,,,,,,,,,,,,,,,,,,,,,,,,,,,,,,,,,,,,,,,,,,,,,,,,,,,,,,,,,,,,,,,,,,,,,,,0
870,0.036,0.026,0.003,-0.052,0.074,0.116,-0.015,-0.032,-0.046,0.051,0.005,0.005,0.131,-0.089,,,,,,,,,,0.009,0.032,0.049,-0.298,0.001,0,0.019,0.002,0.027,,,-0.096,-0.12,,,,0.336,-0.508,-0.022,-0.157,0,0.001,,,,,,,,,,,,,0.008,-0.009,-0.003,-0.001,-0.001,-0.005,-0.008,-0.032,0.02,-0.001,0,0,,,,,,,,,,,,,,,,,,,,,,,,,,,,,,,,,,,,,,,,,,,,,,,,,,,,,,,,,,,,,,,,,,,,,,,,,,,,,,,,,,,,,,,,,,,,,,,,,,,,,,,,,,,,,,,,,,,,,,,,,,,,,,,,,,,,,,,,,,,,,,,,,,,,,,,,,,,,,,,,,,,,,,,,,,,,,,,,,,,,,,,,,,,,,,,,,,,,,,,,,,,,,,,,,,,,,,,,,,,,,,,,,,,,,,,,,,,,,,,,,,,,,,,,,,,,,,,,,,,,,,,,,,,,,,,,,,,,,,,,,,,,,,,,,,,,,,,,,,,,,,,,,,,,,,,,,,,,,,,,,,,,,,,,,,,,,,,,,,,,,,,,,,,,,,,,,,,,,,,,,,,,,,,,,,,,,,,,,,,,,,,,,,,,,,,,,,,,,,,,,,,,,,,,,,,,,,,,,,,,,,,,,,,,,,,,,,,,,,,,,,,,,,,,,,,,,,,,,,,,,,,,,,,,,,,,,,,,,,,,,,,,,,,,,,,,,,,,,,,,,,,,,,,,,,,,,,,,,,,,,,,,,,,,,,,,,,,,,,,,,,,,,,,,,,,,,,,,,,,,,,,,,,,,,,,,,,,,,,,,,,,,,,,,,,,,,,,,,,,,,,,,,,,,,,,,,,,,,,,,,,,,,,,,,,,,,,,,,,,,,,,,,,,,,,,,,,,0.252,-0.19,-0.147,-0.193,-0.075,-0.077,0.076,-0.072,0.105,0.109,-0.1,-0.147,-0.275,0.069,-0.017,-0.115,-0.193,-0.072,0.073,0.068,-0.255,-0.063,-0.147,0.076,-0.147,-0.115,-0.1,-0.017,0.057,0.057,-0.19,-0.077,0.129,-0.077,-0.076,-0.077,0.252,-0.075,0.109,0.069,0.105,-0.275,-0.04,-0.48,-0.04,-0.48,-0.028,-0.017,-0.027,-0.001,0,0,0,0.003,0.003,-0.005,0,0.106,-0.02,0.002,-0.005,-0.101,0.106,-0.011,0.002,-0.051,-0.101,-0.005,0.097,-0.133,-0.078,0.002,-0.085,0,0,0.014,0.006,0,0,-0.005,-0.05,0.009,-0.025,0.009,-0.025,0,0,-0.012,-0.055,-0.013,-0.055,-0.011,-0.046,0,0,0.058,-0.004,0,0,0,0,0,0,0.127,0.128,0.107,-0.009,0.014,-0.007,-0.045,0.013,-0.019,0.013,-0.025,0.014,-0.002,-0.05,0.013,-0.021,0.013,0.012,,,,,,0.017,0.027,0.197,0.017,0.017,0.035,0,0,0,0,0,0,0,0,0,0.003,0.03,0.007,0,0,0,0,,,,,,,,,0,0,0,0,,,,,,,,,,,,,,,,,,,,,,,,,,,,,,,,,,,,,,,,,,,,,,,,,,,,,,,,,,,,,,,,,,,,,,,,,,,,,,,,,,,,,,0
871,-0.062,-0.041,-0.179,-0.197,-0.013,0.07,0.008,-0.032,0.087,0.179,-0.225,-0.225,-0.056,-0.188,-0.013,-0.061,0.008,-0.267,0.006,0,0.01,-0.149,0.061,,,,,,,,,,,,0.167,-0.059,0.164,-0.311,-0.073,,,,0.343,0,0.001,-0.04,-0.09,-0.017,-0.034,0.001,0.004,-0.125,0.02,-0.146,-0.094,0,-0.001,,,,,,,,,,,,,,,,,,,,,,,,,,,,,,,,,,,,,,,,,,,,,,,,,,,,,,,,,,,,,,,,,,,,,,,,,,,,,,,,,,,,,,,,,,,,,,,,,,,,,,,,,,,,,,,,,,,,,,,,,,,,,,,,,,,,,,,,,,,,,,,,,,,,,,,,,,,,,,,,,,,,,,,,,,,,,,,,,,,,,,,,,,,,,,,,,,,,,,,,,,,,,,,,,,,,,,,,,,,,,,,,,,,,,,,,,,,,,,,,,,,,,,,,,,,,,,,,,,,,,,,,,,,,,,,,,,,,,,,,,,,,,,,,,,,,,,,,,,,,,,,,,,,,,,,,,,,,,,,,,,,,,,,,,,,,,,,,,,,,,,,,,,,,,,,,,,,,,,,,,,,,,,,,,,,,,,,,,,,,,,,,,,,,,,,,,,,,,,,,,,,,,,,,,,,,,,,,,,,,,,,,,,,,,,,,,,,,,,,,,,,,,,,,,,,,,,,,,,,,,,,,,,,,,,,,,,,,,,,,,,,,,,,,,,,,,,,,,,,,,,,,,,,,,,,,,,,,,,,,,,,,,,,,,,,,,,,,,,,,,,,,,,,,,,,,,,,,,,,,,,,,,,,,,,,,,,,,,,,,,,,,,,,,,,,,,,,,,,,,,,,,,,,,,,,,,,,,,,,,,,,,,,,,,,,,,,,,,,,,,,,,,,,,,,,,,,,,,,,,,,,,,,,0.182,-0.03,-0.017,-0.174,0.083,0.077,-0.094,-0.046,0.014,0.02,0.043,-0.01,0.125,-0.156,-0.05,0.218,-0.174,-0.046,-0.37,-0.085,0.271,-0.057,-0.017,-0.094,-0.01,0.218,0.043,-0.05,0.082,0.082,-0.03,0.077,0.109,0.084,-0.022,0.077,0.182,0.083,0.02,-0.156,0.014,0.125,0.017,-0.48,0.017,-0.48,0.001,-0.005,-0.043,0,0,0,0,-0.001,-0.001,-0.005,-0.002,0.106,0.191,0.002,-0.005,0.179,0.106,-0.011,0.002,-0.001,0.179,-0.005,0.097,0.027,0.195,0.002,0.195,0,0,0.014,0.016,0,0,-0.005,-0.066,-0.002,-0.031,-0.002,-0.031,0,0,-0.012,0.024,-0.013,0.023,-0.011,0.004,0,0,0.058,-0.004,0,0,0,0,0,0,0.038,0.022,0.111,0.172,0.017,0.025,-0.039,0.013,-0.017,0.013,0.011,0.018,0.069,-0.057,0.013,-0.025,0.013,-0.014,,,,,,0.062,0.039,-0.226,0.062,0.062,-0.055,0,0,0,0,0,0,0,0,,,,,,,,,0.108,-0.065,0.108,-0.065,0,0,0,0,0,0,0,0,,,,,,,,,,,,,,,,,,,,,,,,,,,,,,,,,,,,,,,,,,,,,,,,,,,,,,,,,,,,,,,,,,,,,,,,,,,,,,,,,,,,,,0
872,,,,,,,,,,,,,,,,,,,,,,,,,,,,,,,,,,,,,,,,,,,,,,,,,,,,,,,,,,,,,,,,,,,,,,,,,,,,,,,,,,,,,,,,,,,,,,,,,,,,,,,,,,,,,,,,,,,,,,,,,,,,,,,,,,,,,,,,,,,,,,,,,,,,,,,,,,,,,,,,,,,,,,,,,-0.033,-0.004,0.078,-0.021,-0.033,0.18,-0.047,-0.004,0.359,0,0.065,0,0.684,0.664,0.684,0.684,0.033,0.146,-0.025,-0.075,0.057,0.067,0.131,-0.074,-0.021,-0.099,0.052,0.003,-0.004,-0.351,-0.156,-0.161,0.021,0.191,0.005,-0.009,0.001,-0.21,0.045,0.01,,,,,,,,,,,,,,,,0.197,-0.034,-0.08,-0.074,-0.145,0.534,0.031,0.416,0.008,,,,,,,,,,0.038,-0.084,-0.078,-0.074,-0.025,-0.362,-0.317,0.195,0.037,0.028,,,,,,,,,,,,,,,,,,,,,,,,,,,,,,,,,,,,,,,,,,,,,,,,,,,,,,,,,,,,,,,,,,,,,,,,,,,,,,,,,,,,,,,,,,,,,,,,,,,,,,,,,,,,,,,,,,,,,,,,,,,,,,,,,,,,,,,,,,,,,,,,,,,,,,,,,,,,,,,,,,,,,,,,,,,,,,,,,,,,,,,,,,,,,,,,,,,,,,,,,,,,,,,,,,,,,,,,,,,,,,,,,,,,,,,,,,,,,,,,,,,,,,,,,,,,,,,,,,,,,,,,,,,,,,,,,,,,,,,,,,,,,,,,,,,,,,,,,,,,,,,,,,,,,,,,,,,,,,,,,,,,,,,,,,,,,,,,,,,,,,,,,,,,,,,,,,,,,,,,,,,,,,,,,,,,,,,,,,,,,,,,,,,,,,,,,,,,,,,,,,,,,,,,,,,,,,,,,,,,,,,,,,,,,,,,,,,,,,,,,,,,,0.069,0.153,0.002,0.093,-0.03,0.109,-0.111,-0.039,-0.035,0.068,0.108,0.309,-0.022,-0.038,,,,,,,,,,,,,,,-0.084,-0.139,0.184,-0.097,-0.083,-0.083,-0.119,-0.079,0.014,0.02,0.174,0.115,0.078,0.013,-0.083,-0.115,-0.097,-0.079,-0.324,-0.117,0.127,-0.083,0.184,-0.119,0.115,-0.115,0.174,-0.083,0.063,0.063,-0.139,-0.083,0.033,-0.085,-0.059,-0.082,-0.084,-0.083,0.02,0.013,0.014,0.078,0.017,-0.48,0.017,-0.48,-0.023,-0.013,-0.039,0,0,0,0,-0.001,-0.001,-0.004,0.001,-0.164,0.191,-0.004,-0.004,-0.161,-0.164,-0.003,-0.004,-0.161,-0.161,-0.004,-0.173,0.015,-0.048,-0.004,-0.145,0,0,-0.061,-0.106,0,0,-0.003,-0.05,-0.009,-0.081,-0.01,-0.081,0,0,-0.005,-0.169,-0.006,-0.17,-0.003,-0.156,0,0,-0.048,0.001,0,0,0,0,0,0,0.119,0.034,0.115,0.09,0.011,-0.007,0.062,0.013,0.027,0.013,-0.015,0.015,0.029,-0.021,0.013,-0.009,0.013,-0.036,,,,,,0.199,0.168,-0.205,0.199,0.199,0.002,0,0,0,0,0,0,0,0,,,,,,,,,0.008,-0.149,0.008,-0.149,0,0,0,0,0,0,0,0,,,,,,,,,,,,,,,,,,,,,,,,,,,,,,,,,,,,,,,,,,,,,,,,,,,,,,,,,,,,,,,,,,,,,,,,,,,,,,,,,,,,,,0
873,0.023,0.019,-0.215,-0.216,-0.013,0.07,-0.015,-0.072,-0.158,-0.078,-0.188,-0.188,0.013,-0.077,-0.113,0.652,-0.092,0.243,0.004,0,-0.09,0.269,-0.004,,,,,,,,,,,,0.045,0.078,-0.336,0.466,0.096,,,,-0.157,0,0.001,,,,,,,,,,,,,,,,,,,,,,,,,-0.127,-0.274,-0.006,0.448,-0.112,-0.117,0.261,0.192,-0.114,0.277,-0.105,-0.116,,,,,,,,,,,,,,,,,,,,,,,,,,,,,,,,,,,,,,,,,,,,,,,,,,,,,,,,,,,,,,,,,,,,,,,,,,,,,,,,,,,,,,,,,,,,,,,,,,,,,,,,,,,,,,,,,,,,,,,,,,,,,,,,,,,,,,,,,,,,,,,,,,,,,,,,,,,,,,,,,,,,,,,,,,,,,,,,,,,,,,,,,,,,,,,,,,,,,,,,,,,,,,,,,,,,,,,,,,,,,,,,,,,,,,,,,,,,,,,,,,,,,,,,,,,,,,,,,,,,,,,,,,,,,,,,,,,,,,,,,,,,,,,,,,,,,,,,,,,,,,,,,,,,,,,,,,,,,,,,,,,,,,,,,,,,,,,,,,,,,,,,,,,,,,,,,,,,,,,,,,,,,,,,,,,,,,,,,,,,,,,,,,,,,,,,,,,,,,,,,,,,,,,,,,,,,,,,,,,,,,,,,,,,,,,,,,,,,,,,,,,,,,,,,,,,,,,,,,,,,,,,,,,,,,,,,,,,,,,,,,,,,,,,,,,,,,,,,,,,,,,,,,,,,,,,,,,,,,,,,,,,,,,,,,,,,,,,,,,,,,,,,,,,,,,,,,,,,,,,,,,,,,,,,,,,,,,,,,,,,,,,,,,,,,,,,,,,,,,,,,,,,,,,,,,,,,,,,,,,,,,,,,,,,,,,,,,,,,,,,,,-0.147,-0.082,-0.201,0.078,-0.021,-0.047,-0.1,-0.137,0.053,0.033,0.186,0.184,-0.179,-0.144,0.05,0.218,0.078,-0.137,0.042,-0.111,-0.093,-0.128,-0.201,-0.1,0.184,0.218,0.186,0.05,0.101,0.101,-0.082,-0.047,0.015,-0.022,-0.039,-0.047,-0.147,-0.021,0.033,-0.144,0.053,-0.179,-0.04,0.52,-0.04,0.52,0.015,0.019,0.059,0,0,0,0,0,0,-0.005,-0.002,0.079,-0.151,0.002,-0.005,0.139,0.079,-0.011,0.002,-0.033,0.139,-0.005,0.07,0.146,0.104,0.002,0.155,0,0,0.014,0.011,0,0,0.005,-0.026,0.009,-0.01,0.009,-0.01,0,0,0.013,-0.016,0.012,-0.016,-0.011,-0.028,0,0,-0.186,-0.058,0,0,0,0,0,0,0.133,0.281,-0.113,-0.098,0.01,0.016,0.003,0.013,0.001,0.013,-0.025,0.015,0.027,-0.018,0.013,-0.009,0.013,-0.056,,,,,,0.108,0.096,-0.046,0.108,0.108,-0.095,0,0,0,0,0,0,0,0,,,,,,,,,0.008,-0.011,0.008,-0.011,0,0,0,0,0,0,0,0,,,,,,,,,,,,,,,,,,,,,,,,,,,,,,,,,,,,,,,,,,,,,,,,,,,,,,,,,,,,,,,,,,,,,,,,,,,,,,,,,,,,,,0
874,0.023,0.019,-0.215,-0.216,-0.013,0.07,-0.015,-0.072,-0.158,-0.078,-0.188,-0.188,0.013,-0.077,-0.113,0.652,-0.092,0.243,0.004,0,-0.09,0.269,-0.004,,,,,,,,,,,,0.045,0.078,-0.336,0.466,0.096,,,,-0.157,0,0.001,,,,,,,,,,,,,,,,,,,,,,,,,-0.127,-0.274,-0.006,0.448,-0.112,-0.117,0.261,0.192,-0.114,0.277,-0.105,-0.116,,,,,,,,,,,,,,,,,,,,,,,,,,,,,,,,,,,,,,,,,,,,,,,,,,,,,,,,,,,,,,,,,,,,,,,,,,,,,,,,,,,,,,,,,,,,,,,,,,,,,,,,,,,,,,,,,,,,,,,,,,,,,,,,,,,,,,,,,,,,,,,,,,,,,,,,,,,,,,,,,,,,,,,,,,,,,,,,,,,,,,,,,,,,,,,,,,,,,,,,,,,,,,,,,,,,,,,,,,,,,,,,,,,,,,,,,,,,,,,,,,,,,,,,,,,,,,,,,,,,,,,,,,,,,,,,,,,,,,,,,,,,,,,,,,,,,,,,,,,,,,,,,,,,,,,,,,,,,,,,,,,,,,,,,,,,,,,,,,,,,,,,,,,,,,,,,,,,,,,,,,,,,,,,,,,,,,,,,,,,,,,,,,,,,,,,,,,,,,,,,,,,,,,,,,,,,,,,,,,,,,,,,,,,,,,,,,,,,,,,,,,,,,,,,,,,,,,,,,,,,,,,,,,,,,,,,,,,,,,,,,,,,,,,,,,,,,,,,,,,,,,,,,,,,,,,,,,,,,,,,,,,,,,,,,,,,,,,,,,,,,,,,,,,,,,,,,,,,,,,,,,,,,,,,,,,,,,,,,,,,,,,,,,,,,,,,,,,,,,,,,,,,,,,,,,,,,,,,,,,,,,,,,,,,,,,,,,,,,,,,,,-0.147,-0.082,-0.201,0.078,-0.021,-0.047,-0.1,-0.137,0.053,0.033,0.186,0.184,-0.179,-0.144,0.05,0.218,0.078,-0.137,0.042,-0.111,-0.093,-0.128,-0.201,-0.1,0.184,0.218,0.186,0.05,0.101,0.101,-0.082,-0.047,0.015,-0.022,-0.039,-0.047,-0.147,-0.021,0.033,-0.144,0.053,-0.179,-0.04,0.52,-0.04,0.52,0.015,0.019,0.059,0,0,0,0,0,0,-0.005,-0.002,0.079,-0.151,0.002,-0.005,0.139,0.079,-0.011,0.002,-0.033,0.139,-0.005,0.07,0.146,0.104,0.002,0.155,0,0,0.014,0.011,0,0,0.005,-0.026,0.009,-0.01,0.009,-0.01,0,0,0.013,-0.016,0.012,-0.016,-0.011,-0.028,0,0,-0.186,-0.058,0,0,0,0,0,0,0.133,0.281,-0.113,-0.098,0.01,0.016,0.003,0.013,0.001,0.013,-0.025,0.015,0.027,-0.018,0.013,-0.009,0.013,-0.056,,,,,,0.108,0.096,-0.046,0.108,0.108,-0.095,0,0,0,0,0,0,0,0,,,,,,,,,0.008,-0.011,0.008,-0.011,0,0,0,0,0,0,0,0,-0.002,0.212,0.034,,,,,,,,,,,,,,,,,,,,,,,,,,,,,,,,,,,,,,,,,,,,,,,,,,,,,,,,,,,,,,,,,,,,,,,,,,,,,,,,,,,0
879,-0.108,-0.123,-0.179,-0.216,0.031,-0.021,0.008,0.088,0.03,-0.04,-0.12,-0.12,-0.115,0.005,-0.013,-0.203,-0.092,0.206,0.005,0,-0.09,0.222,0.013,,,,,,,,,,-0.062,-0.012,,,,,,0.336,-0.445,0.054,-0.157,0,0.001,,,,,,,,,,,,,-0.002,0.048,-0.023,-0.002,0.018,0.01,-0.028,0.061,0.018,-0.004,0,-0.002,,,,,,,,,,,,,,,,,,,,,,,,,,,,,,,,,,,,,,,,,,,,,,,,,,,,,,,,,,,,,,,,,,,,,,,,,,,,,,,,,,,,,,,,,,,,,,,,,,,,,,,,,,,,,,,,,,,,,,,,,,,,,,,,,,,,,,,,,,,,,,,,,,,,,,,,,,,,,,,,,,,,,,,,,,,,,,,,,,,,,,,,,,,,,,,,,,,,,,,,,,,,,,,,,,,,,,,,,,,,,,,,,,,,,,,,,,,,,,,,,,,,,,,,,,,,,,,,,,,,,,,,,,,,,,,,,,,,,,,,,,,,,,,,,,,,,,,,,,,,,,,,,,,,,,,,,,,,,,,,,,,,,,,,,,,,,,,,,,,,,,,,,,,,,,,,,,,,,,,,,,,,,,,,,,,,,,,,,,,,,,,,,,,,,,,,,,,,,,,,,,,,,,,,,,,,,,,,,,,,,,,,,,,,,,,,,,,,,,,,,,,,,,,,,,,,,,,,,,,,,,,,,,,,,,,,,,,,,,,,,,,,,,,,,,,,,,,,,,,,,,,,,,,,,,,,,,,,,,,,,,,,,,,,,,,,,,,,,,,,,,,,,,,,,,,,,,,,,,,,,,,,,,,,,,,,,,,,,,,,,,,,,,,,,,,,,,,,,,,,,,,,,,,,,,,,,,,,,,,,,,,,,,,,,,,,,,,,,,,,,,,,,,,,,,,,,,,0.036,0.175,-0.002,0.044,0.027,0.026,0.095,0.077,0.063,0.068,-0.011,0.015,-0.143,-0.088,0.15,0.218,0.044,0.077,0.159,0.087,-0.114,0.086,-0.002,0.095,0.015,0.218,-0.011,0.15,0.015,0.015,0.175,0.026,0.067,0.027,0.049,0.026,0.036,0.027,0.068,-0.088,0.063,-0.143,-0.354,0.52,-0.354,0.52,-0.004,-0.005,-0.012,0,0,0,0,-0.007,-0.007,-0.004,0.002,0.052,-0.125,0.007,-0.004,-0.161,0.052,0.001,0.007,0.059,-0.161,,,,,,,,,,,,,,,,,,,,,,,,,,,,,,,,,0,0,0,0,-0.082,-0.159,0.122,0.077,0.014,0.03,0.012,0.013,-0.001,0.013,0.011,0.006,-0.078,0.018,0.013,0.009,0.013,0.05,,,,,,0.062,0.039,-0.244,0.062,0.062,-0.006,0,0,0,0,0,0,0,0,,,,,,,,,0.108,0.09,0.108,0.09,0,0,0,0,0,0,0,0,,,,,,,,,,,,,,,,,,,,,,,,,,,,,,,,,,,,,,,,,,,,,,,,,,,,,,,,,,,,,,,,,,,,,,,,,,,,,,,,,,,,,,0
882,-0.062,-0.078,0.33,0.33,-0.143,-0.021,0.03,0.168,-0.179,-0.056,-0.28,-0.28,-0.053,0.107,-0.013,0.573,0.108,-0.255,0.001,0,0.01,0.214,0.049,,,,,,,,,,0.02,0.013,,,,,,-0.164,0.148,0.004,-0.157,0,0.001,0.112,0.029,0.034,-0.056,0.001,0.018,-0.016,0,0.036,-0.018,0,0.008,,,,,,,,,,,,,,,,,,,,,,,,,,,,,,,,,,,,,,,,,,,,,,,,,,,,,,,,,,,,,,,,,,,,,,,,,,,,,,,,,,,,,,,,,,,,,,,,,,,,,,,,,,,,,,,,,,,,,,,,,,,,,,,,,,,,,,,,,,,,,,,,,,,,,,,,,,,,,,,,,,,,,,,,,,,,,,,,,,,,,,,,,,,,,,,,,,,,,,,,,,,,,,,,,,,,,,,,,,,,,,,,,,,,,,,,,,,,,,,,,,,,,,,,,,,,,,,,,,,,,,,,,,,,,,,,,,,,,,,,,,,,,,,,,,,,,,,,,,,,,,,,,,,,,,,,,,,,,,,,,,,,,,,,,,,,,,,,,,,,,,,,,,,,,,,,,,,,,,,,,,,,,,,,,,,,,,,,,,,,,,,,,,,,,,,,,,,,,,,,,,,,,,,,,,,,,,,,,,,,,,,,,,,,,,,,,,,,,,,,,,,,,,,,,,,,,,,,,,,,,,,,,,,,,,,,,,,,,,,,,,,,,,,,,,,,,,,,,,,,,,,,,,,,,,,,,,,,,,,,,,,,,,,,,,,,,,,,,,,,,,,,,,,,,,,,,,,,,,,,,,,,,,,,,,,,,,,,,,,,,,,,,,,,,,,,,,,,,,,,,,,,,,,,,,,,,,,,,,,,,,,,,,,,,,,,,,,,,,,,,,,,,,,,,,,,,,,,,,,,,,,,,,,-0.147,-0.19,-0.091,-0.029,-0.057,-0.074,0.057,0.019,0.105,0.084,-0.109,-0.1,-0.167,0.137,-0.05,-0.115,-0.029,0.019,0.107,0.049,-0.158,0.028,-0.091,0.057,-0.1,-0.115,-0.109,-0.05,0.101,0.101,-0.19,-0.074,0.015,-0.058,-0.076,-0.074,-0.147,-0.057,0.084,0.137,0.105,-0.167,-0.04,0.52,-0.04,0.52,0.039,0.027,0.086,0,0,0,0,-0.007,-0.007,-0.001,-0.003,-0.002,-0.23,0,-0.001,-0.101,-0.002,-0.016,0,-0.102,-0.101,-0.001,-0.011,0.077,0.073,0.001,-0.085,0,0,0.002,-0.072,0,0,0.003,-0.034,0.007,-0.038,0.007,-0.038,0,0,0.009,-0.099,0.008,-0.099,-0.016,-0.097,0,0,-0.197,0.007,0,0,0,0,0,0,0.044,-0.148,-0.088,-0.131,0.008,-0.015,0.045,0.013,0.021,0.013,0.031,0.018,0.069,0.028,0.013,0.015,0.013,-0.001,,,,,,-0.165,-0.128,0.029,-0.165,-0.165,-0.177,0,0,0,0,0,0,0,0,,,,,,,,,-0.092,-0.113,-0.092,-0.113,0,0,0,0,0,0,0,0,,,,,,,,,,,,,,,,,,,,,,,,,,,,,,,,,,,,,,,,,,,,,,,,,,,,,,,,,,,,,,,,,,,,,,,,,,,,,,,,,,,,,,0
883,-0.036,-0.034,0.312,0.294,-0.056,-0.203,0.022,0.128,0.132,0.12,0.118,0.118,-0.066,-0.007,,,,,,,,,,0.009,-0.172,-0.051,0.386,-0.002,0,0.019,-0.151,0.008,-0.006,-0.004,,,-0.336,0.282,-0.112,,,,0.343,0,0.001,-0.035,-0.007,-0.034,0.01,0,-0.001,0.16,0.002,0.218,0.116,0,0.001,,,,,,,,,,,,,,,,,,,,,,,,,,,,,,,,,,,,,,,,,,,,,,,,,,,,,,,,,,,,,,,,,,,,,,,,,,,,,,,,,,,,,,,,,,,,,,,,,,,,,,,,,,,,,,,,,,,,,,,,,,,,,,,,,,,,,,,,,,,,,,,,,,,,,,,,,,,,,,,,,,,,,,,,,,,,,,,,,,,,,,,,,,,,,,,,,,,,,,,,,,,,,,,,,,,,,,,,,,,,,,,,,,,,,,,,,,,,,,,,,,,,,,,,,,,,,,,,,,,,,,,,,,,,,,,,,,,,,,,,,,,,,,,,,,,,,,,,,,,,,,,,,,,,,,,,,,,,,,,,,,,,,,,,,,,,,,,,,,,,,,,,,,,,,,,,,,,,,,,,,,,,,,,,,,,,,,,,,,,,,,,,,,,,,,,,,,,,,,,,,,,,,,,,,,,,,,,,,,,,,,,,,,,,,,,,,,,,,,,,,,,,,,,,,,,,,,,,,,,,,,,,,,,,,,,,,,,,,,,,,,,,,,,,,,,,,,,,,,,,,,,,,,,,,,,,,,,,,,,,,,,,,,,,,,,,,,,,,,,,,,,,,,,,,,,,,,,,,,,,,,,,,,,,,,,,,,,,,,,,,,,,,,,,,,,,,,,,,,,,,,,,,,,,,,,,,,,,,,,,,,,,,,,,,,,,,,,,,,,,,,,,,,,,,,,,,,,,,,,,,,,,,,,0.315,0.077,0.121,-0.038,-0.093,-0.091,-0.063,-0.001,0.014,-0.031,-0.051,-0.081,0.113,-0.099,-0.05,-0.115,-0.038,-0.001,-0.288,-0.04,0.351,-0.024,0.121,-0.063,-0.081,-0.115,-0.051,-0.05,0.104,0.104,0.077,-0.091,0.146,-0.095,0.015,-0.09,0.315,-0.093,-0.031,-0.099,0.014,0.113,0.017,-0.48,0.017,-0.48,-0.028,-0.024,-0.086,0,0,0,0,-0.014,-0.014,0.001,-0.002,0.106,0.033,-0.004,0.001,-0.061,0.106,0.028,-0.004,0.05,-0.061,0.001,0.097,-0.131,-0.139,-0.004,-0.045,0,0,0.036,0.066,0,0,0.008,-0.022,-0.009,-0.022,-0.01,-0.022,0,0,-0.004,0.05,-0.005,0.05,0.028,0.055,0,0,0.198,0.001,0,0,0,0,0,0,0.13,0.325,0.075,0.061,0.01,0.013,0,0.013,0.001,0.013,-0.002,0.006,-0.086,-0.044,0.013,-0.019,0.013,0.063,,,,,,0.062,0.077,0.024,0.062,0.062,-0.014,0,0,0,0,0,0,0,0,,,,,,,,,0.108,0.097,0.108,0.097,0,0,0,0,0,0,0,0,,,,,,,,,,,,,,,,,,,,,,,,,,,,,,,,,,,,,,,,,,,,,,,,,,,,,,,,,,,,,,,,,,,,,,,,,,,,,,,,,,,,,,0
885,0.082,0.093,-0.197,-0.179,-0.1,-0.248,-0.022,-0.152,0.127,0.002,0.261,0.261,-0.087,-0.093,,,,,,,,,,0.009,-0.071,0.049,-0.329,0.006,0,0.019,-0.137,0,-0.099,-0.004,,,0.164,-0.287,0.064,,,,-0.157,0,0.001,,,,,,,,,,,,,,,,,,,,,,,,,0.116,-0.061,0.003,0.094,-0.012,-0.016,0.075,-0.058,-0.091,0.08,-0.036,0.054,,,,,,,,,,,,,,,,,,,,,,,,,,,,,,,,,,,,,,,,,,,,,,,,,,,,,,,,,,,,,,,,,,,,,,,,,,,,,,,,,,,,,,,,,,,,,,,,,,,,,,,,,,,,,,,,,,,,,,,,,,,,,,,,,,,,,,,,,,,,,,,,,,,,,,,,,,,,,,,,,,,,,,,,,,,,,,,,,,,,,,,,,,,,,,,,,,,,,,,,,,,,,,,,,,,,,,,,,,,,,,,,,,,,,,,,,,,,,,,,,,,,,,,,,,,,,,,,,,,,,,,,,,,,,,,,,,,,,,,,,,,,,,,,,,,,,,,,,,,,,,,,,,,,,,,,,,,,,,,,,,,,,,,,,,,,,,,,,,,,,,,,,,,,,,,,,,,,,,,,,,,,,,,,,,,,,,,,,,,,,,,,,,,,,,,,,,,,,,,,,,,,,,,,,,,,,,,,,,,,,,,,,,,,,,,,,,,,,,,,,,,,,,,,,,,,,,,,,,,,,,,,,,,,,,,,,,,,,,,,,,,,,,,,,,,,,,,,,,,,,,,,,,,,,,,,,,,,,,,,,,,,,,,,,,,,,,,,,,,,,,,,,,,,,,,,,,,,,,,,,,,,,,,,,,,,,,,,,,,,,,,,,,,,,,,,,,,,,,,,,,,,,,,,,,,,,,,,,,,,,,,,,,,,,,,,,,,,,,,,,,,-0.032,-0.206,0.008,-0.163,-0.09,-0.082,0.006,-0.027,0.205,0.181,0.066,-0.008,-0.014,-0.257,-0.083,-0.115,-0.163,-0.027,0.165,-0.002,-0.237,-0.018,0.008,0.006,-0.008,-0.115,0.066,-0.083,0.037,0.037,-0.206,-0.082,0.048,-0.092,-0.082,-0.082,-0.032,-0.09,0.181,-0.257,0.205,-0.014,0.303,0.52,0.303,0.52,0.024,0.019,0.031,0,0,0,0,-0.006,-0.006,0.003,0.002,-0.137,-0.072,-0.007,0.003,0.039,-0.137,-0.006,-0.007,-0.038,0.039,,,,,,,,,,,,,,,,,,,,,,,,,,,,,,,,,0,0,0,0,0.104,-0.008,0.084,-0.002,0.013,0.002,-0.014,0.013,-0.005,0.013,0.025,0.01,-0.069,-0.024,0.013,-0.009,0.013,0.092,,,,,,0.199,0.171,0.07,0.199,0.199,0.083,0,0,0,0,0,0,0,0,0,-0.062,-0.082,-0.157,0,0,0,0,,,,,,,,,0,0,0,0,,,,,,,,,,,,,,,,,,,,,,,,,,,,,,,,,,,,,,,,,,,,,,,,,,,,,,,,,,,,,,,,,,,,,,,,,,,,,,,,,,,,,,0
887,-0.003,0.004,-0.179,-0.161,-0.1,-0.203,-0.015,-0.072,0.199,-0.185,0.215,0.215,-0.004,-0.06,0.087,-0.079,0.108,-0.13,-0.001,0,0.11,-0.24,0.001,,,,,,,,,,0.016,0.018,,,,,,-0.164,0.076,-0.024,-0.157,0,0.001,,,,,,,,,,,,,0.04,0.052,-0.025,-0.006,-0.02,-0.024,0.033,0.017,0.099,0.007,0,0.005,,,,,,,,,,,,,,,,,,,,,,,,,,,,,,,,,,,,,,,,,,,,,,,,,,,,,,,,,,,,,,,,,,,,,,,,,,,,,,,,,,,,,,,,,,,,,,,,,,,,,,,,,,,,,,,,,,,,,,,,,,,,,,,,,,,,,,,,,,,,,,,,,,,,,,,,,,,,,,,,,,,,,,,,,,,,,,,,,,,,,,,,,,,,,,,,,,,,,,,,,,,,,,,,,,,,,,,,,,,,,,,,,,,,,,,,,,,,,,,,,,,,,,,,,,,,,,,,,,,,,,,,,,,,,,,,,,,,,,,,,,,,,,,,,,,,,,,,,,,,,,,,,,,,,,,,,,,,,,,,,,,,,,,,,,,,,,,,,,,,,,,,,,,,,,,,,,,,,,,,,,,,,,,,,,,,,,,,,,,,,,,,,,,,,,,,,,,,,,,,,,,,,,,,,,,,,,,,,,,,,,,,,,,,,,,,,,,,,,,,,,,,,,,,,,,,,,,,,,,,,,,,,,,,,,,,,,,,,,,,,,,,,,,,,,,,,,,,,,,,,,,,,,,,,,,,,,,,,,,,,,,,,,,,,,,,,,,,,,,,,,,,,,,,,,,,,,,,,,,,,,,,,,,,,,,,,,,,,,,,,,,,,,,,,,,,,,,,,,,,,,,,,,,,,,,,,,,,,,,,,,,,,,,,,,,,,,,,,,,,,,,,,,,,,,,,,,,0.049,-0.139,-0.059,-0.228,-0.067,-0.069,-0.031,-0.079,0.299,0.298,0.014,0.096,-0.12,0.08,-0.083,-0.115,-0.228,-0.079,0.125,-0.04,-0.276,-0.07,-0.059,-0.031,0.096,-0.115,0.014,-0.083,0.082,0.082,-0.139,-0.069,0.071,-0.069,-0.059,-0.068,0.049,-0.067,0.298,0.08,0.299,-0.12,0.017,0.52,0.017,0.52,0.01,0.011,0.043,0,0,0,0,0,0,-0.003,-0.002,-0.056,-0.23,-0.004,-0.003,0.119,-0.056,-0.001,-0.004,-0.129,0.119,,,,,,,,,,,,,,,,,,,,,,,,,,,,,,,,,0,0,0,0,-0.12,-0.173,-0.331,-0.125,0.012,-0.009,-0.019,0.013,-0.007,0.013,0.005,0.009,-0.004,0.028,0.013,0.013,0.013,-0.014,,,,,,0.017,0.021,0.131,0.017,0.017,-0.03,0,0,0,0,0,0,0,0,0,0.068,-0.193,0.174,0,0,0,0,,,,,,,,,0,0,0,0,,,,,,,,,,,,,,,,,,,,,,,,,,,,,,,,,,,,,,,,,,,,,,,,,,,,,,,,,,,,,,,,,,,,,,,,,,,,,,,,,,,,,,0
890,0.134,0.063,0.33,0.33,-0.143,-0.294,-0.007,0.048,-0.046,-0.126,0.279,0.279,0.116,-0.066,,,,,,,,,,0.009,-0.271,-0.051,0.246,0.001,0,-0.081,0.151,-0.057,0.02,0.01,,,0.164,-0.251,0.103,,,,-0.157,0,0.001,,,,,,,,,,,,,,,,,,,,,,,,,-0.074,0.047,-0.011,-0.169,0.088,0.108,0.011,0.12,-0.101,-0.035,0.172,-0.057,,,,,,,,,,,,,,,,,,,,,,,,,,,,,,,,,,,,,,,,,,,,,,,,,,,,,,,,,,,,,,,,,,,,,,,,,,,,,,,,,,,,,,,,,,,,,,,,,,,,,,,,,,,,,,,,,,,,,,,,,,,,,,,,,,,,,,,,,,,,,,,,,,,,,,,,,,,,,,,,,,,,,,,,,,,,,,,,,,,,,,,,,,,,,,,,,,,,,,,,,,,,,,,,,,,,,,,,,,,,,,,,,,,,,,,,,,,,,,,,,,,,,,,,,,,,,,,,,,,,,,,,,,,,,,,,,,,,,,,,,,,,,,,,,,,,,,,,,,,,,,,,,,,,,,,,,,,,,,,,,,,,,,,,,,,,,,,,,,,,,,,,,,,,,,,,,,,,,,,,,,,,,,,,,,,,,,,,,,,,,,,,,,,,,,,,,,,,,,,,,,,,,,,,,,,,,,,,,,,,,,,,,,,,,,,,,,,,,,,,,,,,,,,,,,,,,,,,,,,,,,,,,,,,,,,,,,,,,,,,,,,,,,,,,,,,,,,,,,,,,,,,,,,,,,,,,,,,,,,,,,,,,,,,,,,,,,,,,,,,,,,,,,,,,,,,,,,,,,,,,,,,,,,,,,,,,,,,,,,,,,,,,,,,,,,,,,,,,,,,,,,,,,,,,,,,,,,,,,,,,,,,,,,,,,,,,,,,,,,,,,,0.385,0.134,-0.091,0.293,-0.008,0.007,0.107,0.116,0.105,0.084,-0.149,-0.1,-0.202,0.193,-0.017,-0.115,0.293,0.116,0.107,0.1,0.035,0.125,-0.091,0.107,-0.1,-0.115,-0.149,-0.017,0.101,0.101,0.134,0.007,0.166,-0.009,0.035,0.007,0.385,-0.008,0.084,0.193,0.105,-0.202,-0.04,0.52,-0.04,0.52,0.005,0.007,0.012,0,0,0,0,-0.005,-0.005,0,-0.003,0.025,-0.151,0.002,0,0.179,0.025,-0.011,0.002,0.004,0.179,0,0.016,0.146,0.164,0.002,0.195,0,0,0.004,0.014,0,0,-0.005,-0.07,-0.002,-0.031,-0.002,-0.031,0,0,-0.012,-0.012,-0.013,-0.012,-0.011,0.009,0,0,-0.004,-0.012,0,0,0,0,0,0,0.071,-0.051,-0.129,-0.091,0.013,0.016,0.012,0.013,0.005,0.013,-0.015,0.013,0.018,-0.028,0.013,-0.013,0.013,-0.014,,,,,,-0.074,-0.058,0.186,-0.074,-0.074,0.01,0,0,0,0,0,0,0,0,0,-0.002,-0.082,-0.005,0,0,0,0,,,,,,,,,0,0,0,0,,,,,,,,,,,,,,,,,,,,,,,,,,,,,,,,,,,,,,,,,,,,,,,,,,,,,,,,,,,,,,,,,,,,,,,,,,,,,,,,,,,,,,0
891,,,,,,,,,,,,,,,,,,,,,,,,,,,,,,,,,,,,,,,,,,,,,,,,,,,,,,,,,,,,,,,,,,,,,,,,,,,,,,,,,,-0.014,0.062,-0.057,-0.153,-0.053,-0.077,-0.006,-0.072,0.001,-0.029,0.204,0.204,-0.21,0.048,0.033,-0.31,-0.034,0.23,-0.005,0,0.043,-0.3,-0.039,,,,,,,,,,-0.225,-0.005,,,,,,-0.044,-0.11,-0.015,-0.197,0,0,,,,,,,,,,,,,,,0.051,-0.001,0.027,-0.031,0.05,0.046,-0.071,-0.048,-0.263,0.074,-0.215,-0.094,0.025,0.001,,,,,,,,,,,,,,,,,,,,,,,,,,,,,,,,,,,,,,,,,,,,,,,,,,,,,,,,,,,,,,,,,,,,,,,,,,,,,,,,,,,,,,,,,,,,,,,,,,,,,,,,,,,,,,,,,,,,,,,,,,,,,,,,,,,,,,,,,,,,,,,,,,,,,,,,,,,,,,,,,,,,,,,,,,,,,,,,,,,,,,,,,,,,,,,,,,,,,,,,,,,,,,,,,,,,,,,,,,,,,,,,,,,,,,,,,,,,,,,,,,,,,,,,,,,,,,,,,,,,,,,,,,,,,,,,,,,,,,,,,,,,,,,,,,,,,,,,,,,,,,,,,,,,,,,,,,,,,,,,,,,,,,,,,,,,,,,,,,,,,,,,,,,,,,,,,,,,,,,,,,,,,,,,,,,,,,,,,,,,,,,,,,,,,,,,,,,,,,,,,,,,,,,,,,,,,,,,,,,,,,,,,,,,,,,,,,,,,,,,,,,,,,,,,,,,,,,,,,,,,,,,,,,,,,,,,,,,,,,,,,,,,,,,,,,,,,,,,,,,,,,,,,,,,,,,,,,,,,,,,,,,,,,,,,,,,,,,,,,,,,,,,,,,,,,,,,,,,,,,,,,,,,,,,,-0.014,0.134,0.073,0.023,0.004,0.018,-0.025,-0.079,0.105,0.058,-0.021,-0.053,-0.167,-0.088,-0.083,0.218,0.023,-0.079,0.203,-0.034,-0.127,-0.07,0.073,-0.025,-0.053,0.218,-0.021,-0.083,0.057,0.057,0.134,0.018,0.053,0.004,0.035,0.018,-0.014,0.004,0.058,-0.088,0.105,-0.167,-0.04,0.52,-0.04,0.52,0.01,0.011,0.024,0,0,0,0,0.005,0.005,-0.003,0.004,-0.083,-0.072,-0.004,-0.003,0.019,-0.083,-0.001,-0.004,0.031,0.019,-0.003,-0.092,0.143,-0.078,-0.003,0.035,0,0,-0.012,-0.064,0,0,0.008,-0.003,-0.009,-0.038,-0.009,-0.038,0,0,-0.004,0.028,-0.005,0.028,-0.002,0.036,0,0,0.016,0.001,0,0,0,0,0,0,0.158,0.051,-0.008,-0.074,0.016,0.061,-0.004,0.013,-0.001,0.013,-0.025,0.013,0.052,0.037,0.013,0.017,0.013,-0.043,,,,,,0.062,0.04,-0.248,0.062,0.062,0.01,0,0,0,0,0,0,0,0,0,0.05,-0.082,0.128,0,0,0,0,,,,,,,,,0,0,0,0,,,,,,,,,,,,,,,,,,,,,,,,,,,,,,,,,,,,,,,,,,,,,,,,,,,,,,,,,,,,,,,,,,,,,,,,,,,,,,,,,,,,,,0
892,0.016,0.033,-0.179,-0.197,-0.013,0.116,-0.015,-0.072,0.056,-0.131,-0.332,-0.332,-0.01,-0.067,,,,,,,,,,0.009,-0.101,-0.051,0.391,0.005,0,0.019,-0.175,0.012,,,0.045,-0.072,,,,-0.164,-0.005,0.01,-0.157,0,0.001,,,,,,,,,,,,,-0.014,0.057,-0.03,-0.008,0.018,0.027,-0.003,0.026,-0.228,-0.002,0,0,,,,,,,,,,,,,,,,,,,,,,,,,,,,,,,,,,,,,,,,,,,,,,,,,,,,,,,,,,,,,,,,,,,,,,,,,,,,,,,,,,,,,,,,,,,,,,,,,,,,,,,,,,,,,,,,,,,,,,,,,,,,,,,,,,,,,,,,,,,,,,,,,,,,,,,,,,,,,,,,,,,,,,,,,,,,,,,,,,,,,,,,,,,,,,,,,,,,,,,,,,,,,,,,,,,,,,,,,,,,,,,,,,,,,,,,,,,,,,,,,,,,,,,,,,,,,,,,,,,,,,,,,,,,,,,,,,,,,,,,,,,,,,,,,,,,,,,,,,,,,,,,,,,,,,,,,,,,,,,,,,,,,,,,,,,,,,,,,,,,,,,,,,,,,,,,,,,,,,,,,,,,,,,,,,,,,,,,,,,,,,,,,,,,,,,,,,,,,,,,,,,,,,,,,,,,,,,,,,,,,,,,,,,,,,,,,,,,,,,,,,,,,,,,,,,,,,,,,,,,,,,,,,,,,,,,,,,,,,,,,,,,,,,,,,,,,,,,,,,,,,,,,,,,,,,,,,,,,,,,,,,,,,,,,,,,,,,,,,,,,,,,,,,,,,,,,,,,,,,,,,,,,,,,,,,,,,,,,,,,,,,,,,,,,,,,,,,,,,,,,,,,,,,,,,,,,,,,,,,,,,,,,,,,,,,,,,,,,,,,,,,,,,,,,,,,,,,-0.084,0.294,0.053,-0.228,-0.136,-0.128,-0.163,-0.196,0.195,0.197,0.214,0.173,-0.132,-0.088,-0.117,-0.115,-0.228,-0.196,0.191,-0.174,-0.276,-0.187,0.053,-0.163,0.173,-0.115,0.214,-0.117,0.082,0.082,0.294,-0.128,0.033,-0.139,0.09,-0.128,-0.084,-0.136,0.197,-0.088,0.195,-0.132,0.017,0.52,0.017,0.52,0.058,0.042,0.137,0,0,0,0,0.002,0.002,-0.003,0.001,-0.137,-0.046,0.004,-0.003,-0.101,-0.137,-0.001,0.004,-0.189,-0.101,,,,,,,,,,,,,,,,,,,,,,,,,,,,,,,,,0,0,0,0,0.01,-0.141,0.118,0.091,0.013,0.061,0.044,0.013,0.019,0.013,-0.009,0.013,0.004,0.064,0.013,0.029,0.013,0.012,,,,,,0.017,0.024,0.127,0.017,0.017,0.067,0,0,0,0,0,0,0,0,0,0.114,-0.082,0.291,0,0,0,0,,,,,,,,,0,0,0,0,,,,,,,,,,,,,,,,,,,,,,,,,,,,,,,,,,,,,,,,,,,,,,,,,,,,,,,,,,,,,,,,,,,,,,,,,,,,,,,,,,,,,,0
893,,,,,,,,,,,,,,,,,,,,,,,,,,,,,,,,,,,,,,,,,,,,,,,,,,,,,,,,,,,,,,,,,,,,,,,,,,,,,,,,,,-0.002,-0.032,0.074,0.14,-0.053,-0.077,0.006,0.053,0.021,0.086,-0.219,-0.219,0.15,-0.077,0.033,-0.249,-0.034,0.273,-0.005,0,0.043,-0.182,0.075,,,,,,,,,,0.05,0.015,,,,,,-0.044,-0.135,-0.038,0.803,0,0,0.028,0.033,0.014,0.046,0.033,0.03,0.015,0.053,0.133,0.014,-0.013,0.001,0.008,-0.003,,,,,,,,,,,,,,,,,,,,,,,,,,,,,,,,,,,,,,,,,,,,,,,,,,,,,,,,,,,,,,,,,,,,,,,,,,,,,,,,,,,,,,,,,,,,,,,,,,,,,,,,,,,,,,,,,,,,,,,,,,,,,,,,,,,,,,,,,,,,,,,,,,,,,,,,,,,,,,,,,,,,,,,,,,,,,,,,,,,,,,,,,,,,,,,,,,,,,,,,,,,,,,,,,,,,,,,,,,,,,,,,,,,,,,,,,,,,,,,,,,,,,,,,,,,,,,,,,,,,,,,,,,,,,,,,,,,,,,,,,,,,,,,,,,,,,,,,,,,,,,,,,,,,,,,,,,,,,,,,,,,,,,,,,,,,,,,,,,,,,,,,,,,,,,,,,,,,,,,,,,,,,,,,,,,,,,,,,,,,,,,,,,,,,,,,,,,,,,,,,,,,,,,,,,,,,,,,,,,,,,,,,,,,,,,,,,,,,,,,,,,,,,,,,,,,,,,,,,,,,,,,,,,,,,,,,,,,,,,,,,,,,,,,,,,,,,,,,,,,,,,,,,,,,,,,,,,,,,,,,,,,,,,,,,,,,,,,,,,,,,,,,,,,,,,,,,,,,,,,,,,,,,,,,,,,,,,,,,,,,,,,-0.084,-0.139,0.093,0.258,0.132,0.12,-0.113,-0.053,-0.168,-0.106,0.122,0.066,0.16,0.35,-0.083,-0.115,0.258,-0.053,-0.11,-0.091,0.335,-0.076,0.093,-0.113,0.066,-0.115,0.122,-0.083,0.082,0.082,-0.139,0.12,0.033,0.133,-0.059,0.12,-0.084,0.132,-0.106,0.35,-0.168,0.16,0.017,-0.48,0.017,-0.48,-0.019,-0.02,-0.082,-0.001,0,0,0,0,0,-0.003,-0.001,0.106,0.112,0.004,-0.003,0.179,0.106,0,0.004,-0.028,0.179,-0.003,0.097,0.148,0.164,0.005,0.195,0,0,0.017,-0.023,0,0,-0.002,-0.038,0.002,-0.034,0.002,-0.034,0,0,-0.003,-0.025,-0.004,-0.025,0,-0.023,0,0,0.14,0.001,0,0,0,0,0,0,-0.149,0.153,0.053,0.06,0.01,-0.046,-0.017,0.013,-0.007,0.013,0.044,0.015,0.049,-0.059,0.013,-0.025,0.013,-0.03,,,,,,-0.21,-0.19,0.004,-0.21,-0.21,0.026,0,0,0,0,0,0,0,0,0,0.071,0.141,0.181,0,0,0,0,,,,,,,,,0,0,0,0,,,,,,,,,,,,,,,,,,,,,,,,,,,,,,,,,,,,,,,,,,,,,,,,,,,,,,,,,,,,,,,,,,,,,,,,,,,,,,,,,,,,,,0
896,-0.023,0.048,0.003,-0.034,-0.013,0.116,0.008,-0.032,0.245,0.109,-0.152,-0.152,-0.079,-0.03,,,,,,,,,,0.009,0.472,0.049,0.357,0.001,0,0.019,0.393,-0.079,,,0.012,0.41,0.164,-0.298,-0.127,,,,-0.157,0,0.001,,,,,,,,,,,,,,,,,,,,,,,,,0.032,0.032,-0.008,-0.061,-0.012,-0.007,0.028,-0.045,0.076,0.027,-0.006,-0.087,,,,,,,,,,,,,,,,,,,,,,,,,,,,,,,,,,,,,,,,,,,,,,,,,,,,,,,,,,,,,,,,,,,,,,,,,,,,,,,,,,,,,,,,,,,,,,,,,,,,,,,,,,,,,,,,,,,,,,,,,,,,,,,,,,,,,,,,,,,,,,,,,,,,,,,,,,,,,,,,,,,,,,,,,,,,,,,,,,,,,,,,,,,,,,,,,,,,,,,,,,,,,,,,,,,,,,,,,,,,,,,,,,,,,,,,,,,,,,,,,,,,,,,,,,,,,,,,,,,,,,,,,,,,,,,,,,,,,,,,,,,,,,,,,,,,,,,,,,,,,,,,,,,,,,,,,,,,,,,,,,,,,,,,,,,,,,,,,,,,,,,,,,,,,,,,,,,,,,,,,,,,,,,,,,,,,,,,,,,,,,,,,,,,,,,,,,,,,,,,,,,,,,,,,,,,,,,,,,,,,,,,,,,,,,,,,,,,,,,,,,,,,,,,,,,,,,,,,,,,,,,,,,,,,,,,,,,,,,,,,,,,,,,,,,,,,,,,,,,,,,,,,,,,,,,,,,,,,,,,,,,,,,,,,,,,,,,,,,,,,,,,,,,,,,,,,,,,,,,,,,,,,,,,,,,,,,,,,,,,,,,,,,,,,,,,,,,,,,,,,,,,,,,,,,,,,,,,,,,,,,,,,,,,,,,,,,,,,,,,,,,0.049,-0.03,0.072,0.012,0.124,0.101,-0.025,-0.124,-0.142,-0.106,0.034,0.058,0.195,0.462,-0.05,0.218,0.012,-0.124,0.203,-0.034,-0.133,-0.115,0.072,-0.025,0.058,0.218,0.034,-0.05,0.063,0.063,-0.03,0.101,0.071,0.126,-0.022,0.101,0.049,0.124,-0.106,0.462,-0.142,0.195,0.017,-0.48,0.017,-0.48,-0.023,-0.017,-0.043,0,0,0,0,0.006,0.006,-0.003,0.002,0.025,-0.02,-0.004,-0.003,-0.161,0.025,0.03,-0.004,0.206,-0.161,-0.003,0.016,0.024,-0.108,-0.003,-0.145,0,0,0.027,0.042,0,0,0.009,0.005,-0.008,-0.007,-0.009,-0.007,0,0,0.022,0.19,0.021,0.19,0.03,0.211,0,0,0.201,-0.001,0,0,0,0,0,0,-0.121,-0.161,0.098,0.299,0.011,-0.021,-0.003,0.013,0.001,0.013,0.005,0.011,-0.041,0.001,0.013,0.001,0.013,0.05,,,,,,0.017,0.011,0.07,0.017,0.017,-0.03,0,0,0,0,0,0,0,0,0,0.11,-0.082,0.28,0,0,0,0,,,,,,,,,0,0,0,0,,,,,,,,,,,,,,,,,,,,,,,,,,,,,,,,,,,,,,,,,,,,,,,,,,,,,,,,,,,,,,,,,,,,,,,,,,,,,,,,,,,,,,0
899,,,,,,,,,,,,,,,,,,,,,,,,,,,,,,,,,,,,,,,,,,,,,,,,,,,,,,,,,,,,,,,,,,,,,,,,,,,,,,,,,,,,,,,,,,,,,,,,,,,,,,,,,,,,,,,,,,,,,,,,,,,,,,,,,,,,,,,,,,,,,,,,,,,,,,,,,,,,,,,,,,,,,,,,,,,,,,,,,,,,,,,,,,,,,,,,,,,,,,,,,,,,,,,,,,,,,,,,,,,,,,,,,,,,,,,,,,,,,,,,,,,,,,,,,,,,,,,,,,,,,,,,,,,,,,,,,,,,,,,,,,,,,,,,,,,,,,,,,,,,,,,,,,,,,,,,,,,,,,,,,,,,,,,,,,,,,,,,,,,,,,,,,,,,,,,,,,,,,,,,,,,,,,,,,,,,,,,,,,,,,,,,,,,,,,,,,,,,,,,,,,,,,,,,,,,,,,,,,,,,,,,,,,,,,,,,,,,,,,,,,,,,,,,,,,,,,,,,,,,,,,,,,,,,,,,,,,,,,,,,-0.044,0.107,0.179,0.283,,,,0.311,,,,,,,,,,,,,,,0.152,-0.002,0.007,0.008,-0.008,0.084,-0.008,-0.048,-0.048,0.005,-0.153,-0.008,-0.074,-0.001,0.047,0.267,0.013,-0.22,0.017,-0.128,-0.002,0.023,,,,,,,,,0.07,-0.075,0.284,0.318,0.178,0.285,0.243,-0.028,0.069,-0.136,,,,,,,,,,,,,,,,,,,,,,,,,,,,,,,,,,,,,,,,,,,,,,,,,,,,,,,,,,,,,,,,,,,,,,,,,,,,,,,,,,,,,,,,,,,,,,,,,,,,,,,,,,,,,,,,,,,,,,,,,,,,,,,,,,,,,,,,,,,,,-0.064,-0.03,0.212,-0.047,-0.031,-0.098,0.021,0.081,-0.035,0.033,0.191,0.082,0.108,-0.034,,,,,,,,,,,,,,,,,,,,,,,,,,,,,-0.28,-0.082,0.183,-0.085,-0.067,-0.047,0.101,0.07,0.053,0.058,-0.12,-0.128,-0.191,0.024,-0.05,-0.115,-0.085,0.07,0.268,0.093,-0.191,0.08,0.183,0.101,-0.128,-0.115,-0.12,-0.05,0.057,0.057,-0.082,-0.047,-0.289,-0.069,-0.039,-0.047,-0.28,-0.067,0.058,0.024,0.053,-0.191,-0.04,0.52,-0.04,0.52,-0.028,-0.013,-0.02,0,0,0,0,0.009,0.009,0,-0.003,0.106,0.007,-0.007,0,-0.041,0.106,-0.013,-0.007,-0.079,-0.041,-0.001,0.097,0.031,-0.048,-0.006,-0.025,0,0,0.013,0.034,0,0,-0.006,0.013,0.008,0.043,0.008,0.043,0,0,-0.013,-0.042,-0.014,-0.042,-0.013,-0.074,0,0,-0.19,-0.007,0,0,0,0,0,0,-0.135,-0.172,-0.187,-0.087,0.012,0.016,0.02,0.013,0.009,0.013,-0.052,0.016,0.049,0.026,0.013,0.013,0.013,-0.036,,,,,,-0.074,-0.056,0.152,-0.074,-0.074,0.059,0,0,0,0,0,0,0,0,,,,,,,,,-0.092,-0.092,-0.092,-0.092,0,0,0,0,0,0,0,0,,,,,,,,,,,,,,,,,,,,,,,,,,,,,,,,,,,,,,,,,,,,,,,,,,,,,,,,,,,,,,,,,,,,,,,,,,,,,,,,,,,,,,0
901,-0.003,0.041,-0.179,-0.179,0.161,-0.021,-0.007,-0.072,0.066,-0.126,0.166,0.166,0.011,0.006,-0.013,0.13,0.008,-0.221,0.001,0,0.01,0.055,0.063,,,,,,,,,,-0.001,0.002,,,0.164,0.063,0.14,,,,-0.157,0,0.001,,,,,,,,,,,,,0.015,-0.023,0.021,-0.001,0.057,0.053,0.023,0.009,0.077,0.001,0,0.002,,,,,,,,,,,,,,,,,,,,,,,,,,,,,,,,,,,,,,,,,,,,,,,,,,,,,,,,,,,,,,,,,,,,,,,,,,,,,,,,,,,,,,,,,,,,,,,,,,,,,,,,,,,,,,,,,,,,,,,,,,,,,,,,,,,,,,,,,,,,,,,,,,,,,,,,,,,,,,,,,,,,,,,,,,,,,,,,,,,,,,,,,,,,,,,,,,,,,,,,,,,,,,,,,,,,,,,,,,,,,,,,,,,,,,,,,,,,,,,,,,,,,,,,,,,,,,,,,,,,,,,,,,,,,,,,,,,,,,,,,,,,,,,,,,,,,,,,,,,,,,,,,,,,,,,,,,,,,,,,,,,,,,,,,,,,,,,,,,,,,,,,,,,,,,,,,,,,,,,,,,,,,,,,,,,,,,,,,,,,,,,,,,,,,,,,,,,,,,,,,,,,,,,,,,,,,,,,,,,,,,,,,,,,,,,,,,,,,,,,,,,,,,,,,,,,,,,,,,,,,,,,,,,,,,,,,,,,,,,,,,,,,,,,,,,,,,,,,,,,,,,,,,,,,,,,,,,,,,,,,,,,,,,,,,,,,,,,,,,,,,,,,,,,,,,,,,,,,,,,,,,,,,,,,,,,,,,,,,,,,,,,,,,,,,,,,,,,,,,,,,,,,,,,,,,,,,,,,,,,,,,,,,,,,,,,,,,,,,,,,,,,,,,,,,,,,,,0.049,-0.139,0.121,-0.038,0.198,0.184,0.057,0.038,-0.09,-0.056,0.186,0.146,0.137,0.013,-0.017,0.218,-0.038,0.038,0.232,0.049,-0.163,0.047,0.121,0.057,0.146,0.218,0.186,-0.017,0.104,0.104,-0.139,0.184,0.071,0.201,-0.059,0.185,0.049,0.198,-0.056,0.013,-0.09,0.137,0.017,-0.48,0.017,-0.48,-0.019,-0.009,-0.027,0,0,0,0,-0.01,-0.01,0.004,0,0.215,0.059,0.001,0.004,-0.081,0.215,0.017,0.001,-0.111,-0.081,0.004,0.205,-0.197,-0.018,0.001,-0.065,0,0,0.013,-0.051,0,0,-0.006,-0.073,0.008,-0.053,0.008,-0.053,0,0,-0.013,-0.082,-0.014,-0.082,0.017,-0.106,0,0,0.054,0.003,0,0,0,0,0,0,-0.073,0.069,-0.04,0.061,0.011,-0.001,0.146,0.013,0.067,0.013,0.005,0.007,-0.05,0.151,0.013,0.071,0.013,-0.001,,,,,,-0.029,-0.019,0.042,-0.029,-0.029,-0.177,0,0,0,0,0,0,0,0,0,0.065,-0.082,0.165,0,0,0,0,,,,,,,,,0,0,0,0,,,,,,,,,,,,,,,,,,,,,,,,,,,,,,,,,,,,,,,,,,,,,,,,,,,,,,,,,,,,,,,,,,,,,,,,,,,,,,,,,,,,,,0
902,0.082,0.048,-0.033,-0.016,0.031,0.116,-0.015,-0.072,-0.097,0.013,-0.031,-0.031,-0.017,-0.094,,,,,,,,,,0.009,0.325,0.049,-0.228,0.002,0,0.019,0.334,0.1,0.02,-0.008,,,,,,0.336,-0.499,-0.022,0.343,0,0.001,,,,,,,,,,,,,,,,,,,,,,,,,-0.016,0.215,0.001,-0.049,-0.112,-0.117,-0.038,-0.13,0.09,0.035,-0.254,0.128,,,,,,,,,,,,,,,,,,,,,,,,,,,,,,,,,,,,,,,,,,,,,,,,,,,,,,,,,,,,,,,,,,,,,,,,,,,,,,,,,,,,,,,,,,,,,,,,,,,,,,,,,,,,,,,,,,,,,,,,,,,,,,,,,,,,,,,,,,,,,,,,,,,,,,,,,,,,,,,,,,,,,,,,,,,,,,,,,,,,,,,,,,,,,,,,,,,,,,,,,,,,,,,,,,,,,,,,,,,,,,,,,,,,,,,,,,,,,,,,,,,,,,,,,,,,,,,,,,,,,,,,,,,,,,,,,,,,,,,,,,,,,,,,,,,,,,,,,,,,,,,,,,,,,,,,,,,,,-0.011,-0.05,0.104,0.001,0,-0.002,0.03,0.005,0.017,-0.004,0.035,0.002,-0.107,-0.001,0,0.005,-0.003,-0.127,0.018,0.003,0.028,0.003,0.013,0.003,-0.033,-0.039,,,,,,,,,,,,,,,0.467,-0.106,0.054,0.042,-0.01,-0.004,-0.117,0.078,,,,,,,,,0.258,0.043,0.001,0.016,0.054,0.025,-0.031,-0.39,-0.333,0.234,0.041,-0.112,,,,,,,,,,,,,,,,,,,,,,,,,,,,,,,,,,,,,,,,,,,,,,,,,,,,,,,,,,,,,,,,,,,,,,,,,,,,,,,,,,,,,,,,,,,,,,,,,,,,,,,,,,,,,,,,,,,,,,,,,,,,,,,,,,,,,,,,,,,,,,,,,,,,,,,,,,,,,,,,,,,,,,,,,,,,,,,,,,,,,,,,,,,,,,,,,,,,,,,,,,,,,,,,,,,,,,,,,,,,,,,,,,,,,,,-0.04,-0.026,-0.238,-0.108,-0.03,-0.011,-0.27,-0.039,-0.035,-0.1,-0.245,-0.205,-0.216,-0.038,,,,,,,,,,,,,,,0.315,-0.03,-0.017,0.042,-0.065,-0.066,-0.044,0.019,-0.038,-0.031,0.141,0.16,0.16,0.181,-0.083,-0.115,0.042,0.019,-0.24,-0.021,0.271,-0.005,-0.017,-0.044,0.16,-0.115,0.141,-0.083,0.082,0.082,-0.03,-0.066,0.146,-0.067,-0.022,-0.066,0.315,-0.065,-0.031,0.181,-0.038,0.16,0.017,-0.48,0.017,-0.48,-0.023,-0.017,-0.059,0,0,0,0,0.006,0.006,-0.005,-0.003,0.133,0.059,-0.006,-0.005,-0.001,0.133,-0.011,-0.006,-0.056,-0.001,-0.005,0.124,0.004,0.104,-0.006,0.015,0,0,-0.016,-0.031,0,0,0.005,0.045,0.008,0.021,0.009,0.021,0,0,0.013,-0.055,0.012,-0.055,-0.011,-0.051,0,0,0.057,0.001,0,0,0,0,0,0,-0.037,-0.111,-0.199,-0.072,0.014,0.019,0.027,0.013,0.013,0.013,-0.025,0.014,0.027,0.061,0.013,0.027,0.013,-0.036,,,,,,0.199,0.188,0.265,0.199,0.199,-0.014,0,0,0,0,0,0,0,0,,,,,,,,,0.208,0.104,0.208,0.104,0,0,0,0,0,0,0,0,,,,,,,,,,,,,,,,,,,,,,,,,,,,,,,,,,,,,,,,,,,,,,,,,,,,,,,,,,,,,,,,,,,,,,,,,,,,,,,,,,,,,,0
903,0.088,0.138,0.003,0.003,0.031,0.116,-0.015,-0.112,0.056,0.04,-0.203,-0.203,0.101,0.182,,,,,,,,,,0.009,-0.025,0.049,-0.164,-0.01,0,0.019,-0.062,-0.069,-0.026,0.005,,,,,,0.336,-0.497,-0.016,0.343,0,0.001,-0.049,-0.09,-0.003,-0.061,-0.001,-0.029,-0.038,-0.015,0.136,-0.003,-0.001,0.002,,,,,,,,,,,,,,,,,,,,,,,,,,,,,,,,,,,,,,,,,,,,,,,,,,,,,,,,,,,,,,,,,,,,,,,,,,,,,,,,,,,,,,,,,,,,,,,,,,,,,,,,,,,,,,,,,,,,,,,,,,,,,,,,,,,,,,,,,,,,,,,,,,,,,,,,,,,,,,,,,,,,,,,,,,,,,,,,,,,,,,,,,,,,,,,,,,,,,,,,,,,,,,,,,,,,,,,,,,,,,,,,,,,,,,,,,,,,,,,,,,,,,,,,,,,,,,,,,,,,,,,,,,,,,,,,,,,,,,,,,,,,,,,,,,,,,,,,,,,,,,,,,,,,,,,,,,,,,,,,,,,,,,,,,,,,,,,,,,,,,,,,,,,,,,,,,,,,,,,,,,,,,,,,,,,,,,,,,,,,,,,,,,,,,,,,,,,,,,,,,,,,,,,,,,,,,,,,,,,,,,,,,,,,,,,,,,,,,,,,,,,,,,,,,,,,,,,,,,,,,,,,,,,,,,,,,,,,,,,,,,,,,,,,,,,,,,,,,,,,,,,,,,,,,,,,,,,,,,,,,,,,,,,,,,,,,,,,,,,,,,,,,,,,,,,,,,,,,,,,,,,,,,,,,,,,,,,,,,,,,,,,,,,,,,,,,,,,,,,,,,,,,,,,,,,,,,,,,,,,,,,,,,,,,,,,,,,,,,,,,,,,,,,,,,,,,,,,,,,,,,,,,,,-0.216,0.077,-0.039,-0.207,-0.014,-0.018,0.044,-0.079,0.04,0.096,-0.125,-0.019,0.066,-0.043,0.017,0.218,-0.207,-0.079,0.137,0.036,-0.263,-0.07,-0.039,0.044,-0.019,0.218,-0.125,0.017,0.063,0.063,0.077,-0.018,-0.005,-0.015,0.015,-0.018,-0.216,-0.014,0.096,-0.043,0.04,0.066,0.017,-0.48,0.017,-0.48,-0.014,-0.013,-0.039,0,0,0,0,-0.004,-0.004,-0.001,-0.003,-0.029,0.059,-0.007,-0.001,-0.021,-0.029,-0.014,-0.007,-0.056,-0.021,-0.001,-0.038,0.022,-0.078,-0.007,-0.005,0,0,-0.036,0.073,0,0,0.014,0.159,-0.003,0.121,-0.003,0.121,0,0,-0.014,-0.051,-0.015,-0.051,-0.014,-0.051,0,0,-0.13,0.001,0,0,0,0,0,0,0.058,-0.038,0.088,0.082,0.013,0.022,0.04,0.013,0.019,0.013,-0.009,0.012,-0.013,-0.041,0.013,-0.017,0.013,-0.007,,,,,,0.199,0.171,0.063,0.199,0.199,0.002,0,0,0,0,0,0,0,0,0,-0.02,0.03,-0.052,0,0,0,0,,,,,,,,,0,0,0,0,,,,,,,,,,,,,,,,,,,,,,,,,,,,,,,,,,,,,,,,,,,,,,,,,,,,,,,,,,,,,,,,,,,,,,,,,,,,,,,,,,,,,,0
904,-0.01,-0.064,-0.033,-0.016,0.074,0.161,0,0.048,-0.061,-0.051,-0.329,-0.329,0.072,-0.111,-0.013,0.159,0.008,-0.235,0.004,0,0.01,0.169,0.062,,,,,,,,,,0.027,-0.015,,,,,,0.336,-0.475,-0.016,0.343,0,0.001,,,,,,,,,,,,,,,,,,,,,,,,,0.183,-0.06,0.021,0.014,-0.112,-0.076,0.04,-0.032,0.101,0.058,-0.075,0.27,,,,,,,,,,,,,,,,,,,,,,,,,,,,,,,,,,,,,,,,,,,,,,,,,,,,,,,,,,,,,,,,,,,,,,,,,,,,,,,,,,,,,,,,,,,,,,,,,,,,,,,,,,,,,,,,,,,,,,,,,,,,,,,,,,,,,,,,,,,,,,,,,,,,,,,,,,,,,,,,,,,,,,,,,,,,,,,,,,,,,,,,,,,,,,,,,,,,,,,,,,,,,,,,,,,,,,,,,,,,,,,,,,,,,,,,,,,,,,,,,,,,,,,,,,,,,,,,,,,,,,,,,,,,,,,,,,,,,,,,,,,,,,,,,,,,,,,,,,,,,,,,,,,,,,,,,,,,,,,,,,,,,,,,,,,,,,,,,,,,,,,,,,,,,,,,,,,,,,,,,,,,,,,,,,,,,,,,,,,,,,,,,,,,,,,,,,,,,,,,,,,,,,,,,,,,,,,,,,,,,,,,,,,,,,,,,,,,,,,,,,,,,,,,,,,,,,,,,,,,,,,,,,,,,,,,,,,,,,,,,,,,,,,,,,,,,,,,,,,,,,,,,,,,,,,,,,,,,,,,,,,,,,,,,,,,,,,,,,,,,,,,,,,,,,,,,,,,,,,,,,,,,,,,,,,,,,,,,,,,,,,,,,,,,,,,,,,,,,,,,,,,,,,,,,,,,,,,,,,,,,,,,,,,,,,,,,,,,,,,,,,-0.084,-0.139,-0.127,0.042,0.014,0.015,-0.05,-0.02,-0.194,-0.005,0.102,0.103,0.172,0.181,-0.05,-0.115,0.042,-0.02,-0.24,-0.06,-0.115,-0.011,-0.127,-0.05,0.103,-0.115,0.102,-0.05,0.082,0.082,-0.139,0.015,0.033,0.014,-0.059,0.015,-0.084,0.014,-0.005,0.181,-0.194,0.172,0.017,-0.48,0.017,-0.48,-0.028,-0.017,-0.047,0,0,0,0,0.011,0.011,0.001,-0.001,0.079,-0.046,0.004,0.001,-0.001,0.079,0,0.004,0.04,-0.001,0.001,0.07,0.029,0.043,0.005,0.015,0,0,0.065,-0.005,0,0,0.009,-0.03,-0.008,-0.041,-0.009,-0.041,0,0,-0.003,0.045,-0.004,0.045,0,0.046,0,0,0.201,-0.004,0,0,0,0,0,0,-0.144,-0.153,-0.112,-0.086,0.013,-0.021,-0.006,0.013,-0.001,0.013,-0.009,0.013,0.021,-0.046,0.013,-0.021,0.013,-0.036,,,,,,-0.165,-0.143,0.138,-0.165,-0.165,-0.079,0,0,0,0,0,0,0,0,,,,,,,,,0.108,0.09,0.108,0.09,0,0,0,0,0,0,0,0,,,,,,,,,,,,,,,,,,,,,,,,,,,,,,,,,,,,,,,,,,,,,,,,,,,,,,,,,,,,,,,,,,,,,,,,,,,,,,,,,,,,,,0
905,-0.042,-0.078,-0.197,-0.197,0.031,0.161,-0.007,0.008,-0.327,-0.142,-0.203,-0.203,0.157,-0.041,-0.113,0.649,-0.092,0.165,-0.001,0,-0.09,0.462,0.074,,,,,,,,,,0.07,0.033,,,0.164,-0.306,0.001,,,,-0.157,0,0.001,,,,,,,,,,,,,-0.017,-0.016,-0.014,0,0.018,0.013,-0.03,-0.023,-0.047,-0.004,0,0.001,,,,,,,,,,,,,,,,,,,,,,,,,,,,,,,,,,,,,,,,,,,,,,,,,,,,,,,,,,,,,,,,,,,,,,,,,,,,,,,,,,,,,,,,,,,,,,,,,,,,,,,,,,,,,,,,,,,,,,,,,,,,,,,,,,,,,,,,,,,,,,,,,,,,,,,,,,,,,,,,,,,,,,,,,,,,,,,,,,,,,,,,,,,,,,,,,,,,,,,,,,,,,,,,,,,,,,,,,,,,,,,,,,,,,,,,,,,,,,,,,,,,,,,,,,,,,,,,,,,,,,,,,,,,,,,,,,,,,,,,,,,,,,,,,,,,,,,,,,,,,,,,,,,,,,,,,,,,,,,,,,,,,,,,,,,,,,,,,,,,,,,,,,,,,,,,,,,,,,,,,,,,,,,,,,,,,,,,,,,,,,,,,,,,,,,,,,,,,,,,,,,,,,,,,,,,,,,,,,,,,,,,,,,,,,,,,,,,,,,,,,,,,,,,,,,,,,,,,,,,,,,,,,,,,,,,,,,,,,,,,,,,,,,,,,,,,,,,,,,,,,,,,,,,,,,,,,,,,,,,,,,,,,,,,,,,,,,,,,,,,,,,,,,,,,,,,,,,,,,,,,,,,,,,,,,,,,,,,,,,,,,,,,,,,,,,,,,,,,,,,,,,,,,,,,,,,,,,,,,,,,,,,,,0.076,-0.06,-0.031,-0.019,-0.03,0.1,-0.133,0.037,-0.035,0.06,-0.04,-0.048,0.008,-0.038,,,,,,,,,,,,,,,-0.014,0.134,0.073,0.131,0.035,0.031,-0.044,0.006,0.079,0.058,-0.021,-0.091,-0.275,0.013,-0.05,-0.115,0.131,0.006,-0.186,-0.034,0.323,-0.005,0.073,-0.044,-0.091,-0.115,-0.021,-0.05,0.057,0.057,0.134,0.031,0.053,0.035,0.035,0.031,-0.014,0.035,0.058,0.013,0.079,-0.275,-0.04,-0.48,-0.04,-0.48,-0.023,-0.017,-0.039,0,0,0,0,-0.005,-0.005,0.003,-0.001,-0.002,0.033,0.006,0.003,-0.121,-0.002,0.007,0.006,-0.056,-0.121,0.002,-0.011,-0.153,-0.078,0.007,-0.105,0,0,-0.068,-0.082,0,0,0.001,-0.01,0.004,-0.01,0.005,-0.01,0,0,0.003,-0.09,0.002,-0.091,0.007,-0.051,0,0,-0.21,-0.004,0,0,0,0,0,0,0.099,0.18,-0.113,0.036,0.013,0.039,0.032,0.013,0.015,0.013,-0.015,0.014,0.015,-0.007,0.013,-0.003,0.013,-0.014,,,,,,-0.029,-0.034,0.086,-0.029,-0.029,-0.079,0,0,0,0,0,0,0,0,0,-0.025,0.03,-0.064,0,0,0,0,,,,,,,,,0,0,0,0,,,,,,,,,,,,,,,,,,,,,,,,,,,,,,,,,,,,,,,,,,,,,,,,,,,,,,,,,,,,,,,,,,,,,,,,,,,,,,,,,,,,,,0
907,-0.029,-0.064,0.294,0.33,0.074,0.161,0.022,0.168,0.02,-0.067,-0.297,-0.296,0.129,-0.076,-0.013,0.083,0.008,-0.223,0.001,0,0.01,-0.006,0.061,,,,,,,,,,-0.036,-0.001,,,0.164,-0.28,-0.117,,,,0.343,0,0.001,,,,,,,,,,,,,,,,,,,,,,,,,-0.066,0.017,-0.017,-0.098,-0.112,-0.145,-0.072,-0.104,-0.109,-0.032,-0.135,-0.017,,,,,,,,,,,,,,,,,,,,,,,,,,,,,,,,,,,,,,,,,,,,,,,,,,,,,,,,,,,,,,,,,,,,,,,,,,,,,,,,,,,,,,,,,,,,,,,,,,,,,,,,,,,,,,,,,,,,,,,,,,,,,,,,,,,,,,,,,,,,,,,,,,,,,,,,,,,,,,,,,,,,,,,,,,,,,,,,,,,,,,,,,,,,,,,,,,,,,,,,,,,,,,,,,,,,,,,,,,,,,,,,,,,,,,,,,,,,,,,,,,,,,,,,,,,,,,,,,,,,,,,,,,,,,,,,,,,,,,,,,,,,,,,,,,,,,,,,,,,,,,,,,,,,,,,,,,,,,,,,,,,,,,,,,,,,,,,,,,,,,,,,,,,,,,,,,,,,,,,,,,,,,,,,,,,,,,,,,,,,,,,,,,,,,,,,,,,,,,,,,,,,,,,,,,,,,,,,,,,,,,,,,,,,,,,,,,,,,,,,,,,,,,,,,,,,,,,,,,,,,,,,,,,,,,,,,,,,,,,,,,,,,,,,,,,,,,,,,,,,,,,,,,,,,,,,,,,,,,,,,,,,,,,,,,,,,,,,,,,,,,,,,,,,,,,,,,,,,,,,,,,,,,,,,,,,,,,,,,,,,,,,,,,,,,,,,,,,,,,,,,,,,,,,,,,,,,,,,,,,,,,,,,,,,,,,,,,,,,,,,,,-0.216,0.077,-0.039,-0.097,-0.06,-0.053,-0.025,-0.098,-0.012,-0.056,-0.006,0.039,0.089,0.069,-0.017,-0.115,-0.097,-0.098,0.137,-0.034,-0.198,-0.089,-0.039,-0.025,0.039,-0.115,-0.006,-0.017,0.063,0.063,0.077,-0.053,-0.005,-0.061,0.015,-0.053,-0.216,-0.06,-0.056,0.069,-0.012,0.089,0.017,-0.48,0.017,-0.48,-0.023,-0.017,-0.047,0,0,0,0,-0.001,-0.001,0.001,0.001,-0.056,0.086,0.004,0.001,0.039,-0.056,-0.001,0.004,0.036,0.039,0.001,-0.065,0.001,0.043,0.004,0.055,0,0,0.007,-0.046,0,0,0.008,-0.062,-0.009,-0.069,-0.009,-0.069,0,0,-0.004,0.028,-0.005,0.028,-0.002,0.041,0,0,-0.045,-0.005,0,0,0,0,0,0,0.133,0.023,-0.215,-0.137,0.014,0.039,0.033,0.013,0.015,0.013,-0.009,0.01,-0.041,0.047,0.013,0.023,0.013,0.018,,,,,,0.062,0.054,-0.017,0.062,0.062,0.059,0,0,0,0,0,0,0,0,0,-0.012,-0.082,-0.031,0,0,0,0,,,,,,,,,0,0,0,0,,,,,,,,,,,,,,,,,,,,,,,,,,,,,,,,,,,,,,,,,,,,,,,,,,,,,,,,,,,,,,,,,,,,,,,,,,,,,,,,,,,,,,0
908,0.049,0.026,0.276,0.312,-0.187,-0.066,0.008,0.088,0.041,-0.019,0.078,0.078,-0.028,0.032,,,,,,,,,,0.009,-0.028,-0.051,0.494,0.002,0,0.019,-0.074,0.003,,,0.033,0.183,,,,-0.164,0.062,-0.009,-0.157,0,0.001,-0.016,0.053,-0.008,0.051,0,-0.006,-0.019,-0.002,-0.044,-0.003,0,-0.009,,,,,,,,,,,,,,,,,,,,,,,,,,,,,,,,,,,,,,,,,,,,,,,,,,,,,,,,,,,,,,,,,,,,,,,,,,,,,,,,,,,,,,,,,,,,,,,,,,,,,,,,,,,,,,,,,,,,,,,,,,,,,,,,,,,,,,,,,,,,,,,,,,,,,,,,,,,,,,,,,,,,,,,,,,,,,,,,,,,,,,,,,,,,,,,,,,,,,,,,,,,,,,,,,,,,,,,,,,,,,,,,,,,,,,,,,,,,,,,,,,,,,,,,,,,,,,,,,,,,,,,,,,,,,,,,,,,,,,,,,,,,,,,,,,,,,,,,,,,,,,,,,,,,,,,,,,,,,,,,,,,,,,,,,,,,,,,,,,,,,,,,,,,,,,,,,,,,,,,,,,,,,,,,,,,,,,,,,,,,,,,,,,,,,,,,,,,,,,,,,,,,,,,,,,,,,,,,,,,,,,,,,,,,,,,,,,,,,,,,,,,,,,,,,,,,,,,,,,,,,,,,,,,,,,,,,,,,,,,,,,,,,,,,,,,,,,,,,,,,,,,,,,,,,,,,,,,,,,,,,,,,,,,,,,,,,,,,,,,,,,,,,,,,,,,,,,,,,,,,,,,,,,,,,,,,,,,,,,,,,,,,,,,,,,,,,,,,,,,,,,,,,,,,,,,,,,,,,,,,,,,,,,,,,,,,,,,,,,,,,,,,,,,,,,,,,,,,,,,,,,,,,,,0.252,0.026,0.019,0.078,-0.075,-0.069,0.057,0.077,0.131,0.134,-0.031,-0.081,-0.214,0.024,-0.05,-0.115,0.078,0.077,0.171,0.049,-0.093,0.086,0.019,0.057,-0.081,-0.115,-0.031,-0.05,0.101,0.101,0.026,-0.069,0.129,-0.076,-0.002,-0.068,0.252,-0.075,0.134,0.024,0.131,-0.214,-0.04,0.52,-0.04,0.52,0.024,0.019,0.063,0,0,0,0,-0.002,-0.002,0,-0.002,0.025,-0.072,0.002,0,0.119,0.025,-0.011,0.002,-0.097,0.119,0,0.016,0.114,0.164,0.002,0.135,0,0,0.004,-0.02,0,0,0.015,-0.081,-0.002,-0.069,-0.002,-0.069,0,0,-0.012,-0.069,-0.013,-0.069,-0.011,-0.092,0,0,0.241,0,0,0,0,0,0,0,0.104,0.087,0.01,0.112,0.012,-0.024,-0.037,0.013,-0.017,0.013,0.018,0.011,-0.01,0.005,0.013,0.005,0.013,-0.049,,,,,,0.062,0.062,0.129,0.062,0.062,-0.014,0,0,0,0,0,0,0,0,0,-0.011,0.03,-0.028,0,0,0,0,,,,,,,,,0,0,0,0,,,,,,,,,,,,,,,,,,,,,,,,,,,,,,,,,,,,,,,,,,,,,,,,,,,,,,,,,,,,,,,,,,,,,,,,,,,,,,,,,,,,,,0
909,-0.003,0.019,-0.179,-0.179,0.031,0.07,-0.015,-0.072,0.061,-0.046,0.331,0.331,-0.02,-0.029,-0.013,-0.142,0.008,-0.227,-0.005,0,0.01,-0.266,-0.079,,,,,,,,,,0.019,-0.009,,,,,,0.336,-0.498,-0.025,0.343,0,0.001,0.005,0.016,-0.015,-0.02,-0.002,-0.035,0.003,-0.021,0.063,0.021,0,0.001,,,,,,,,,,,,,,,,,,,,,,,,,,,,,,,,,,,,,,,,,,,,,,,,,,,,,,,,,,,,,,,,,,,,,,,,,,,,,,,,,,,,,,,,,,,,,,,,,,,,,,,,,,,,,,,,,,,,,,,,,,,,,,,,,,,,,,,,,,,,,,,,,,,,,,,,,,,,,,,,,,,,,,,,,,,,,,,,,,,,,,,,,,,,,,,,,,,,,,,,,,,,,,,,,,,,,,,,,,,,,,,,,,,,,,,,,,,,,,,,,,,,,,,,,,,,,,,,,,,,,,,,,,,,,,,,,,,,,,,,,,,,,,,,,,,,,,,,,,,,,,,,,,,,,,,,,,,,,,,,,,,,,,,,,,,,,,,,,,,,,,,,,,,,,,,,,,,,,,,,,,,,,,,,,,,,,,,,,,,,,,,,,,,,,,,,,,,,,,,,,,,,,,,,,,,,,,,,,,,,,,,,,,,,,,,,,,,,,,,,,,,,,,,,,,,,,,,,,,,,,,,,,,,,,,,,,,,,,,,,,,,,,,,,,,,,,,,,,,,,,,,,,,,,,,,,,,,,,,,,,,,,,,,,,,,,,,,,,,,,,,,,,,,,,,,,,,,,,,,,,,,,,,,,,,,,,,,,,,,,,,,,,,,,,,,,,,,,,,,,,,,,,,,,,,,,,,,,,,,,,,,,,,,,,,,,,,,,,,,,,,,,,,,,,,,,,,,,,,,,,,,,,,,0.049,-0.139,-0.151,-0.207,0.009,0.017,-0.075,-0.02,-0.245,-0.207,0.014,-0.019,0.242,-0.156,-0.017,-0.115,-0.207,-0.02,-0.39,-0.06,0.193,-0.037,-0.151,-0.075,-0.019,-0.115,0.014,-0.017,0.063,0.063,-0.139,0.017,0.071,0.009,-0.059,0.017,0.049,0.009,-0.207,-0.156,-0.245,0.242,0.017,-0.48,0.017,-0.48,-0.014,-0.005,-0.012,0,0,0,0,0.002,0.002,0,-0.003,0.052,-0.125,0.002,0,-0.041,0.052,0.019,0.002,-0.015,-0.041,0,0.043,0.05,0.043,0.002,-0.025,0,0,-0.016,-0.064,0,0,0.005,0.009,-0.002,-0.031,-0.002,-0.031,0,0,-0.012,-0.038,-0.013,-0.038,0.019,-0.009,0,0,0.057,-0.001,0,0,0,0,0,0,-0.015,-0.091,0.09,0.182,0.014,-0.021,-0.005,0.013,-0.003,0.013,0.031,0.011,-0.021,-0.004,0.013,-0.001,0.013,-0.014,,,,,,-0.256,-0.227,-0.169,-0.256,-0.256,-0.022,0,0,0,0,0,0,0,0,0,0,0.03,-0.001,0,0,0,0,,,,,,,,,0,0,0,0,,,,,,,,,,,,,,,,,,,,,,,,,,,,,,,,,,,,,,,,,,,,,,,,,,,,,,,,,,,,,,,,,,,,,,,,,,,,,,,,,,,,,,0
910,,,,,,,,,,,,,,,,,,,,,,,,,,,,,,,,,,,,,,,,,,,,,,,,,,,,,,,,,,,,,,,,,,,,,,,,,,,,,,,,,,,,,,,,,,,,,,,,,,,,,,,,,,,,,,,,,,,,,,,,,,,,,,,,,,,,,,,,,,,,,,,,,,,,,,,,,,,,,,,,,,,,,,,,,0.126,-0.035,-0.033,0.009,-0.049,-0.081,0.115,0.039,-0.166,0,-0.035,0,-0.316,-0.306,-0.316,-0.316,-0.019,-0.067,0.154,-0.22,0.295,0.283,0.31,-0.23,-0.012,0.126,-0.006,-0.008,-0.004,0.367,0.126,0.127,-0.04,-0.1,-0.015,0.001,-0.002,0.231,0.011,-0.006,,,,,,,,,,,,,,,,-0.104,0.049,0.349,0.089,0.065,-0.036,-0.009,-0.06,0.061,,,,,,,,,,-0.087,0.208,-0.228,-0.23,0.154,0.339,0.27,0.105,-0.089,-0.011,,,,,,,,,,,,,,,,,,,,,,,,,,,,,,,,,,,,,,,,,,,,,,,,,,,,,,,,,,,,,,,,,,,,,,,,,,,,,,,,,,,,,,,,,,,,,,,,,,,,,,,,,,,,,,,,,,,,,,,,,,,,,,,,,,,,,,,,,,,,,,,,,,,,,,,,,,,,,,,,,,,,,,,,,,,,,,,,,,,,,,,,,,,,,,,,,,,,,,,,,,,,,,,,,,,,,,,,,,,,,,,,,,,,,,,,,,,,,,,,,,,,,,,,,,,,,,,,,,,,,,,,,,,,,,,,,,,,,,,,,,,,,,,,,,,,,,,,,,,,,,,,,,,,,,,,,,,,,,,,,,,,,,,,,,,,,,,,,,,,,,,,,,,,,,,,,,,,,,,,,,,,,,,,,,,,,,,,,,,,,,,,,,,,,,,,,,,,,,,,,,,,,,,,,,,,,,,,,,,,,,,,,,,,,,,,,,,,,,,,,,,,,0.086,0.016,-0.103,-0.162,-0.03,0.174,0.057,-0.098,-0.035,0.071,-0.049,0.073,0.008,-0.038,,,,,,,,,,,,,,,-0.147,-0.19,-0.037,0.238,-0.08,-0.074,0.006,0.044,0.157,0.185,0.018,-0.053,-0.275,0.181,-0.083,-0.115,0.238,0.044,-0.122,0.004,0.259,0.047,-0.037,0.006,-0.053,-0.115,0.018,-0.083,0.057,0.057,-0.19,-0.074,-0.137,-0.082,-0.076,-0.074,-0.147,-0.08,0.185,0.181,0.157,-0.275,-0.04,-0.48,-0.04,-0.48,-0.023,-0.013,-0.027,0,0,0,0,0.007,0.007,0.004,0,-0.029,-0.151,0.001,0.004,0.039,-0.029,-0.013,0.001,-0.134,0.039,0.004,-0.038,0.146,-0.048,0.002,0.055,0,0,-0.084,-0.093,0,0,0.004,0.045,0.008,-0.01,0.008,-0.01,0,0,-0.013,-0.147,-0.014,-0.148,-0.013,-0.129,0,0,-0.251,-0.004,0,0,0,0,0,0,0.028,-0.15,-0.193,-0.153,0.017,0.03,-0.105,0.013,-0.045,0.013,-0.025,0.009,-0.007,-0.028,0.013,-0.015,0.013,0.018,,,,,,0.108,0.094,-0.194,0.108,0.108,-0.063,0,0,0,0,0,0,0,0,,,,,,,,,-0.092,-0.05,-0.092,-0.05,0,0,0,0,0,0,0,0,,,,,,,,,,,,,,,,,,,,,,,,,,,,,,,,,,,,,,,,,,,,,,,,,,,,,,,,,,,,,,,,,,,,,,,,,,,,,,,,,,,,,,0
911,-0.016,-0.026,-0.179,-0.216,0.074,-0.066,-0.015,-0.032,-0.092,-0.115,0.193,0.193,-0.051,0.188,,,,,,,,,,0.009,-0.1,-0.051,0.441,0.003,0,0.019,-0.123,0,-0.097,-0.007,,,,,,-0.164,0.233,0.007,-0.157,0,0.001,,,,,,,,,,,,,-0.004,-0.113,0.011,0.005,-0.001,0.002,0.004,-0.02,0.208,0.001,0,-0.003,,,,,,,,,,,,,,,,,,,,,,,,,,,,,,,,,,,,,,,,,,,,,,,,,,,,,,,,,,,,,,,,,,,,,,,,,,,,,,,,,,,,,,,,,,,,,,,,,,,,,,,,,,,,,,,,,,,,,,,,,,,,,,,,,,,,,,,,,,,,,,,,,,,,,,,,,,,,,,,,,,,,,,,,,,,,,,,,,,,,,,,,,,,,,,,,,,,,,,,,,,,,,,,,,,,,,,,,,,,,,,,,,,,,,,,,,,,,,,,,,,,,,,,,,,,,,,,,,,,,,,,,,,,,,,,,,,,,,,,,,,,,,,,,,,,,,,,,,,,,,,,,,,,,,,,,,,,,,,,,,,,,,,,,,,,,,,,,,,,,,,,,,,,,,,,,,,,,,,,,,,,,,,,,,,,,,,,,,,,,,,,,,,,,,,,,,,,,,,,,,,,,,,,,,,,,,,,,,,,,,,,,,,,,,,,,,,,,,,,,,,,,,,,,,,,,,,,,,,,,,,,,,,,,,,,,,,,,,,,,,,,,,,,,,,,,,,,,,,,,,,,,,,,,,,,,,,,,,,,,,,,,,,,,,,,,,,,,,,,,,,,,,,,,,,,,,,,,,,,,,,,,,,,,,,,,,,,,,,,,,,,,,,,,,,,,,,,,,,,,,,,,,,,,,,,,,,,,,,,,,,,,,,,,,,,,,,,,,,,,,,,,,,,,,,,,,,,-0.228,-0.149,-0.216,-0.163,0.03,-0.001,0.088,0.148,-0.014,-0.033,0.126,-0.027,0.104,0.305,-0.05,-0.115,-0.163,0.148,-0.363,0.106,0.155,0.131,-0.216,0.088,-0.027,-0.115,0.126,-0.05,0.037,0.037,-0.149,-0.001,-0.008,0.03,-0.062,-0.001,-0.228,0.03,-0.033,0.305,-0.014,0.104,0.246,0.52,0.246,0.52,0.02,0.015,0.02,-0.001,0,0.001,0,-0.01,-0.01,-0.002,0,-0.056,-0.072,-0.001,-0.002,0.219,-0.056,-0.021,-0.001,0.15,0.219,,,,,,,,,,,,,,,,,,,,,,,,,,,,,,,,,0,0,0,0,0.106,0.062,-0.158,-0.135,0.019,0.098,0.003,0.013,0.003,0.013,-0.015,0.007,-0.098,0.018,0.013,0.001,0.013,0.137,,,,,,0.108,0.111,0.061,0.108,0.108,0.173,0,0,0,0,0,0,0,0,0,-0.041,-0.082,-0.104,0,0,0,0,,,,,,,,,0,0,0,0,,,,,,,,,,,,,,,,,,,,,,,,,,,,,,,,,,,,,,,,,,,,,,,,,,,,,,,,,,,,,,,,,,,,,,,,,,,,,,,,,,,,,,0
912,,,,,,,,,,,,,,,,,,,,,,,,,,,,,,,,,,,,,,,,,,,,,,,,,,,,,,,,,,,,,,,,,,,,,,,,,,,,,,,,,,,,,,,,,,,,,,,,,,,,,,,,,,,,,,,,,,,,,,,,,,,,,,,,,,,,,,,,,,,,,,,,,,,,,,,,,,,,,,,,,,,,,,,,,,,,,,,,,,,,,,,,,,,,,,,,,,,,,,,,,,,,,,,,,,,,,,,,,,,,,,,,,,,,,,,,,,,,,,,,,,,,,,,,,,,,-0.025,0.005,-0.05,0.004,-0.191,-0.123,0.018,0.005,0.063,-0.045,-0.026,-0.018,0.095,-0.064,0.037,-0.039,0.002,-0.014,0.074,0.38,0.357,-0.058,0.167,0.001,0.006,0.212,0.006,0.188,-0.024,,,,,,,,,,,,,,,,0.17,0,0.009,0.151,0.003,-0.007,-0.003,0.002,-0.001,,,,,,,,,,0.008,-0.123,0.079,0.095,0.109,0,0.239,0.234,-0.113,0.006,-0.087,,,,,,,,,,,,,,,,,,,,,,,,,,,,,,,,,,,,,,,,,,,,,,,,,,,,,,,,,,,,,,,,,,,,,,,,,,,,,,,,,,,,,,,,,,,,,,,,,,,,,,,,,,,,,,,,,,,,,,,,,,,,,,,,,,,,,,,,,,,,,,,,,,,,,,,,,,,,,,,,,,,,,,,,,,,,,,,,,,,,,,,,,,,,,,,,,,,,,,,,,,,,,,,,,,,,,,,,,,,,,,,,,,,,,,,,,,,,,,,,,,,,,,,,,,,,,,,,,,,,,,,,,,,,,,,,,,,,,,,,,,,,,,,,,,,,,,,,,,,,,,,,,,,,,,,,,,,,,,,,,,,,,,,,,,,,,,,,,,,,,,,,,,,,,,,,,,,,,,,,,,,,,,,,,,,,,,,,,,,,,,,,,,,,,,,,,,,,,,,,-0.216,0.077,0.053,-0.118,-0.121,-0.114,-0.088,-0.118,0.04,0.045,0.114,0.096,-0.12,0.137,-0.083,-0.115,-0.118,-0.118,0.191,-0.098,-0.211,-0.109,0.053,-0.088,0.096,-0.115,0.114,-0.083,0.082,0.082,0.077,-0.114,-0.005,-0.123,0.015,-0.114,-0.216,-0.121,0.045,0.137,0.04,-0.12,0.017,0.52,0.017,0.52,0.001,0.003,0.012,0,0,0,0,-0.003,-0.003,-0.003,-0.002,0.052,-0.072,0.004,-0.003,0.179,0.052,-0.001,0.004,-0.143,0.179,,,,,,,,,,,,,,,,,,,,,,,,,,,,,,,,,0,0,0,0,0.154,0.136,-0.021,-0.12,0.016,0.013,-0.054,0.013,-0.025,0.013,-0.025,0.017,0.083,0.005,0.013,0.003,0.013,0.012,,,,,,-0.074,-0.086,0.017,-0.074,-0.074,-0.209,0,0,0,0,0,0,0,0,0,0.093,-0.193,0.237,0,0,0,0,,,,,,,,,0,0,0,0,,,,,,,,,,,,,,,,,,,,,,,,,,,,,,,,,,,,,,,,,,,,,,,,,,,,,,,,,,,,,,,,,,,,,,,,,,,,,,,,,,,,,,0
913,0.075,0.078,-0.033,0.003,-0.013,-0.203,-0.015,-0.072,0.127,0.067,0.057,0.057,0.049,-0.094,-0.013,-0.029,0.008,-0.134,0,0,0.01,-0.222,-0.077,,,,,,,,,,-0.005,-0.006,,,0.164,-0.25,0.178,,,,0.343,0,0.001,,,,,,,,,,,,,-0.025,0.134,-0.017,-0.01,-0.058,-0.054,-0.094,-0.055,-0.076,-0.008,-0.001,0.002,,,,,,,,,,,,,,,,,,,,,,,,,,,,,,,,,,,,,,,,,,,,,,,,,,,,,,,,,,,,,,,,,,,,,,,,,,,,,,,,,,,,,,,,,,,,,,,,,,,,,,,,,,,,,,,,,,,,,,,,,,,,,,,,,,,,,,,,,,,,,,,,,,,,,,,,,,,,,,,,,,,,,,,,,,,,,,,,,,,,,,,,,,,,,,,,,,,,,,,,,,,,,,,,,,,,,,,,,,,,,,,,,,,,,,,,,,,,,,,,,,,,,,,,,,,,,,,,,,,,,,,,,,,,,,,,,,,,,,,,,,,,,,,,,,,,,,,,,,,,,,,,,,,,,,,,,,,,,,,,,,,,,,,,,,,,,,,,,,,,,,,,,,,,,,,,,,,,,,,,,,,,,,,,,,,,,,,,,,,,,,,,,,,,,,,,,,,,,,,,,,,,,,,,,,,,,,,,,,,,,,,,,,,,,,,,,,,,,,,,,,,,,,,,,,,,,,,,,,,,,,,,,,,,,,,,,,,,,,,,,,,,,,,,,,,,,,,,,,,,,,,,,,,,,,,,,,,,,,,,,,,,,,,,,,,,,,,,,,,,,,,,,,,,,,,,,,,,,,,,,,,,,,,,,,,,,,,,,,,,,,,,,,,,,,,,,,,,,,,,,,,,,,,,,,,,,,,,,,,,,,,,,,,,,,,,,,,,,,,,,,,,,,,,,,,,,,,0.049,-0.03,-0.21,0.07,-0.034,-0.015,-0.012,-0.033,-0.09,-0.106,0.048,0.052,0.148,-0.043,-0.017,-0.115,0.07,-0.033,0.037,-0.021,-0.099,-0.024,-0.21,-0.012,0.052,-0.115,0.048,-0.017,0.104,0.104,-0.03,-0.015,-0.081,-0.035,-0.022,-0.015,0.049,-0.034,-0.106,-0.043,-0.09,0.148,0.017,-0.48,0.017,-0.48,-0.028,-0.024,-0.082,0,0,0,0,-0.019,-0.019,0.001,0.004,0.025,0.112,-0.004,0.001,-0.121,0.025,-0.002,-0.004,0.004,-0.121,0.001,0.016,0.029,0.013,-0.004,-0.105,0,0,0.045,0.024,0,0,-0.002,-0.046,0.001,-0.034,0.001,-0.034,0,0,-0.004,0.032,-0.005,0.032,-0.002,0.009,0,0,0.198,0.006,0,0,0,0,0,0,0.102,0.125,0.075,0.029,0.013,0.022,0.005,0.013,0.003,0.013,-0.039,0.005,-0.117,-0.057,0.013,-0.025,0.013,0.063,,,,,,-0.165,-0.138,0.061,-0.165,-0.165,-0.014,0,0,0,0,0,0,0,0,,,,,,,,,0.108,0.006,0.108,0.006,0,0,0,0,0,0,0,0,,,,,,,,,,,,,,,,,,,,,,,,,,,,,,,,,,,,,,,,,,,,,,,,,,,,,,,,,,,,,,,,,,,,,,,,,,,,,,,,,,,,,,0
914,0.095,0.093,-0.015,-0.034,-0.013,0.025,-0.015,-0.072,-0.026,0.083,0.255,0.255,0.178,0.016,,,,,,,,,,0.009,-0.091,-0.051,0.506,0.002,0,0.019,-0.099,0.05,-0.13,-0.017,,,,,,-0.164,0.396,-0.017,-0.157,0,0.001,,,,,,,,,,,,,,,,,,,,,,,,,-0.121,-0.036,-0.011,0.003,-0.212,-0.173,-0.041,-0.15,0.149,0.018,-0.204,0.051,,,,,,,,,,,,,,,,,,,,,,,,,,,,,,,,,,,,,,,,,,,,,,,,,,,,,,,,,,,,,,,,,,,,,,,,,,,,,,,,,,,,,,,,,,,,,,,,,,,,,,,,,,,,,,,,,,,,,,,,,,,,,,,,,,,,,,,,,,,,,,,,,,,,,,,,,,,,,,,,,,,,,,,,,,,,,,,,,,,,,,,,,,,,,,,,,,,,,,,,,,,,,,,,,,,,,,,,,,,,,,,,,,,,,,,,,,,,,,,,,,,,,,,,,,,,,,,,,,,,,,,,,,,,,,,,,,,,,,,,,,,,,,,,,,,,,,,,,,,,,,,,,,,,,,,,,,,,,,,,,,,,,,,,,,,,,,,,,,,,,,,,,,,,,,,,,,,,,,,,,,,,,,,,,,,,,,,,,,,,,,,,,,,,,,,,,,,,,,,,,,,,,,,,,,,,,,,,,,,,,,,,,,,,,,,,,,,,,,,,,,,,,,,,,,,,,,,,,,,,,,,,,,,,,,,,,,,,,,,,,,,,,,,,,,,,,,,,,,,,,,,,,,,,,,,,,,,,,,,,,,,,,,,,,,,,,,,,,,,,,,,,,,,,,,,,,,,,,,,,,,,,,,,,,,,,,,,,,,,,,,,,,,,,,,,,,,,,,,,,,,,,,,,,,,,,,,,,,,,,,,,,,,,,,,,,,,,,,,,,,,,-0.28,0.026,0.183,-0.085,0.05,0.036,0.069,0.044,0.079,0.084,-0.021,-0.034,-0.287,0.125,-0.017,-0.115,-0.085,0.044,0.268,0.061,-0.191,0.054,0.183,0.069,-0.034,-0.115,-0.021,-0.017,0.057,0.057,0.026,0.036,-0.023,0.05,-0.002,0.036,-0.28,0.05,0.084,0.125,0.079,-0.287,-0.04,-0.48,-0.04,-0.48,-0.019,-0.013,-0.031,0,0,0,0,0.002,0.002,0,0,0.025,-0.151,0.001,0,-0.081,0.025,-0.013,0.001,-0.001,-0.081,-0.001,0.016,-0.083,-0.078,0.002,-0.065,0,0,-0.055,-0.069,0,0,0.004,0.013,0.008,0,0.008,0,0,0,-0.013,-0.06,0.086,-0.055,-0.013,0.004,0,0,-0.312,-0.009,0,0,0,0,0,0,0.138,0.103,-0.006,-0.119,0.018,0.053,-0.079,0.013,-0.035,0.013,-0.045,0.011,-0.021,-0.033,0.013,-0.015,0.013,-0.007,,,,,,-0.119,-0.123,-0.358,-0.119,-0.119,0.067,0,0,0,0,0,0,0,0,,,,,,,,,0.108,-0.016,0.108,-0.016,0,0,0,0,0,0,0,0,,,,,,,,,,,,,,,,,,,,,,,,,,,,,,,,,,,,,,,,,,,,,,,,,,,,,,,,,,,,,,,,,,,,,,,,,,,,,,,,,,,,,,0
916,,,,,,,,,,,,,,,,,,,,,,,,,,,,,,,,,,,,,,,,,,,,,,,,,,,,,,,,,,,,,,,,,,,,,,,,,,,,,,,,,,,,,,,,,,,,,,,,,,,,,,,,,,,,,,,,,,,,,,,,,,,,,,,,,,,,,,,,,,,,,,,,,,,,,,,,,,,,,,,,,,,,,,,,,,,,,,,,,,,,,,,,,,,,,,,,,,,,,,,,,,,,,,,,,,,,,,,,,,,,,,,,,,,,,,,,,,,,,,,,,,,,,,,,,,,,-0.039,-0.041,-0.021,0.013,-0.153,-0.161,-0.023,-0.002,-0.136,0.137,0.137,0.213,-0.17,0.032,0.067,-0.142,-0.001,0.026,0.085,-0.287,-0.243,-0.009,-0.392,-0.001,-0.005,-0.21,-0.005,-0.153,0.089,,,,,,,,,,,,,,,,-0.391,0,0.006,0.074,-0.002,-0.051,0.002,-0.113,0.01,,,,,,,,,,-0.025,-0.161,-0.169,-0.17,-0.043,0,0.271,0.249,-0.019,-0.027,0.045,,,,,,,,,,,,,,,,,,,,,,,,,,,,,,,,,,,,,,,,,,,,,,,,,,,,,,,,,,,,,,,,,,,,,,,,,,,,,,,,,,,,,,,,,,,,,,,,,,,,,,,,,,,,,,,,,,,,,,,,,,,,,,,,,,,,,,,,,,,,,,,,,,,,,,,,,,,,,,,,,,,,,,,,,,,,,,,,,,,,,,,,,,,,,,,,,,,,,,,,,,,,,,,,,,,,,,,,,,,,,,,,,,,,,,,,,,,,,,,,,,,,,,,,,,,,,,,,,,,,,,,,,,,,,,,,,,,,,,,,,,,,,,,,,,,,,,,,,,,,,,,,,,,,,,,,,,,,,,,,,,,,,,,,,,,,,,,,,,,,,,,,,,,,,,,,,,,,,,,,,,,,,,,,,,,,-0.367,-0.335,0.052,-0.088,-0.03,-0.064,0.123,-0.01,-0.035,-0.039,0.051,0.038,-0.026,0.89,,,,,,,,,,,,,,,0.119,-0.19,-0.037,0.131,-0.003,-0.042,-0.044,0.025,0.053,0.058,-0.297,-0.317,-0.073,-0.144,0.017,0.218,0.131,0.025,-0.186,-0.015,0.259,-0.005,-0.037,-0.044,-0.317,0.218,-0.297,0.017,0.057,0.057,-0.19,-0.042,0.09,-0.004,-0.076,-0.041,0.119,-0.003,0.058,-0.144,0.053,-0.073,-0.04,0.52,-0.04,0.52,-0.033,-0.017,-0.035,0,0,0,0,0,0,0.001,-0.002,-0.056,-0.125,-0.004,0.001,0.139,-0.056,-0.001,-0.004,0.027,0.139,0.001,-0.065,0.111,0.134,-0.003,0.155,0,0,0.017,0.125,0,0,0.008,0.127,0.002,0.093,0.002,0.093,0,0,-0.004,0.05,-0.005,0.05,-0.002,0.032,0,0,-0.045,-0.004,0,0,0,0,0,0,-0.114,-0.133,-0.098,-0.145,0.011,-0.029,-0.044,0.013,-0.019,0.013,0.005,0.012,-0.041,0.012,0.013,0.007,0.013,0.079,,,,,,-0.165,-0.146,0.108,-0.165,-0.165,0.043,0,0,0,0,0,0,0,0,,,,,,,,,-0.092,-0.062,-0.092,-0.062,0,0,0,0,0,0,0,0,,,,,,,,,,,,,,,,,,,,,,,,,,,,,,,,,,,,,,,,,,,,,,,,,,,,,,,,,,,,,,,,,,,,,,,,,,,,,,,,,,,,,,0
917,0.115,0.041,-0.197,-0.197,0.074,0.161,-0.03,-0.072,0.061,0.206,-0.198,-0.198,0.157,-0.013,-0.013,0.468,0.008,-0.129,0.005,0,0.01,0.342,0.055,,,,,,,,,,-0.048,0,,,,,,0.336,-0.502,-0.024,0.343,0,0.001,,,,,,,,,,,,,,,,,,,,,,,,,-0.186,0.025,-0.02,-0.012,-0.312,-0.311,-0.102,-0.189,-0.071,-0.028,-0.254,-0.037,,,,,,,,,,,,,,,,,,,,,,,,,,,,,,,,,,,,,,,,,,,,,,,,,,,,,,,,,,,,,,,,,,,,,,,,,,,,,,,,,,,,,,,,,,,,,,,,,,,,,,,,,,,,,,,,,,,,,,,,,,,,,,,,,,,,,,,,,,,,,,,,,,,,,,,,,,,,,,,,,,,,,,,,,,,,,,,,,,,,,,,,,,,,,,,,,,,,,,,,,,,,,,,,,,,,,,,,,,,,,,,,,,,,,,,,,,,,,,,,,,,,,,,,,,,,,,,,,,,,,,,,,,,,,,,,,,,,,,,,,,,,,,,,,,,,,,,,,,,,,,,,,,,,,,,,,,,,,,,,,,,,,,,,,,,,,,,,,,,,,,,,,,,,,,,,,,,,,,,,,,,,,,,,,,,,,,,,,,,,,,,,,,,,,,,,,,,,,,,,,,,,,,,,,,,,,,,,,,,,,,,,,,,,,,,,,,,,,,,,,,,,,,,,,,,,,,,,,,,,,,,,,,,,,,,,,,,,,,,,,,,,,,,,,,,,,,,,,,,,,,,,,,,,,,,,,,,,,,,,,,,,,,,,,,,,,,,,,,,,,,,,,,,,,,,,,,,,,,,,,,,,,,,,,,,,,,,,,,,,,,,,,,,,,,,,,,,,,,,,,0.197,-0.025,0.109,0.188,-0.031,0.087,-0.072,0.011,-0.035,0.057,0.046,-0.104,0.071,-0.034,,,,,,,,,,,,,,,,,,,,,,,,,,,,,-0.216,-0.03,0.184,-0.207,0.05,-0.002,0.063,0.012,0.066,0.02,-0.185,-0.134,0.125,0.069,0.017,0.218,-0.207,0.012,0.269,0.055,-0.263,0.021,0.184,0.063,-0.134,0.218,-0.185,0.017,0.063,0.063,-0.03,-0.002,-0.005,0.05,-0.022,-0.001,-0.216,0.05,0.02,0.069,0.066,0.125,0.017,-0.48,0.017,-0.48,0.029,0.011,0.031,0,0,0,0,-0.006,-0.006,-0.003,0.001,0.052,-0.046,0.004,-0.003,0.219,0.052,-0.001,0.004,-0.07,0.219,-0.003,0.043,0.147,0.225,0.004,0.235,0,0,-0.022,0.086,0,0,-0.002,0.108,-0.009,0.074,-0.009,0.074,0,0,-0.004,-0.012,-0.005,-0.012,-0.002,-0.064,0,0,-0.045,-0.004,0,0,0,0,0,0,0.056,0.013,0.017,-0.038,0.008,-0.038,0.031,0.013,0.013,0.013,0.011,0.014,0.021,-0.009,0.013,-0.009,0.013,-0.036,,,,,,0.017,0.027,0.122,0.017,0.017,0.018,0,0,0,0,0,0,0,0,,,,,,,,,-0.192,-0.131,-0.192,-0.131,0,0,0,0,0,0,0,0,,,,,,,,,,,,,,,,,,,,,,,,,,,,,,,,,,,,,,,,,,,,,,,,,,,,,,,,,,,,,,,,,,,,,,,,,,,,,,,,,,,,,,0
919,0.003,-0.019,-0.197,-0.179,0.074,0.161,-0.015,-0.072,0.092,0.072,0.354,0.354,0.162,-0.008,,,,,,,,,,0.009,0.591,0.049,-0.19,0.004,0,0.119,-0.29,0.043,0.076,0.007,,,,,,-0.164,0.343,-0.017,-0.157,0,0.001,,,,,,,,,,,,,0.01,-0.018,0.021,-0.003,-0.039,-0.032,-0.043,-0.046,-0.007,-0.003,0,0.001,,,,,,,,,,,,,,,,,,,,,,,,,,,,,,,,,,,,,,,,,,,,,,,,,,,,,,,,,,,,,,,,,,,,,,,,,,,,,,,,,,,,,,,,,,,,,,,,,,,,,,,,,,,,,,,,,,,,,,,,,,,,,,,,,,,,,,,,,,,,,,,,,,,,,,,,,,,,,,,,,,,,,,,,,,,,,,,,,,,,,,,,,,,,,,,,,,,,,,,,,,,,,,,,,,,,,,,,,,,,,,,,,,,,,,,,,,,,,,,,,,,,,,,,,,,,,,,,,,,,,,,,,,,,,,,,,,,,,,,,,,,,,,,,,,,,,,,,,,,,,,,,,,,,,,,,,,,,,,,,,,,,,,,,,,,,,,,,,,,,,,,,,,,,,,,,,,,,,,,,,,,,,,,,,,,,,,,,,,,,,,,,,,,,,,,,,,,,,,,,,,,,,,,,,,,,,,,,,,,,,,,,,,,,,,,,,,,,,,,,,,,,,,,,,,,,,,,,,,,,,,,,,,,,,,,,,,,,,,,,,,,,,,,,,,,,,,,,,,,,,,,,,,,,,,,,,,,,,,,,,,,,,,,,,,,,,,,,,,,,,,,,,,,,,,,,,,,,,,,,,,,,,,,,,,,,,,,,,,,,,,,,,,,,,,,,,,,,,,,,,,,,,,,,,,,,,,,,,,,,,,,,,,,,,,,,,,,,,,,,,,,,,,,,,,,,,,,-0.147,0.134,-0.147,-0.193,-0.05,-0.039,0.032,-0.027,0.157,0.134,-0.08,-0.128,-0.263,0.013,-0.017,-0.115,-0.193,-0.027,0.073,0.023,-0.255,-0.018,-0.147,0.032,-0.128,-0.115,-0.08,-0.017,0.057,0.057,0.134,-0.039,0.015,-0.051,0.035,-0.039,-0.147,-0.05,0.134,0.013,0.157,-0.263,-0.04,-0.48,-0.04,-0.48,-0.023,-0.013,-0.024,0,0,0,0,0.001,0.001,0.007,0.002,-0.11,0.007,0.006,0.007,0.079,-0.11,0.007,0.006,-0.148,0.079,0.007,-0.119,0.149,0.013,0.007,0.095,0,0,-0.068,-0.062,0,0,-0.009,0.001,-0.006,-0.01,-0.006,-0.01,0,0,0.003,-0.156,0.002,-0.156,0.007,-0.142,0,0,-0.271,-0.003,0,0,0,0,0,0,0.131,0.194,0.049,-0.096,0.013,0.039,0.059,0.013,0.029,0.013,-0.015,0.016,0.058,-0.001,0.013,0.001,0.013,-0.03,,,,,,0.017,0.024,0.195,0.017,0.017,0.067,0,0,0,0,0,0,0,0,,,,,,,,,0.008,-0.001,0.008,-0.001,0,0,0,0,0,0,0,0,,,,,,,,,,,,,,,,,,,,,,,,,,,,,,,,,,,,,,,,,,,,,,,,,,,,,,,,,,,,,,,,,,,,,,,,,,,,,,,,,,,,,,0
920,,,,,,,,,,,,,,,,,,,,,,,,,,,,,,,,,,,,,,,,,,,,,,,,,,,,,,,,,,,,,,,,,,,,,,,,,,,,,,,,,,-0.063,-0.097,-0.065,-0.17,-0.109,-0.077,0.002,0.022,-0.128,-0.179,0.199,0.199,-0.003,-0.2,,,,,,,,,,0.012,-0.18,0.048,-0.352,0.005,0,0.013,-0.145,-0.323,-0.004,-0.006,,,,,,-0.044,-0.011,0.121,-0.197,0,0,-0.009,0.022,-0.023,0.067,0.033,0.043,0.057,-0.132,-0.176,0.022,-0.046,0.029,0.011,0.002,,,,,,,,,,,,,,,,,,,,,,,,,,,,,,,,,,,,,,,,,,,,,,,,,,,,,,,,,,,,,,,,,,,,,,,,,,,,,,,,,,,,,,,,,,,,,,,,,,,,,,,,,,,,,,,,,,,,,,,,,,,,,,,,,,,,,,,,,,,,,,,,,,,,,,,,,,,,,,,,,,,,,,,,,,,,,,,,,,,,,,,,,,,,,,,,,,,,,,,,,,,,,,,,,,,,,,,,,,,,,,,,,,,,,,,,,,,,,,,,,,,,,,,,,,,,,,,,,,,,,,,,,,,,,,,,,,,,,,,,,,,,,,,,,,,,,,,,,,,,,,,,,,,,,,,,,,,,,,,,,,,,,,,,,,,,,,,,,,,,,,,,,,,,,,,,,,,,,,,,,,,,,,,,,,,,,,,,,,,,,,,,,,,,,,,,,,,,,,,,,,,,,,,,,,,,,,,,,,,,,,,,,,,,,,,,,,,,,,,,,,,,,,,,,,,,,,,,,,,,,,,,,,,,,,,,,,,,,,,,,,,,,,,,,,,,,,,,,,,,,,,,,,,,,,,,,,,,,,,,,,,,,,,,,,,,,,,,,,,,,,,,,,,,,,,,,,,,,,,,,,,,,,,,,,,,,,,,,,,,,,,,-0.236,0.278,-0.182,-0.023,-0.088,-0.063,-0.17,-0.137,-0.094,-0.06,-0.264,-0.228,-0.073,0.08,0.25,0.218,-0.023,-0.137,-0.279,-0.174,0.174,-0.135,-0.182,-0.17,-0.228,0.218,-0.264,0.25,-0.769,-0.769,0.278,-0.063,-0.011,-0.089,0.084,-0.063,-0.236,-0.088,-0.06,0.08,-0.094,-0.073,-0.24,0.52,-0.24,0.52,0.005,-0.001,0,0,0,0,0,-0.003,-0.003,0.005,0.002,0.079,0.059,0,0.005,-0.141,0.079,0.002,0,-0.07,-0.141,,,,,,,,,,,,,,,,,,,,,,,,,,,,,,,,,0,0,0,0,-0.023,-0.132,0.117,0.086,0.01,-0.012,0.058,0.013,0.027,0.013,0.018,0.012,-0.05,0.073,0.013,0.033,0.013,0.063,,,,,,-0.074,-0.081,0.008,-0.074,-0.074,0.035,0,0,0,0,0,0,0,0,,,,,,,,,0.108,0.069,0.108,0.069,0,0,0,0,0,0,0,0,,,,,,,,,,,,,,,,,,,,,,,,,,,,,,,,,,,,,,,,,,,,,,,,,,,,,,,,,,,,,,,,,,,,,,,,,,,,,,,,,,,,,,0
925,-0.108,-0.093,0.348,0.348,0.074,0.07,0.015,0.048,0.224,-0.003,0.197,0.197,-0.143,0.012,,,,,,,,,,0.009,-0.263,0.049,-0.341,0.006,0,-0.081,0.48,-0.064,-0.002,0.045,,,-0.336,0.374,-0.019,,,,-0.157,0,0.001,,,,,,,,,,,,,,,,,,,,,,,,,0.102,-0.076,0.049,0.125,0.088,0.085,0.113,-0.018,0.348,0.09,0.053,0.158,,,,,,,,,,,,,,,,,,,,,,,,,,,,,,,,,,,,,,,,,,,,,,,,,,,,,,,,,,,,,,,,,,,,,,,,,,,,,,,,,,,,,,,,,,,,,,,,,,,,,,,,,,,,,,,,,,,,,,,,,,,,,,,,,,,,,,,,,,,,,,,,,,,,,,,,,,,,,,,,,,,,,,,,,,,,,,,,,,,,,,,,,,,,,,,,,,,,,,,,,,,,,,,,,,,,,,,,,,,,,,,,,,,,,,,,,,,,,,,,,,,,,,,,,,,,,,,,,,,,,,,,,,,,,,,,,,,,,,,,,,,,,,,,,,,,,,,,,,,,,,,,,,,,,,,,,,,,,,,,,,,,,,,,,,,,,,,,,,,,,,,,,,,,,,,,,,,,,,,,,,,,,,,,,,,,,,,,,,,,,,,,,,,,,,,,,,,,,,,,,,,,,,,,,,,,,,,,,,,,,,,,,,,,,,,,,,,,,,,,,,,,,,,,,,,,,,,,,,,,,,,,,,,,,,,,,,,,,,,,,,,,,,,,,,,,,,,,,,,,,,,,,,,,,,,,,,,,,,,,,,,,,,,,,,,,,,,,,,,,,,,,,,,,,,,,,,,,,,,,,,,,,,,,,,,,,,,,,,,,,,,,,,,,,,,,,,,,,,,,,,,,,,,,,,,,,,,,,,,,,,,,,,,,,,,,,,,,,,,,,,,0.226,0.005,-0.006,0.15,-0.067,-0.052,0.176,0.252,0.126,0.18,0.029,0.072,-0.002,-0.032,0.25,-0.115,0.15,0.252,-0.175,0.208,0.277,0.222,-0.006,0.176,0.072,-0.115,0.029,0.25,-0.702,-0.702,0.005,-0.052,0.121,-0.069,-0.009,-0.052,0.226,-0.067,0.18,-0.032,0.126,-0.002,-0.183,0.52,-0.183,0.52,,,,0,0,0,0,-0.003,-0.003,-0.005,0.002,-0.002,-0.099,0.007,-0.005,0.159,-0.002,0.001,0.007,-0.001,0.159,,,,,,,,,,,,,,,,,,,,,,,,,,,,,,,,,0,0,0,0,-0.19,-0.143,0.088,0.293,0.009,0.01,0.084,0.013,0.039,0.013,0.025,0.014,0.046,0.049,0.013,0.019,0.013,-0.007,,,,,,0.017,0.014,0.054,0.017,0.017,-0.039,0,0,0,0,0,0,0,0,0,-0.033,0.03,-0.083,0,0,0,0,,,,,,,,,0,0,0,0,,,,,,,,,,,,,,,,,,,,,,,,,,,,,,,,,,,,,,,,,,,,,,,,,,,,,,,,,,,,,,,,,,,,,,,,,,,,,,,,,,,,,,0
926,,,,,,,,,,,,,,,,,,,,,,,,,,,,,,,,,,,,,,,,,,,,,,,,,,,,,,,,,,,,,,,,,,,,,,,,,,,,,,,,,,0.041,0.047,0.059,0.157,-0.109,-0.154,-0.002,-0.01,-0.024,-0.104,0.006,0.006,0.037,-0.085,,,,,,,,,,0.012,-0.193,0.048,-0.344,-0.007,0,0.013,-0.037,0.049,-0.009,0.04,,,,,,-0.044,-0.015,0.136,-0.197,0,0,,,,,,,,,,,,,,,,,,,,,,,,,,,,,0.002,-0.166,-0.029,0.048,0.124,0.148,-0.002,0.043,-0.251,0.049,-0.091,-0.054,0.247,-0.032,,,,,,,,,,,,,,,,,,,,,,,,,,,,,,,,,,,,,,,,,,,,,,,,,,,,,,,,,,,,,,,,,,,,,,,,,,,,,,,,,,,,,,,,,,,,,,,,,,,,,,,,,,,,,,,,,,,,,,,,,,,,,,,,,,,,,,,,,,,,,,,,,,,,,,,,,,,,,,,,,,,,,,,,,,,,,,,,,,,,,,,,,,,,,,,,,,,,,,,,,,,,,,,,,,,,,,,,,,,,,,,,,,,,,,,,,,,,,,,,,,,,,,,,,,,,,,,,,,,,,,,,,,,,,,,,,,,,,,,,,,,,,,,,,,,,,,,,,,,,,,,,,,,,,,,,,,,,,,,,,,,,,,,,,,,,,,,,,,,,,,,,,,,,,,,,,,,,,,,,,,,,,,,,,,,,,,,,,,,,,,,,,,,,,,,,,,,,,,,,,,,,,,,,,,,,,,,,,,,,,,,,,,,,,,,,,,,,,,,,,,,,,,,,,,,,,,,,,,,,,,,,,,,,,,,,,,,,,,,,,,,,,,,,,,,,,,,,,,,,,,,,,,,,,,,,,,,,,,,,,,,,,,,,,,,,,,,,,,,,,,,,,,,,,,,,,,,,0.182,0.077,0.093,0.258,0.142,0.139,-0.075,-0.02,-0.038,-0.081,0.2,0.236,0.266,-0.156,-0.083,-0.115,0.258,-0.02,-0.11,-0.06,0.335,-0.037,0.093,-0.075,0.236,-0.115,0.2,-0.083,0.082,0.082,0.077,0.139,0.109,0.144,0.015,0.139,0.182,0.142,-0.081,-0.156,-0.038,0.266,0.017,-0.48,0.017,-0.48,0.062,0.031,0.055,0,0,0,0,0.012,0.012,0,0,-0.002,-0.099,0.002,0,-0.041,-0.002,-0.011,0.002,0.027,-0.041,0,-0.011,0.018,0.073,0.002,-0.025,0,0,0.023,0.006,0,0,-0.005,0.029,-0.002,0.025,-0.002,0.025,0,0,-0.012,0.01,-0.013,0.01,-0.011,0.032,0,0,-0.004,-0.001,0,0,0,0,0,0,-0.025,-0.136,0.005,0.045,0.012,0.025,0.057,0.013,0.027,0.013,-0.045,0.02,0.154,-0.029,0.013,-0.013,0.013,-0.014,,,,,,-0.119,-0.117,-0.119,-0.119,-0.119,-0.055,0,0,0,0,0,0,0,0,0,0.085,0.03,0.217,0,0,0,0,,,,,,,,,0,0,0,0,,,,,,,,,,,,,,,,,,,,,,,,,,,,,,,,,,,,,,,,,,,,,,,,,,,,,,,,,,,,,,,,,,,,,,,,,,,,,,,,,,,,,,0
928,0.043,0.033,-0.197,-0.179,0.074,0.116,-0.015,-0.072,-0.072,-0.024,0.076,0.076,-0.166,-0.096,,,,,,,,,,0.009,0.147,0.049,-0.112,0.006,0,0.019,-0.027,-0.008,-0.083,-0.029,,,-0.336,0.292,0.047,,,,-0.157,0,0.001,,,,,,,,,,,,,-0.006,0.045,0,-0.008,-0.039,-0.039,-0.021,0.012,0.11,-0.001,0,-0.004,,,,,,,,,,,,,,,,,,,,,,,,,,,,,,,,,,,,,,,,,,,,,,,,,,,,,,,,,,,,,,,,,,,,,,,,,,,,,,,,,,,,,,,,,,,,,,,,,,,,,,,,,,,,,,,,,,,,,,,,,,,,,,,,,,,,,,,,,,,,,,,,,,,,,,,,,,,,,,,,,,,,,,,,,,,,,,,,,,,,,,,,,,,,,,,,,,,,,,,,,,,,,,,,,,,,,,,,,,,,,,,,,,,,,,,,,,,,,,,,,,,,,,,,,,,,,,,,,,,,,,,,,,,,,,,,,,,,,,,,,,,,,,,,,,,,,,,,,,,,,,,,,,,,,,,,,,,,,,,,,,,,,,,,,,,,,,,,,,,,,,,,,,,,,,,,,,,,,,,,,,,,,,,,,,,,,,,,,,,,,,,,,,,,,,,,,,,,,,,,,,,,,,,,,,,,,,,,,,,,,,,,,,,,,,,,,,,,,,,,,,,,,,,,,,,,,,,,,,,,,,,,,,,,,,,,,,,,,,,,,,,,,,,,,,,,,,,,,,,,,,,,,,,,,,,,,,,,,,,,,,,,,,,,,,,,,,,,,,,,,,,,,,,,,,,,,,,,,,,,,,,,,,,,,,,,,,,,,,,,,,,,,,,,,,,,,,,,,,,,,,,,,,,,,,,,,,,,,,,,,,,,,,,,,,,,,,,,,,,,,,,,,,,,,,,,,,,-0.236,-0.047,-0.157,-0.108,-0.082,-0.066,0.057,0.077,0.062,0.067,-0.079,-0.031,-0.096,-0.2,0.117,-0.115,-0.108,0.077,0.068,0.049,-0.204,0.086,-0.157,0.057,-0.031,-0.115,-0.079,0.117,-0.029,-0.029,-0.047,-0.066,-0.011,-0.084,-0.027,-0.066,-0.236,-0.082,0.067,-0.2,0.062,-0.096,-0.24,0.52,-0.24,0.52,0.058,0.042,0.122,0,0,0,0,-0.007,-0.007,-0.001,-0.002,0.079,-0.02,-0.003,-0.001,-0.061,0.079,-0.008,-0.003,-0.061,-0.061,,,,,,,,,,,,,,,,,,,,,,,,,,,,,,,,,0,0,0,0,-0.05,-0.165,0.108,-0.027,0.011,-0.024,-0.108,0.013,-0.049,0.013,0.025,0.011,-0.004,0.058,0.013,0.027,0.013,0.038,,,,,,-0.119,-0.086,0.127,-0.119,-0.119,-0.071,0,0,0,0,0,0,0,0,0,-0.039,0.03,-0.099,0,0,0,0,,,,,,,,,0,0,0,0,,,,,,,,,,,,,,,,,,,,,,,,,,,,,,,,,,,,,,,,,,,,,,,,,,,,,,,,,,,,,,,,,,,,,,,,,,,,,,,,,,,,,,0
929,,,,,,,,,,,,,,,,,,,,,,,,,,,,,,,,,,,,,,,,,,,,,,,,,,,,,,,,,,,,,,,,,,,,,,,,,,,,,,,,,,0.059,0.033,0.067,0.175,0.169,0.231,-0.002,0.022,-0.039,-0.124,-0.138,-0.138,0.053,-0.007,,,,,,,,,,0.012,-0.231,-0.052,0.292,-0.002,0,-0.087,0.439,-0.01,0.015,-0.015,,,-0.01,0.337,-0.04,,,,0.803,0,0,,,,,,,,,,,,,,,,,,,,,,,,,,,,,-0.078,-0.169,-0.055,0.042,-0.33,-0.345,-0.042,0.018,-0.03,-0.068,-0.043,0.035,-0.335,-0.232,,,,,,,,,,,,,,,,,,,,,,,,,,,,,,,,,,,,,,,,,,,,,,,,,,,,,,,,,,,,,,,,,,,,,,,,,,,,,,,,,,,,,,,,,,,,,,,,,,,,,,,,,,,,,,,,,,,,,,,,,,,,,,,,,,,,,,,,,,,,,,,,,,,,,,,,,,,,,,,,,,,,,,,,,,,,,,,,,,,,,,,,,,,,,,,,,,,,,,,,,,,,,,,,,,,,,,,,,,,,,,,,,,,,,,,,,,,,,,,,,,,,,,,,,,,,,,,,,,,,,,,,,,,,,,,,,,,,,,,,,,,,,,,,,,,,,,,,,,,,,,,,,,,,,,,,,,,,,,,,,,,,,,,,,,,,,,,,,,,,,,,,,,,,,,,,,,,,,,,,,,,,,,,,,,,,,,,,,,,,,,,,,,,,,,,,,,,,,,,,,,,,,,,,,,,,,,,,,,,,,,,,,,,,,,,,,,,,,,,,,,,,,,,,,,,,,,,,,,,,,,,,,,,,,,,,,,,,,,,,,,,,,,,,,,,,,,,,,,,,,,,,,,,,,,,,,,,,,,,,,,,,,,,,,,,,,,,,,,,,,,,,,,,,,,,,,,,,0.049,-0.139,-0.017,-0.174,-0.078,-0.058,-0.019,0.006,-0.064,-0.081,-0.075,-0.086,0.148,0.013,-0.05,-0.115,-0.174,0.006,-0.11,-0.021,-0.244,0.015,-0.017,-0.019,-0.086,-0.115,-0.075,-0.05,0.082,0.082,-0.139,-0.058,-0.119,-0.08,-0.059,-0.058,0.049,-0.078,-0.081,0.013,-0.064,0.148,0.017,-0.48,0.017,-0.48,-0.019,-0.017,-0.075,0,0,0,0,-0.008,-0.008,-0.003,0.001,0.025,0.059,-0.004,-0.003,0.119,0.025,0.029,-0.004,0.036,0.119,-0.003,0.016,0.047,0.316,-0.003,0.135,0,0,-0.003,0.024,0,0,0.008,0.056,-0.009,0.034,-0.009,0.034,0,0,0.022,0.037,0.021,0.037,0.029,0.041,0,0,0.14,-0.001,0,0,0,0,0,0,-0.009,0.026,-0.067,-0.011,0.011,-0.018,0.023,0.013,0.013,0.013,0.051,0.011,0.001,0.023,0.013,0.011,0.013,-0.036,,,,,,-0.256,-0.224,-0.078,-0.256,-0.256,0.108,0,0,0,0,0,0,0,0,0,-0.002,0.03,-0.006,0,0,0,0,,,,,,,,,0,0,0,0,,,,,,,,,,,,,,,,,,,,,,,,,,,,,,,,,,,,,,,,,,,,,,,,,,,,,,,,,,,,,,,,,,,,,,,,,,,,,,,,,,,,,,0
934,0.003,-0.034,0.312,0.348,-0.056,0.07,0.022,0.128,0.041,0.109,0.328,0.328,0.055,0.034,,,,,,,,,,0.009,-0.174,0.049,-0.302,0,0,0.019,-0.194,-0.025,0.075,-0.002,,,0.164,-0.287,-0.083,,,,0.343,0,0.001,-0.014,-0.019,-0.012,0.053,0.002,0.053,0.135,0.009,0.111,0.069,0.001,-0.001,,,,,,,,,,,,,,,,,,,,,,,,,,,,,,,,,,,,,,,,,,,,,,,,,,,,,,,,,,,,,,,,,,,,,,,,,,,,,,,,,,,,,,,,,,,,,,,,,,,,,,,,,,,,,,,,,,,,,,,,,,,,,,,,,,,,,,,,,,,,,,,,,,,,,,,,,,,,,,,,,,,,,,,,,,,,,,,,,,,,,,,,,,,,,,,,,,,,,,,,,,,,,,,,,,,,,,,,,,,,,,,,,,,,,,,,,,,,,,,,,,,,,,,,,,,,,,,,,,,,,,,,,,,,,,,,,,,,,,,,,,,,,,,,,,,,,,,,,,,,,,,,,,,,,,,,,,,,,,,,,,,,,,,,,,,,,,,,,,,,,,,,,,,,,,,,,,,,,,,,,,,,,,,,,,,,,,,,,,,,,,,,,,,,,,,,,,,,,,,,,,,,,,,,,,,,,,,,,,,,,,,,,,,,,,,,,,,,,,,,,,,,,,,,,,,,,,,,,,,,,,,,,,,,,,,,,,,,,,,,,,,,,,,,,,,,,,,,,,,,,,,,,,,,,,,,,,,,,,,,,,,,,,,,,,,,,,,,,,,,,,,,,,,,,,,,,,,,,,,,,,,,,,,,,,,,,,,,,,,,,,,,,,,,,,,,,,,,,,,,,,,,,,,,,,,,,,,,,,,,,,,,,,,,,,,,,,,,,,,,,,,,,,,,,,,,,,,,,,,,,,,,,,,0.049,-0.03,0.011,0.07,-0.014,-0.029,0.082,0.064,-0.09,-0.106,-0.051,0.014,0.172,0.069,-0.05,-0.115,0.07,0.064,0.167,0.074,-0.099,0.073,0.011,0.082,0.014,-0.115,-0.051,-0.05,0.104,0.104,-0.03,-0.029,0.071,-0.015,-0.022,-0.028,0.049,-0.014,-0.106,0.069,-0.09,0.172,0.017,-0.48,0.017,-0.48,-0.028,-0.02,-0.078,0,0,0,0,-0.012,-0.012,-0.003,-0.002,-0.029,0.217,-0.004,-0.003,-0.221,-0.029,-0.002,-0.004,0.004,-0.221,-0.003,-0.038,-0.2,-0.108,-0.004,-0.205,0,0,0.036,0.19,0,0,0.008,0.029,-0.009,0.04,-0.01,0.04,0,0,-0.004,0.054,-0.005,0.054,-0.002,0.009,0,0,0.198,0.007,0,0,0,0,0,0,0.034,0.017,0.073,0.093,0.017,0.025,0.057,0.013,0.025,0.013,-0.002,0.011,-0.004,-0.003,0.013,0.001,0.013,-0.036,,,,,,-0.029,-0.045,-0.162,-0.029,-0.029,-0.095,0,0,0,0,0,0,0,0,,,,,,,,,0.108,-0.161,0.108,-0.161,0,0,0,0,0,0,0,0,,,,,,,,,,,,,,,,,,,,,,,,,,,,,,,,,,,,,,,,,,,,,,,,,,,,,,,,,,,,,,,,,,,,,,,,,,,,,,,,,,,,,,0
938,,,,,,,,,,,,,,,,,,,,,,,,,,,,,,,,,,,,,,,,,,,,,,,,,,,,,,,,,,,,,,,,,,,,,,,,,,,,,,,,,,0.029,0.04,-0.05,-0.119,0.002,0,-0.006,-0.041,0.016,0.051,-0.251,-0.251,0.046,-0.032,0.033,-0.01,0.066,-0.319,-0.004,0,0.043,0.094,0.076,,,,,,,,,,,,0.158,-0.024,,,,-0.044,-0.166,-0.041,0.803,0,0,0.027,0.129,-0.011,0.014,0.033,0.028,0.002,0.053,0.184,-0.018,0.036,-0.012,0.01,-0.006,,,,,,,,,,,,,,,,,,,,,,,,,,,,,,,,,,,,,,,,,,,,,,,,,,,,,,,,,,,,,,,,,,,,,,,,,,,,,,,,,,,,,,,,,,,,,,,,,,,,,,,,,,,,,,,,0.031,-0.152,0.032,0.058,-0.049,0.112,0.005,-0.004,0.166,-0.226,-0.232,-0.197,0.179,0.055,,,,,,,,,,,,,,,,0.126,0.001,0.001,-0.038,0.141,0.011,0.009,-0.065,-0.268,0,0.008,-0.167,0.009,0.096,-0.061,,,,,,,,,,-0.265,0.007,-0.009,-0.01,0.008,-0.088,0.004,0.046,-0.034,0.006,0.112,0.206,0.179,-0.097,0,0.376,0.332,-0.123,0.004,0.108,,,,,,,,,,,,,,,,,,,,,,,,,,,,,,,,,,,,,,,,,,,,,,,,,,,,,,,,,,,,,,,,,,,,,,,,,,,,,,,,,,,,,,,,,,,,,,,,,,,,,,,,,,,,,,,,,,,,,,,,,,,,,,,,,,,,,,,,,,,,,,,,,,,,,,,,,,,,,,,,,,,,,,,,,,,,,,,,,,,,,,,,,,,,,,,,,,,,,,,,,,,,,,,,,,,,,,,,,,,,,,,,,,,,,,,,,,,,,,,,,,,,,,,,,,,,,,,,,,,,,,,,,,,,,,,,,,,,,,,,,,,,,,,,,,,,,,,,,,,,,,,,,,,,,,,,,,,,,,,,,,,,,,,,,,,,,,,,,,,,,,,,,,,,,,,,,,,,,,,,,,,,,,,,,,,,-0.053,-0.108,-0.072,0.129,-0.03,0.017,-0.078,-0.179,-0.035,-0.354,-0.121,-0.198,0.022,-0.038,,,,,,,,,,,,,,,0.049,-0.139,-0.127,-0.066,-0.019,-0.018,-0.012,-0.098,-0.09,-0.106,0.004,0.009,0.16,0.013,-0.117,0.218,-0.066,-0.098,0.085,-0.021,-0.179,-0.089,-0.127,-0.012,0.009,0.218,0.004,-0.117,0.082,0.082,-0.139,-0.018,0.071,-0.02,-0.059,-0.018,0.049,-0.019,-0.106,0.013,-0.09,0.16,0.017,-0.48,0.017,-0.48,-0.019,-0.017,-0.071,0,0,0,0,-0.006,-0.006,-0.003,-0.001,0.106,0.191,0.012,-0.003,-0.101,0.106,-0.001,0.012,-0.019,-0.101,-0.003,0.097,0.024,0.073,0.013,-0.085,0,0,0.046,0.019,0,0,-0.002,0.017,-0.009,0.012,-0.009,0.012,0,0,-0.003,-0.025,-0.004,-0.025,-0.001,-0.014,0,0,0.14,0.003,0,0,0,0,0,0,-0.098,0.026,-0.024,-0.01,0.012,0.013,0.002,0.013,0.001,0.013,-0.002,0.003,-0.157,0.055,0.013,0.027,0.013,0.279,,,,,,-0.119,-0.107,-0.005,-0.119,-0.119,-0.055,0,0,0,0,0,0,0,0,0,-0.008,0.03,-0.022,0,0,0,0,,,,,,,,,0,0,0,0,,,,,,,,,,,,,,,,,,,,,,,,,,,,,,,,,,,,,,,,,,,,,,,,,,,,,,,,,,,,,,,,,,,,,,,,,,,,,,,,,,,,,,0
939,-0.082,-0.116,-0.179,-0.216,0.031,0.161,0.008,0.048,-0.072,0.029,0.2,0.2,0.147,-0.117,,,,,,,,,,0.009,0.327,0.049,0.005,0,0,0.019,0.32,-0.067,0.058,0.005,,,,,,-0.164,0.443,-0.028,-0.157,0,0.001,0.046,0.018,0.014,0.023,0.001,0.005,-0.029,-0.008,-0.011,-0.025,0,-0.003,,,,,,,,,,,,,,,,,,,,,,,,,,,,,,,,,,,,,,,,,,,,,,,,,,,,,,,,,,,,,,,,,,,,,,,,,,,,,,,,,,,,,,,,,,,,,,,,,,,,,,,,,,,,,,,,,,,,,,,,,,,,,,,,,,,,,,,,,,,,,,,,,,,,,,,,,,,,,,,,,,,,,,,,,,,,,,,,,,,,,,,,,,,,,,,,,,,,,,,,,,,,,,,,,,,,,,,,,,,,,,,,,,,,,,,,,,,,,,,,,,,,,,,,,,,,,,,,,,,,,,,,,,,,,,,,,,,,,,,,,,,,,,,,,,,,,,,,,,,,,,,,,,,,,,,,,,,,,,,,,,,,,,,,,,,,,,,,,,,,,,,,,,,,,,,,,,,,,,,,,,,,,,,,,,,,,,,,,,,,,,,,,,,,,,,,,,,,,,,,,,,,,,,,,,,,,,,,,,,,,,,,,,,,,,,,,,,,,,,,,,,,,,,,,,,,,,,,,,,,,,,,,,,,,,,,,,,,,,,,,,,,,,,,,,,,,,,,,,,,,,,,,,,,,,,,,,,,,,,,,,,,,,,,,,,,,,,,,,,,,,,,,,,,,,,,,,,,,,,,,,,,,,,,,,,,,,,,,,,,,,,,,,,,,,,,,,,,,,,,,,,,,,,,,,,,,,,,,,,,,,,,,0.012,0.057,-0.072,-0.125,-0.031,-0.034,0.119,0.067,-0.035,-0.027,-0.095,-0.111,-0.075,-0.034,,,,,,,,,,,,,,,,,,,,,,,,,,,,,-0.28,0.242,-0.151,0.012,0.203,0.179,-0.075,-0.014,0.079,0.084,-0.006,-0.134,-0.252,-0.099,-0.083,0.218,0.012,-0.014,-0.258,-0.053,0.193,-0.037,-0.151,-0.075,-0.134,0.218,-0.006,-0.083,0.063,0.063,0.242,0.179,-0.023,0.206,0.072,0.179,-0.28,0.203,0.084,-0.099,0.079,-0.252,-0.04,-0.48,-0.04,-0.48,-0.038,-0.017,-0.012,0,0,0,0,0.003,0.003,-0.002,0.002,-0.083,0.007,-0.001,-0.002,-0.101,-0.083,0.038,-0.001,-0.024,-0.101,-0.002,-0.092,-0.13,-0.199,-0.001,-0.085,0,0,-0.019,-0.069,0,0,0.001,-0.026,0.005,-0.05,0.005,-0.05,0,0,0.004,-0.042,0.003,-0.042,0.038,-0.019,0,0,-0.087,0,0,0,0,0,0,0,0.167,0.078,0.021,-0.045,0.013,-0.021,0.012,0.013,0.007,0.013,0.051,0.014,0.029,0.05,0.013,0.025,0.013,0.07,,,,,,-0.074,-0.06,0.097,-0.074,-0.074,0.116,0,0,0,0,0,0,0,0,,,,,,,,,0.008,-0.044,0.008,-0.044,0,0,0,0,0,0,0,0,,,,,,,,,,,,,,,,,,,,,,,,,,,,,,,,,,,,,,,,,,,,,,,,,,,,,,,,,,,,,,,,,,,,,,,,,,,,,,,,,,,,,,0
940,,,,,,,,,,,,,,,,,,,,,,,,,,,,,,,,,,,,,,,,,,,,,,,,,,,,,,,,,,,,,,,,,,,,,,,,,,,,,,,,,,,,,,,,,,,,,,,,,,,,,,,,,,,,,,,,,,,,,,,,,,,,,,,,,,,,,,,,,,,,,,,,,,,,,,,,,,,,,,,,,,,,,,,,,,,,,,,,,,,,,,,,,,,,,,,,,,,,,,,,,,,,,,,,,,,,,,,,,,,,,,,,,,,,,,,,,,,,,,,,,,,,,,,,,,,,,,,,,,,,,,,,,,,,,,,,,,,,,,,,,,,,,,,,,,,,,,,,,,,,,,,,,,,,,,,,,,,,,,,,,,,,,-0.065,-0.114,-0.073,-0.009,-0.002,0.001,-0.011,0.148,-0.177,0.244,0.234,0.295,-0.177,-0.017,,,,,,,,,,,,,,,,-0.129,-0.204,0.004,-0.007,-0.025,0.169,0.193,0.011,0.304,0.003,0.005,-0.175,0.003,0.436,-0.008,,,,,,,,,,0.309,-0.008,-0.088,-0.054,-0.379,-0.059,0.052,-0.046,0.081,0.042,0.011,-0.177,-0.177,0.148,0,-0.087,-0.03,0.139,0.041,0.044,,,,,,,,,,,,,,,,,,,,,,,,,,,,,,,,,,,,,,,,,,,,,,,,,,,,,,,,,,,,,,,,,,,,,,,,,,,,,,,,,,,,,,,,,,,,,,,,,,,,,,,,,,,,,,,,,,,,,,,,,,,,,,,,,,,,,,,,,,,,,,,,,,,,,,,,,,,,,,,,,,,,,,,,,,,,,,,,,,,,,,,,,,,,,,,,,,,,,,,,,,,,,,,,,,,,,,,,,,,,,,,,,,,,,,,,,,,,,,,,,,,,,,,,,,,,,,,,,,,,,,,,,,,,,,,,,,,,,,,,,,,,,-0.079,-0.072,-0.226,-0.107,0.784,0.077,-0.035,-0.183,0.874,0.154,-0.172,-0.004,-0.037,-0.034,,,,,,,,,,,,,,,,,,,,,,,,,,,,,-0.039,-0.21,-0.216,0.275,-0.075,-0.079,-0.113,-0.092,0.126,0.13,0.106,0.108,0.009,0.024,-0.017,-0.115,0.275,-0.092,0.033,-0.123,0.024,-0.083,-0.216,-0.113,0.108,-0.115,0.106,-0.017,0.037,0.037,-0.21,-0.079,0.046,-0.076,-0.083,-0.079,-0.039,-0.075,0.13,0.024,0.126,0.009,0.417,0.52,0.417,0.52,0.053,0.034,0.098,0,0,0,0,0,0,0.003,0.005,-0.083,-0.072,-0.001,0.003,0.159,-0.083,-0.02,-0.001,0.219,0.159,,,,,,,,,,,,,,,,,,,,,,,,,,,,,,,,,0,0,0,0,0.16,0.271,-0.169,-0.141,0.014,0.013,-0.096,0.013,-0.045,0.013,0.058,0.007,-0.095,-0.003,0.013,-0.001,0.013,0.079,,,,,,-0.074,-0.066,-0.012,-0.074,-0.074,-0.193,0,0,0,0,0,0,0,0,,,,,,,,,-0.092,-0.091,-0.092,-0.091,0,0,0,0,0,0,0,0,,,,,,,,,,,,,,,,,,,,,,,,,,,,,,,,,,,,,,,,,,,,,,,,,,,,,,,,,,,,,,,,,,,,,,,,,,,,,,,,,,,,,,0
941,-0.173,-0.198,-0.197,-0.197,0.118,-0.021,0.022,0.128,-0.255,-0.254,0.179,0.179,-0.069,-0.015,,,,,,,,,,-0.091,0.502,-0.051,0.176,0.01,0,-0.081,0.111,-0.013,0.021,0.034,,,,,,-0.164,0.066,0.048,-0.157,0,0.001,-0.006,0.134,-0.023,-0.027,-0.001,-0.015,0.009,-0.012,0.021,0.018,0,0.003,,,,,,,,,,,,,,,,,,,,,,,,,,,,,,,,,,,,,,,,,,,,,,,,,,,,,,,,,,,,,,,,,,,,,,,,,,,,,,,,,,,,,,,,,,,,,,,,,,,,,,,,,,,,,,,,,,,,,,,,,,,,,,,,,,,,,,,,,,,,,,,,,,,,,,,,,,,,,,,,,,,,,,,,,,,,,,,,,,,,,,,,,,,,,,,,,,,,,,,,,,,,,,,,,,,,,,,,,,,,,,,,,,,,,,,,,,,,,,,,,,,,,,,,,,,,,,,,,,,,,,,,,,,,,,,,,,,,,,,,,,,,,,,,,,,,,,,,,,,,,,,,,,,,,,,,,,,,,,,,,,,,,,,,,,,,,,,,,,,,,,,,,,,,,,,,,,,,,,,,,,,,,,,,,,,,,,,,,,,,,,,,,,,,,,,,,,,,,,,,,,,,,,,,,,,,,,,,,,,,,,,,,,,,,,,,,,,,,,,,,,,,,,,,,,,,,,,,,,,,,,,,,,,,,,,,,,,,,,,,,,,,,,,,,,,,,,,,,,,,,,,,,,,,,,,,,,,,,,,,,,,,,,,,,,,,,,,,,,,,,,,,,,,,,,,,,,,,,,,,,,,,,,,,,,,,,,,,,,,,,,,,,,,,,,,,,,,,,,,,,,,,,,,,,,,,,,,,,,,,,,,,,,,,,,,,,,,,,,,,,,,,,,,,,,,,,,,,,,,,,,,,,,,0.163,0.061,0.444,0.37,-0.095,-0.082,-0.132,-0.079,0.088,0.067,-0.112,-0.082,-0.049,-0.257,0.217,-0.115,0.37,-0.079,-0.042,-0.117,0.54,-0.096,0.444,-0.132,-0.082,-0.115,-0.112,0.217,-0.702,-0.702,0.061,-0.082,-0.2,-0.097,0.01,-0.082,0.163,-0.095,0.067,-0.257,0.088,-0.049,-0.24,0.52,-0.24,0.52,0.02,0.019,0.098,0,0,0,0,-0.005,-0.005,-0.003,-0.003,-0.083,0.243,-0.006,-0.003,0.019,-0.083,-0.019,-0.006,0.036,0.019,,,,,,,,,,,,,,,,,,,,,,,,,,,,,,,,,0,0,0,0,-0.442,-0.185,0.082,0.328,0.011,0.008,0.041,0.013,0.007,0.013,0.038,0.017,0.083,-0.023,0.013,-0.011,0.013,-0.03,0.002,0,-0.049,0.001,,0.062,0.072,-0.019,0.062,0.062,0.067,0,0,0,0,0,0,0,0,0,-0.088,0.141,-0.224,0,0,0,0,,,,,,,,,0,0,0,0,,,,,,,,,,,,,,,,,,,,,,,,,,,,,,,,,,,,,,,,,,,,,,,,,,,,,,,,,,,,,,,,,,,,,,,,,,,,,,,,,,,,,,0
942,0.095,0.086,-0.179,-0.161,0.031,0.161,-0.022,-0.112,0.097,0.12,-0.128,-0.128,-0.038,0.044,-0.013,-0.178,0.008,-0.243,0.001,0,-0.09,0.187,-0.071,,,,,,,,,,,,-0.007,-0.133,-0.336,0.588,-0.071,,,,0.343,0,0.001,,,,,,,,,,,,,0.02,-0.028,0.017,-0.002,0.038,0.031,-0.013,-0.007,0.072,-0.004,0,-0.005,,,,,,,,,,,,,,,,,,,,,,,,,,,,,,,,,,,,,,,,,,,,,,,,,,,,,,,,,,,,,,,,,,,,,,,,,,,,,,,,,,,,,,,,,,,,,,,,,,,,,,,,,,,,,,,,,,,,,,,,,,,,,,,,,,,,,,,,,,,,,,,,,,,,,,,,,,,,,,,,,,,,,,,,,,,,,,,,,,,,,,,,,,,,,,,,,,,,,,,,,,,,,,,,,,,,,,,,,,,,,,,,,,,,,,,,,,,,,,,,,,,,,,,,,,,,,,,,,,,,,,,,,,,,,,,,,,,,,,,,,,,,,,,,,,,,,,,,,,,,,,,,,,,,,,,,,,,,,,,,,,,,,,,,,,,,,,,,,,,,,,,,,,,,,,,,,,,,,,,,,,,,,,,,,,,,,,,,,,,,,,,,,,,,,,,,,,,,,,,,,,,,,,,,,,,,,,,,,,,,,,,,,,,,,,,,,,,,,,,,,,,,,,,,,,,,,,,,,,,,,,,,,,,,,,,,,,,,,,,,,,,,,,,,,,,,,,,,,,,,,,,,,,,,,,,,,,,,,,,,,,,,,,,,,,,,,,,,,,,,,,,,,,,,,,,,,,,,,,,,,,,,,,,,,,,,,,,,,,,,,,,,,,,,,,,,,,,,,,,,,,,,,,,,,,,,,,,,,,,,,,,,,,,,,,,,,,,,,,,,,,,,,,,,,,,,,,,-0.216,0.077,-0.127,-0.066,-0.024,-0.012,-0.056,-0.137,0.014,-0.005,0.122,0.122,0.101,0.238,-0.083,-0.115,-0.066,-0.137,0.085,-0.066,-0.179,-0.128,-0.127,-0.056,0.122,-0.115,0.122,-0.083,0.082,0.082,0.077,-0.012,-0.005,-0.025,0.015,-0.012,-0.216,-0.024,-0.005,0.238,0.014,0.101,0.017,-0.48,0.017,-0.48,-0.009,-0.013,-0.047,0,0,0,0,-0.008,-0.008,0,-0.002,-0.002,0.164,0.002,0,0.059,-0.002,0.019,0.002,-0.125,0.059,0,-0.011,0.018,0.134,0.002,0.075,0,0,-0.035,-0.033,0,0,-0.005,0.029,-0.002,0.021,-0.002,0.021,0,0,0.013,-0.108,0.012,-0.108,0.019,-0.12,0,0,0.119,0.008,0,0,0,0,0,0,0.101,0.005,0,-0.026,0.011,-0.024,0.019,0.013,0.009,0.013,0.038,0.011,-0.036,0.002,0.013,0.001,0.013,0.012,,,,,,0.108,0.094,0.072,0.108,0.108,-0.136,0,0,0,0,0,0,0,0,0,0,0.03,-0.001,0,0,0,0.004,,,,,,,,,0,0,0,0,,,,,,,,,,,,,,,,,,,,,,,,,,,,,,,,,,,,,,,,,,,,,,,,,,,,,,,,,,,,,,,,,,,,,,,,,,,,,,,,,,,,,,0
944,-0.062,-0.041,-0.052,-0.052,-0.056,0.07,0.008,0.008,0.229,0.163,-0.047,-0.047,-0.104,-0.053,,,,,,,,,,0.009,0.37,0.049,0.255,0.004,0,0.019,0.263,-0.084,0.008,-0.01,,,0.164,-0.28,-0.053,,,,-0.157,0,0.001,,,,,,,,,,,,,-0.002,-0.061,-0.006,0.005,0.018,0.022,-0.007,0.003,-0.09,-0.003,0,0,,,,,,,,,,,,,,,,,,,,,,,,,,,,,,,,,,,,,,,,,,,,,,,,,,,,,,,,,,,,,,,,,,,,,,,,,,,,,,,,,,,,,,,,,,,,,,,,,,,,,,,,,,,,,,,,,,,,,,,,,,,,,,,,,,,,,,,,,,,,,,,,,,,,,,,,,,,,,,,,,,,,,,,,,,,,,,,,,,,,,,,,,,,,,,,,,,,,,,,,,,,,,,,,,,,,,,,,,,,,,,,,,,,,,,,,,,,,,,,,,,,,,,,,,,,,,,,,,,,,,,,,,,,,,,,,,,,,,,,,,,,,,,,,,,,,,,,,,,,,,,,,,,,,,,,,,,,,,,,,,,,,,,,,,,,,,,,,,,,,,,,,,,,,,,,,,,,,,,,,,,,,,,,,,,,,,,,,,,,,,,,,,,,,,,,,,,,,,,,,,,,,,,,,,,,,,,,,,,,,,,,,,,,,,,,,,,,,,,,,,,,,,,,,,,,,,,,,,,,,,,,,,,,,,,,,,,,,,,,,,,,,,,,,,,,,,,,,,,,,,,,,,,,,,,,,,,,,,,,,,,,,,,,,,,,,,,,,,,,,,,,,,,,,,,,,,,,,,,,,,,,,,,,,,,,,,,,,,,,,,,,,,,,,,,,,,,,,,,,,,,,,,,,,,,,,,,,,,,,,,,,,,,,,,,,,,,,,,,,,,,,,,,,,,,,,,,,-0.216,-0.139,0.072,0.34,0.116,0.12,-0.044,0.006,-0.09,-0.106,0.154,0.154,0.172,0.125,-0.05,0.218,0.34,0.006,-0.06,-0.034,0.323,-0.005,0.072,-0.044,0.154,0.218,0.154,-0.05,0.063,0.063,-0.139,0.12,-0.005,0.118,-0.059,0.12,-0.216,0.116,-0.106,0.125,-0.09,0.172,0.017,-0.48,0.017,-0.48,-0.028,-0.017,-0.055,0,0,0,0,0.002,0.002,0,-0.003,0.025,-0.02,0.002,0,-0.121,0.025,-0.011,0.002,-0.065,-0.121,0,0.016,0.009,-0.048,0.002,-0.105,0,0,-0.035,-0.09,0,0,-0.005,-0.062,-0.002,-0.056,-0.002,-0.056,0,0,0.013,-0.077,0.012,-0.077,-0.011,-0.06,0,0,0.057,0,0,0,0,0,0,0,0.008,-0.077,0.026,0.062,0.012,-0.018,-0.045,0.013,-0.019,0.013,0.011,0.016,0.069,-0.001,0.013,-0.001,0.013,-0.024,,,,,,-0.029,-0.017,0.149,-0.029,-0.029,0.165,0,0,0,0,0,0,0,0,0,0.081,-0.082,0.207,0,0,0,0,,,,,,,,,0,0,0,0,,,,,,,,,,,,,,,,,,,,,,,,,,,,,,,,,,,,,,,,,,,,,,,,,,,,,,,,,,,,,,,,,,,,,,,,,,,,,,,,,,,,,,0
945,-0.029,-0.034,-0.179,-0.216,-0.056,0.116,-0.007,-0.032,0.183,0.045,-0.189,-0.189,-0.099,-0.191,-0.013,-0.101,0.008,-0.27,0.002,0,0.01,-0.237,0.201,,,,,,,,,,,,0.029,0.038,0.164,-0.246,0.101,,,,-0.157,0,0.001,,,,,,,,,,,,,0.005,0.078,0.013,-0.009,-0.039,-0.044,0.03,-0.053,0.055,0.007,0,-0.001,,,,,,,,,,,,,,,,,,,,,,,,,,,,,,,,,,,,,,,,,,,,,,,,,,,,,,,,,,,,,,,,,,,,,,,,,,,,,,,,,,,,,,,,,,,,,,,,,,,,,,,,,,,,,,,,,,,,,,,,,,,,,,,,,,,,,,,,,,,,,,,,,,,,,,,,,,,,,,,,,,,,,,,,,,,,,,,,,,,,,,,,,,,,,,,,,,,,,,,,,,,,,,,,,,,,,,,,,,,,,,,,,,,,,,,,,,,,,,,,,,,,,,,,,,,,,,,,,,,,,,,,,,,,,,,,,,,,,,,,,,,,,,,,,,,,,,,,,,,,,,,,,,,,,,,,,,,,,,,,,,,,,,,,,,,,,,,,,,,,,,,,,,,,,,,,,,,,,,,,,,,,,,,,,,,,,,,,,,,,,,,,,,,,,,,,,,,,,,,,,,,,,,,,,,,,,,,,,,,,,,,,,,,,,,,,,,,,,,,,,,,,,,,,,,,,,,,,,,,,,,,,,,,,,,,,,,,,,,,,,,,,,,,,,,,,,,,,,,,,,,,,,,,,,,,,,,,,,,,,,,,,,,,,,,,,,,,,,,,,,,,,,,,,,,,,,,,,,,,,,,,,,,,,,,,,,,,,,,,,,,,,,,,,,,,,,,,,,,,,,,,,,,,,,,,,,,,,,,,,,,,,,,,,,,,,,,,,,,,,,,,,,,,,,,,,,,,0.056,-0.026,-0.171,-0.118,-0.108,-0.082,-0.006,0.044,-0.037,-0.03,0.194,0.192,-0.143,-0.088,-0.083,-0.115,-0.118,0.044,-0.336,0.004,0.181,0.034,-0.171,-0.006,0.192,-0.115,0.194,-0.083,0.082,0.082,-0.026,-0.082,-0.534,-0.11,-0.02,-0.082,0.056,-0.108,-0.03,-0.088,-0.037,-0.143,-0.097,0.52,-0.097,0.52,0.005,0.011,0.043,0,0,0,0,0.007,0.007,0.001,0.001,-0.056,-0.046,0.004,0.001,0.119,-0.056,-0.001,0.004,-0.157,0.119,0.001,-0.065,0.102,0.134,0.005,0.135,0,0,-0.022,-0.142,0,0,-0.002,-0.089,-0.009,-0.106,-0.009,-0.106,0,0,-0.003,-0.165,-0.005,-0.165,-0.001,-0.152,0,0,0.017,-0.003,0,0,0,0,0,0,0.025,-0.085,-0.24,-0.138,0.014,0.016,-0.012,0.013,-0.005,0.013,0.025,0.01,-0.027,0.067,0.013,0.031,0.013,0.025,,,,,,-0.119,-0.096,0.297,-0.119,-0.119,-0.095,0,0,0,0,0,0,0,0,0,-0.045,0.03,-0.113,0,0,0,0,,,,,,,,,0,0,0,0,,,,,,,,,,,,,,,,,,,,,,,,,,,,,,,,,,,,,,,,,,,,,,,,,,,,,,,,,,,,,,,,,,,,,,,,,,,,,,,,,,,,,,0
947,0.082,0.063,-0.015,-0.034,0.074,0.116,-0.015,-0.072,0.229,0.061,0.388,0.388,0.103,0.348,,,,,,,,,,0.009,-0.062,0.049,-0.275,-0.002,0,0.019,-0.082,0.021,,,-0.185,-0.083,0.664,-0.31,0.178,,,,0.343,0,0.001,,,,,,,,,,,,,0.007,-0.064,0.02,0.003,0.018,0.03,0.007,-0.007,0.097,-0.002,0,0.003,,,,,,,,,,,,,,,,,,,,,,,,,,,,,,,,,,,,,,,,,,,,,,,,,,,,,,,,,,,,,,,,,,,,,,,,,,,,,,,,,,,,,,,,,,,,,,,,,,,,,,,,,,,,,,,,,,,,,,,,,,,,,,,,,,,,,,,,,,,,,,,,,,,,,,,,,,,,,,,,,,,,,,,,,,,,,,,,,,,,,,,,,,,,,,,,,,,,,,,,,,,,,,,,,,,,,,,,,,,,,,,,,,,,,,,,,,,,,,,,,,,,,,,,,,,,,,,,,,,,,,,,,,,,,,,,,,,,,,,,,,,,,,,,,,,,,,,,,,,,,,,,,,,,,,,,,,,,,,,,,,,,,,,,,,,,,,,,,,,,,,,,,,,,,,,,,,,,,,,,,,,,,,,,,,,,,,,,,,,,,,,,,,,,,,,,,,,,,,,,,,,,,,,,,,,,,,,,,,,,,,,,,,,,,,,,,,,,,,,,,,,,,,,,,,,,,,,,,,,,,,,,,,,,,,,,,,,,,,,,,,,,,,,,,,,,,,,,,,,,,,,,,,,,,,,,,,,,,,,,,,,,,,,,,,,,,,,,,,,,,,,,,,,,,,,,,,,,,,,,,,,,,,,,,,,,,,,,,,,,,,,,,,,,,,,,,,,,,,,,,,,,,,,,,,,,,,,,,,,,,,,,,,,,,,,,,,,,,,,,,,,,,,,,,,,,,,,0.182,-0.03,-0.039,-0.207,0.027,0.028,-0.025,-0.046,0.014,-0.056,0.034,0.058,0.066,-0.043,-0.05,0.218,-0.207,-0.046,0.137,-0.034,-0.263,-0.037,-0.039,-0.025,0.058,0.218,0.034,-0.05,0.063,0.063,-0.03,0.028,0.109,0.027,-0.022,0.028,0.182,0.027,-0.056,-0.043,0.014,0.066,0.017,-0.48,0.017,-0.48,-0.019,-0.013,-0.027,0,0,0,0,-0.005,-0.005,0.001,0.001,-0.002,0.033,0.003,0.001,-0.121,-0.002,0.026,0.003,-0.061,-0.121,0.001,-0.011,-0.173,-0.199,0.004,-0.105,0,0,-0.081,-0.051,0,0,0.007,0.068,0.001,0.028,0.001,0.028,0,0,-0.006,-0.064,-0.007,-0.064,0.026,-0.055,0,0,-0.233,0.007,0,0,0,0,0,0,0.029,-0.046,0.104,0.05,0.011,-0.018,0.093,0.013,0.043,0.013,0.038,0.017,0.159,0.065,0.013,0.031,0.013,-0.036,,,,,,0.108,0.082,0.104,0.108,0.108,-0.104,0,0,0,0,0,0,0,0,,,,,,,,,-0.092,-0.124,-0.092,-0.124,0,0,0,0,0,0,0,0,,,,,,,,,,,,,,,,,,,,,,,,,,,,,,,,,,,,,,,,,,,,,,,,,,,,,,,,,,,,,,,,,,,,,,,,,,,,,,,,,,,,,,0
949,,,,,,,,,,,,,,,,,,,,,,,,,,,,,,,,,,,,,,,,,,,,,,,,,,,,,,,,,,,,,,,,,,,,,,,,,,,,,,,,,,0.047,0.04,-0.05,-0.136,0.002,0,-0.01,-0.041,-0.074,0.036,0.347,0.347,0.105,-0.063,,,,,,,,,,0.012,-0.233,-0.052,0.132,0,0,0.013,-0.234,-0.02,,,-0.021,0.168,-0.01,-0.099,0.019,,,,-0.197,0,0,0.09,-0.044,-0.002,-0.051,0.013,0.008,-0.034,-0.021,0.09,-0.001,0.095,-0.022,-0.003,0.002,,,,,,,,,,,,,,,,,,,,,,,,,,,,,,,,,,,,,,,,,,,,,,,,,,,,,,,,,,,,,,,,,,,,,,,,,,,,,,,,,,,,,,,,,,,,,,,,,,,,,,,,,,,,,,,,,,,,,,,,,,,,,,,,,,,,,,,,,,,,,,,,,,,,,,,,,,,,,,,,,,,,,,,,,,,,,,,,,,,,,,,,,,,,,,,,,,,,,,,,,,,,,,,,,,,,,,,,,,,,,,,,,,,,,,,,,,,,,,,,,,,,,,,,,,,,,,,,,,,,,,,,,,,,,,,,,,,,,,,,,,,,,,,,,,,,,,,,,,,,,,,,,,,,,,,,,,,,,,,,,,,,,,,,,,,,,,,,,,,,,,,,,,,,,,,,,,,,,,,,,,,,,,,,,,,,,,,,,,,,,,,,,,,,,,,,,,,,,,,,,,,,,,,,,,,,,,,,,,,,,,,,,,,,,,,,,,,,,,,,,,,,,,,,,,,,,,,,,,,,,,,,,,,,,,,,,,,,,,,,,,,,,,,,,,,,,,,,,,,,,,,,,,,,,,,,,,,,,,,,,,,,,,,,,,,,,,,,,,,,,,,,,,,,,,,,,,,,0.055,0.277,0.036,0.002,-0.03,0.322,-0.01,0.035,-0.035,-0.039,0.054,0.08,0.046,-0.038,,,,,,,,,,,,,,,-0.147,-0.082,-0.151,-0.207,0.004,0.004,0.038,-0.007,0.079,0.084,-0.066,-0.115,-0.275,-0.212,-0.117,-0.115,-0.207,-0.007,0.071,0.03,-0.263,0.002,-0.151,0.038,-0.115,-0.115,-0.066,-0.117,0.063,0.063,-0.082,0.004,0.015,0.004,-0.039,0.004,-0.147,0.004,0.084,-0.212,0.079,-0.275,-0.04,-0.48,-0.04,-0.48,,,,-0.001,0,0,0,0.004,0.004,0.005,0.001,-0.002,-0.178,0.003,0.005,0.139,-0.002,0.023,0.003,0.155,0.139,0.005,-0.011,0.146,0.104,0.003,0.155,0,0,0.053,0.31,0,0,0.006,0.182,-0.001,0.174,-0.001,0.174,0,0,-0.009,0.225,-0.01,0.225,0.023,0.16,0,0,-0.118,-0.012,0,0,0,0,0,0,0.139,0.242,-0.057,-0.087,0.014,0.047,0.032,0.013,0.015,0.013,-0.045,0.017,0.092,0.049,0.013,0.023,0.013,-0.049,,,,,,-0.029,-0.024,0.117,-0.029,-0.029,-0.055,0,0,0,0,0,0,0,0,0,-0.005,0.03,-0.014,0,0,0,0,,,,,,,,,0,0,0,0,,,,,,,,,,,,,,,,,,,,,,,,,,,,,,,,,,,,,,,,,,,,,,,,,,,,,,,,,,,,,,,,,,,,,,,,,,,,,,,,,,,,,,0
951,,,,,,,,,,,,,,,,,,,,,,,,,,,,,,,,,,,,,,,,,,,,,,,,,,,,,,,,,,,,,,,,,,,,,,,,,,,,,,,,,,,,,,,,,,,,,,,,,,,,,,,,,,,,,,,,,,,,,,,,,,,,,,,,,,,,,,,,,,,,,,,,,,,,,,,,,,,,,,,,,,,,,,,,,,,,,,,,,,,,,,,,,,,,,,,,,,,,,,,,,,,,,,,,,,,,,,,,,,,,,,,,,,,,,,,,,,,,,,,,,,,,,,,,,,,,,,,,,,,,,,,,,,,,,,,,,,,,,,,,,,,,,,,,,,,,,,,,,,,,,,,,,,,,,,,,,,,,,,,,,,,,,-0.039,0.007,0.112,-0.007,-0.082,-0.004,-0.003,-0.027,0.108,-0.103,-0.117,-0.09,0.065,0.113,-0.1,0,0.023,-0.008,-0.099,-0.018,-0.018,0.018,0.372,0.017,0.005,-0.125,-0.014,0.054,0.033,,,,,,,,,,,,,,,,,,,,,,,,,0.387,-0.016,-0.013,-0.014,-0.154,-0.033,0.053,-0.172,-0.009,0.212,-0.048,0.108,0.065,-0.027,0,-0.266,-0.232,-0.097,0.217,0.045,,,,,,,,,,,,,,,,,,,,,,,,,,,,,,,,,,,,,,,,,,,,,,,,,,,,,,,,,,,,,,,,,,,,,,,,,,,,,,,,,,,,,,,,,,,,,,,,,,,,,,,,,,,,,,,,,,,,,,,,,,,,,,,,,,,,,,,,,,,,,,,,,,,,,,,,,,,,,,,,,,,,,,,,,,,,,,,,,,,,,,,,,,,,,,,,,,,,,,,,,,,,,,,,,,,,,,,,,,,,,,,,,,,,,,,,,,,,,,,,,,,,,,,,,,,,,,,,,,,,,,,,,,,,,,,,,,,,,,,,,,,,,,,,,,,,,,,,,,,,,,,,,,,,,,,,,-0.449,0.534,-0.377,0.01,-0.036,-0.116,0.008,0.13,-0.036,-0.065,-0.295,0.08,-0.028,-0.037,-0.216,0.077,0.072,0.012,0.017,0.009,0.05,0.064,-0.09,-0.081,-0.106,-0.057,0.125,0.069,-0.017,0.218,0.012,0.064,0.203,0.042,-0.133,0.073,0.072,0.05,-0.057,0.218,-0.106,-0.017,0.063,0.063,0.077,0.009,-0.005,0.017,0.015,0.009,-0.216,0.017,-0.081,0.069,-0.09,0.125,0.017,-0.48,0.017,-0.48,-0.023,-0.017,-0.031,0,0,0,0,-0.002,-0.002,-0.003,0.004,0.106,-0.046,-0.004,-0.003,0.259,0.106,0,-0.004,0.334,0.259,-0.003,0.097,0.143,0.285,-0.003,0.275,0,0,0.085,0.328,0,0,0.009,0.159,-0.008,0.149,-0.009,0.149,0,0,0.022,0.361,0.021,0.361,0,0.339,0,0,0.201,-0.009,0,0,0,0,0,0,0.14,0.07,-0.353,-0.157,0.013,-0.004,0.04,0.013,0.019,0.013,0.005,0.008,-0.092,-0.035,0.013,-0.013,0.013,0.079,,,,,,-0.165,-0.146,0.049,-0.165,-0.165,0.1,0,0,0,0,0,0,0,0,0,-0.019,-0.082,-0.047,0,0,0,0,,,,,,,,,0,0,0,0,,,,,,,,,,,,,,,,,,,,,,,,,,,,,,,,,,,,,,,,,,,,,,,,,,,,,,,,,,,,,,,,,,,,,,,,,,,,,,,,,,,,,,0
955,0.016,0.048,-0.215,-0.197,-0.013,-0.021,-0.015,-0.112,0.347,0.238,0.261,0.261,-0.076,-0.071,0.087,-0.016,0.008,0.15,0,0,0.11,-0.055,0.01,,,,,,,,,,,,0.041,0.262,0.164,-0.261,0.104,,,,-0.157,0,0.001,,,,,,,,,,,,,,,,,,,,,,,,,0.113,0.034,0.018,-0.127,0.088,0.108,0.031,0.054,0.211,0.011,0.063,-0.037,,,,,,,,,,,,,,,,,,,,,,,,,,,,,,,,,,,,,,,,,,,,,,,,,,,,,,,,,,,,,,,,,,,,,,,,,,,,,,,,,,,,,,,,,,,,,,,,,,,,,,,,,,,,,,,,,,,,,,,,,,,,,,,,,,,,,,,,,,,,,,,,,,,,,,,,,,,,,,,,,,,,,,,,,,,,,,,,,,,,,,,,,,,,,,,,,,,,,,,,,,,,,,,,,,,,,,,,,,,,,,,,,,,,,,,,,,,,,,,,,,,,,,,,,,,,,,,,,,,,,,,,,,,,,,,,,,,,,,,,,,,,,,,,,,,,,,,,,,,,,,,,,,,,,,,,,,,,,,,,,,,,,,,,,,,,,,,,,,,,,,,,,,,,,,,,,,,,,,,,,,,,,,,,,,,,,,,,,,,,,,,,,,,,,,,,,,,,,,,,,,,,,,,,,,,,,,,,,,,,,,,,,,,,,,,,,,,,,,,,,,,,,,,,,,,,,,,,,,,,,,,,,,,,,,,,,,,,,,,,,,,,,,,,,,,,,,,,,,,,,,,,,,,,,,,,,,,,,,,,,,,,,,,,,,,,,,,,,,,,,,,,,,,,,,,,,,,,,,,,,,,,,,,,,,,,,,,,,,,,,,,,,,,,,,,,,,,,,,,,,,,,,,,,,,,,,,,,,,,,,,,,,,,,,,,,,,,,,,,,,,,,,,,,,,,,,,,,,,,,,,,,,,,,,,,,,,,,,,,,,,,,,,,,,,,,,,,,,,,,,,,,,,,,,,,,,,,,,,,,,,,,,,,,,,,,,,,,,,,,,,,,,,,,,,,,,,,,,,,,,,,,,,,,,,,,,,,,,,,,,,,,,,,,,,,,,,,,,,,,,,,,,,0,0,0,0,0.009,-0.036,0.047,0.012,0,0,0,0,0,0,0,0,-0.011,-0.015,-0.188,-0.215,-0.121,0.024,0.128,-0.077,-0.039,-0.077,0,0,0,0,0.081,-0.047,0.059,-0.031,,,,,,,,,0.038,0,0,0,0,0.086,0.002,0.094,-0.044,0.011,-0.027,0.094,0,0,0,0,-0.52,-0.252,0.022,0,0,0,,,,,,,,-0.131,-0.043,0,0,0,0,-0.25,0,0,0,0,0
960,,,,,,,,,,,,,,,,,,,,,,,,,,,,,,,,,,,,,,,,,,,,,,,,,,,,,,,,,,,,,,,,,,,,,,,,,,,,,,,,,,,,,,,,,,,,,,,,,,,,,,,,,,,,,,,,,,,,,,,,,,,,,,,,,,,,,,,,,,,,,,,,,,,,,,,,,,,,,,,,,,,,,,,,,,,,,,,,,,,,,,,,,,,,,,,,,,,,,,,,,,,,,,,,,,,,,,,,,,,,,,,,,,,,,,,,,,,,,,,,,,,,,,,,,,,,,,,,,,,,,,,,,,,,,,,,,,,,,,,,,,,,,,,,,,,,,,,,,,,,,,,,,,,,,,,,,,,,,,,,,,,,,,,,,,,,,,,,,,,,,,,,,,,,,,,,,,,,,,,,,,,,,,,,,,,,,,,,,,,,,,,,,,,,,,,,,,,,,,,,,,,,,,,,,,,,,,,,,,,,,,,,,,,,,,,,,,,,,,,,,,,,,,,,,,,,,,,,,,,,,,,,,,,,,,,,,,,,,,,,,,,,,,,,,,,,,,,,,,,,,,,,,,,,,,,,,,,,,,,,,,,,,,,,,,,,,,,,,,,,,,-0.018,-0.103,0.009,0.009,-0.027,-0.049,0.007,0.027,,,,,,,,,,,,,,,,,,,,,,,,,,,,,,,,,,,,,,,,,,,,,,,,,,,,,,,,,,,,,,,,,,,,,,,0.134,-0.21,0.032,-0.003,0.025,0.242,0.03,0.01,,,,,,,,,,,,,,,0.144,-0.315,0.224,0.04,-0.01,-0.134,-0.251,0.105,0.001,0.037,-0.156,0.229,0.023,-0.023,,,,,,,,,0.048,0.128,-0.006,-0.237,-0.253,-0.126,-0.241,-0.027,0.062,0.034,-0.003,0.01,0.032,-0.083,-0.14,0.058,0.06,-0.132,,,,,,,,,,,,,,,0.025,-0.079,0.034,0.128,-0.03,-0.321,0.024,0.048,-0.035,-0.025,0.026,0.002,0.008,-0.038,,,,,,,,,,,,,,,0.182,-0.03,-0.151,-0.097,-0.032,-0.012,-0.031,-0.157,-0.012,-0.005,-0.026,0,0.125,0.181,-0.017,0.218,-0.097,-0.157,0.071,-0.04,-0.198,-0.148,-0.151,-0.031,0,0.218,-0.026,-0.017,0.063,0.063,-0.03,-0.012,-0.043,-0.03,-0.022,-0.012,0.182,-0.032,-0.005,0.181,-0.012,0.125,0.017,-0.48,0.017,-0.48,-0.019,-0.013,-0.02,0,0,0,0,0.002,0.002,0.004,0,-0.002,-0.072,0.001,0.004,0.019,-0.002,-0.013,0.001,-0.143,0.019,0.004,-0.011,-0.124,-0.078,0.002,0.035,0,0,-0.026,-0.106,0,0,-0.006,-0.014,-0.002,-0.044,-0.003,-0.044,0,0,-0.013,-0.143,-0.014,-0.143,-0.013,-0.138,0,0,-0.007,0.01,0,0,0,0,0,0,0.17,0.209,0.032,-0.041,0.013,0.016,0.07,0.013,0.033,0.013,0.005,0.012,-0.016,0.001,0.013,0.003,0.013,0.031,,,,,,0.017,0.027,0.067,0.017,0.017,-0.006,0,0,0,0,0,0,0,0,,,,,,,,,-0.092,-0.079,-0.092,-0.079,0,0,0,0,0,0,0,0,,,,,,,,,,,,,,,,,,,,,,,,,,,,,,,,,,,,,,,,,,,,,,,,,,,,,,,,,,,,,,,,,,,,,,,,,,,,,,,,,,,,,,0
961,0.062,0.116,-0.197,-0.179,-0.143,-0.294,-0.022,-0.152,-0.102,-0.078,0.246,0.246,-0.102,-0.107,-0.013,0.217,0.008,0.049,0.002,0,0.01,-0.081,-0.063,,,,,,,,,,,,0.049,-0.106,-0.336,0.444,-0.091,,,,-0.157,0,0.001,,,,,,,,,,,,,,,,,,,,,,,,,-0.111,0.002,-0.003,0.014,0.088,0.108,0.057,0.067,-0.158,0.027,0.093,-0.006,,,,,,,,,,,,,,,,,,,,,,,,,,,,,,,,,,,,,,,,,,,,,,,,,,,,,,,,,,,,,,,,,,,,,,,,,,,,,,,,,,,,,,,,,,,,,,,,,,,,,,,,,,,,,,,,,,,,,,,,,,,,,,,,,,,,,,,,,,,,,,,,,,,,,,,,,,,,,,,,,,,,,,,,,,,,,,,,,,,,,,,,,,,,,,,,,,,,,,,,,,,,,,,,,,,,,,,,,,,,,,,,,,,,,,,,,,,,,,,,,,,,,,,,,,,,,,,,,,,,,,,,,,,,,,,,,,,,,,,,,,,,,,,,,,,,,,,,,,,,,,,,,,,,,,,,,,,,,,,,,,,,,,,,,,,,,,,,,,,,,,,,,,,,,,,,,,,,,,,,,,,,,,,,,,,,,,,,,,,,,,,,,,,,,,,,,,,,,,,,,,,,,,,,,,,,,,,,,,,,,,,,,,,,,,,,,,,,,,,,,,,,,,,,,,,,,,,,,,,,,,,,,,,,,,,,,,,,,,,,,,,,,,,,,,,,,,,,,,,,,,,,,,,,,,,,,,,,,,,,,,,,,,,,,,,,,,,,,,,,,,,,,,,,,,,,,,,,,,,,,,,,,,,,,,,,,,,,,,,,,,,,,,,,,,,,,,,,,,,,,,,,,,,,,,,,,,,,,,,,,,,,,,,,,,,,,,,,,,,,,,,-0.032,0.119,-0.104,0.165,-0.077,-0.069,0,0.032,0.179,0.131,-0.134,-0.142,0.057,-0.088,-0.117,0.218,0.165,0.032,-0.166,-0.009,-0.042,0.041,-0.104,0,-0.142,0.218,-0.134,-0.117,0.037,0.037,0.119,-0.069,0.048,-0.079,0.03,-0.068,-0.032,-0.077,0.131,-0.088,0.179,0.057,0.303,0.52,0.303,0.52,0.053,0.034,0.102,0,0,0,0,0.002,0.002,-0.002,-0.001,-0.083,0.059,-0.007,-0.002,0.099,-0.083,-0.006,-0.007,0.196,0.099,,,,,,,,,,,,,,,,,,,,,,,,,,,,,,,,,0,0,0,0,0.101,0.009,-0.206,-0.133,0.014,0.019,-0.036,0.013,-0.019,0.013,-0.002,0.016,0.075,-0.051,0.013,-0.021,0.013,-0.062,,,,,,0.199,0.167,-0.094,0.199,0.199,0.1,0,0,0,0,0,0,0,0,,,,,,,,,-0.092,0.079,-0.092,0.079,0,0,0,0,0,0,0,0,,,,,,,,,,,,,,,,,,,,,,,,,,,,,,,,,,,,,,,,,,,,,,,,,,,,,,,,,,,,,,,,,,,,,,,,,,,,,,,,,,,,,,0
